set O:= 0 1;
set N:= 13 14 15 16 33 37 62 63 75 76 77 80 84 89 96 98 104 105 108 119;
set M:= 123 126 137 140 147;
set K:= 1 2 3;
param D:= 100;
param Q:= 540;
param v:= 2000000;
param f:= 
123 26037
126 68517
137 27856
140 48596
147 45000
;
param:	xcoord ycoord w q:=
0 -32.75044 -70.72613 0 1 
1 -33.0433 -71.624 0 1 
13 -32.34055 -71.17481 99 1 
14 -32.51115 -71.42049 30 1 
15 -32.44511 -71.32299 71 1 
16 -32.21823 -70.82151 78 1 
33 -32.62252 -70.72251 72 1 
37 -32.81691 -70.71195 53 1 
62 -32.76924 -70.56035 84 1 
63 -32.76227 -70.50125 44 1 
75 -32.91508 -71.49869 66 1 
76 -32.93269 -71.43975 112 1 
77 -32.9314 -71.47561 30 1 
80 -32.63102 -71.41979 41 1 
84 -32.86028 -71.45447 70 1 
89 -33.10385 -71.66487 64 1 
96 -32.99633 -71.50138 105 1 
98 -32.98749 -71.50073 83 1 
104 -33.61332 -71.40226 39 1 
105 -33.53115 -71.54035 119 1 
108 -33.44564 -71.67852 41 1 
119 -33.8283 -71.64323 81 1 
123 -32.88254 -71.09009 0 1 
126 -32.25311 -70.93619 0 1 
137 -32.91915 -71.52057 0 1 
140 -32.93024 -71.55027 0 1 
147 -33.32534 -71.38598 0 1 
;
param d[*,*]
#distancia de viaje entre puentes
: 13 14 15 16 33 37 62 63 75 76 77 80 84 89 96 98 104 105 108 119:=
13 0.0 41.0 29.0 50.0 85.0 111.0 120.0 127.0 94.0 93.0 96.0 55.0 83.0 128.0 106.0 103.0 184.0 174.0 172.0 218.0
14 42.0 0.0 12.0 83.0 108.0 115.0 127.0 134.0 63.0 62.0 65.0 24.0 52.0 98.0 76.0 72.0 165.0 154.0 148.0 199.0
15 30.0 12.0 0.0 71.0 96.0 103.0 115.0 123.0 75.0 74.0 78.0 36.0 65.0 110.0 88.0 84.0 166.0 155.0 154.0 199.0
16 49.0 83.0 70.0 0.0 61.0 87.0 96.0 103.0 135.0 134.0 137.0 96.0 124.0 170.0 147.0 144.0 226.0 215.0 213.0 259.0
33 85.0 107.0 95.0 61.0 0.0 26.0 35.0 42.0 112.0 104.0 107.0 111.0 111.0 143.0 118.0 114.0 184.0 180.0 179.0 225.0
37 111.0 115.0 103.0 87.0 26.0 0.0 20.0 27.0 104.0 96.0 100.0 104.0 103.0 135.0 110.0 107.0 162.0 169.0 171.0 204.0
62 120.0 127.0 115.0 96.0 35.0 20.0 0.0 7.0 116.0 108.0 112.0 116.0 115.0 147.0 122.0 119.0 169.0 177.0 183.0 212.0
63 127.0 134.0 122.0 103.0 42.0 27.0 7.0 0.0 123.0 115.0 119.0 123.0 122.0 154.0 129.0 126.0 176.0 184.0 190.0 219.0
75 95.0 64.0 76.0 136.0 112.0 104.0 116.0 123.0 0.0 8.0 6.0 40.0 11.0 35.0 13.0 10.0 102.0 92.0 86.0 136.0
76 94.0 63.0 75.0 135.0 104.0 96.0 108.0 115.0 8.0 0.0 3.0 39.0 10.0 39.0 14.0 10.0 103.0 93.0 87.0 137.0
77 97.0 66.0 79.0 139.0 107.0 100.0 112.0 119.0 9.0 4.0 0.0 42.0 13.0 40.0 15.0 12.0 105.0 94.0 88.0 139.0
80 55.0 24.0 36.0 96.0 110.0 102.0 114.0 122.0 39.0 38.0 41.0 0.0 28.0 74.0 51.0 48.0 141.0 130.0 124.0 175.0
84 84.0 53.0 65.0 125.0 111.0 103.0 115.0 122.0 10.0 10.0 13.0 29.0 0.0 45.0 23.0 20.0 113.0 102.0 96.0 146.0
89 130.0 99.0 111.0 171.0 143.0 135.0 147.0 154.0 35.0 39.0 39.0 75.0 46.0 0.0 28.0 29.0 87.0 76.0 70.0 120.0
96 105.0 74.0 86.0 146.0 115.0 108.0 120.0 127.0 10.0 12.0 13.0 50.0 21.0 30.0 0.0 2.0 94.0 84.0 78.0 128.0
98 104.0 73.0 85.0 145.0 114.0 106.0 118.0 126.0 9.0 10.0 12.0 49.0 20.0 28.0 4.0 0.0 93.0 82.0 76.0 127.0
104 184.0 165.0 166.0 226.0 190.0 175.0 182.0 189.0 102.0 103.0 104.0 142.0 112.0 90.0 92.0 92.0 0.0 18.0 38.0 53.0
105 173.0 154.0 154.0 214.0 179.0 171.0 179.0 186.0 91.0 91.0 93.0 130.0 101.0 78.0 81.0 81.0 18.0 0.0 21.0 48.0
108 172.0 148.0 153.0 213.0 178.0 170.0 183.0 190.0 85.0 86.0 87.0 124.0 95.0 72.0 75.0 75.0 39.0 21.0 0.0 55.0
119 217.0 198.0 198.0 259.0 223.0 208.0 215.0 222.0 135.0 136.0 137.0 174.0 145.0 123.0 125.0 125.0 53.0 47.0 56.0 0.0

#distancia viaje entre puentes y alojamientos
: 123 126 137 140 147:=
13 79.0 38.0 96.0 100.0 144.0
14 72.0 71.0 65.0 69.0 126.0
15 60.0 59.0 78.0 81.0 125.0
16 120.0 12.0 137.0 141.0 185.0
33 63.0 74.0 112.0 116.0 150.0
37 55.0 99.0 105.0 109.0 141.0
62 67.0 109.0 116.0 120.0 148.0
63 74.0 115.0 123.0 127.0 155.0
75 59.0 125.0 2.0 6.0 63.0
76 51.0 124.0 8.0 12.0 64.0
77 55.0 127.0 10.0 14.0 65.0
80 59.0 85.0 41.0 45.0 101.0
84 58.0 114.0 13.0 17.0 73.0
89 90.0 160.0 34.0 31.0 47.0
96 63.0 135.0 10.0 12.0 55.0
98 61.0 134.0 9.0 11.0 53.0
104 138.0 214.0 98.0 96.0 46.0
105 127.0 203.0 87.0 85.0 35.0
108 126.0 202.0 81.0 79.0 40.0
119 171.0 247.0 131.0 129.0 79.0

#distancia entre alojamientos y puentes
: 13 14 15 16 33 37 62 63 75 76 77 80 84 89 96 98 104 105 108 119:=
123 78.0 72.0 60.0 120.0 63.0 55.0 68.0 75.0 59.0 52.0 55.0 60.0 59.0 90.0 65.0 62.0 139.0 128.0 127.0 172.0
126 38.0 71.0 59.0 13.0 74.0 99.0 109.0 116.0 123.0 122.0 125.0 84.0 112.0 158.0 136.0 132.0 214.0 203.0 202.0 247.0
137 97.0 66.0 79.0 139.0 112.0 104.0 116.0 123.0 2.0 8.0 6.0 42.0 14.0 34.0 12.0 10.0 99.0 88.0 82.0 132.0
140 101.0 70.0 82.0 142.0 116.0 108.0 120.0 127.0 6.0 12.0 10.0 46.0 17.0 31.0 13.0 10.0 96.0 86.0 80.0 130.0
147 143.0 125.0 124.0 184.0 149.0 141.0 152.0 159.0 61.0 62.0 64.0 101.0 72.0 49.0 51.0 52.0 46.0 35.0 41.0 80.0

#distancia entre depositos y puentes
: 13 14 15 16 33 37 62 63 75 76 77 80 84 89 96 98 104 105 108 119:=
0 101.0 108.0 96.0 77.0 16.0 11.0 20.0 27.0 97.0 89.0 92.0 96.0 96.0 128.0 103.0 99.0 170.0 165.0 164.0 210.0
1 118.0 87.0 100.0 160.0 131.0 123.0 135.0 143.0 24.0 27.0 27.0 63.0 35.0 12.0 16.0 17.0 85.0 74.0 68.0 119.0

#distancia entre puentes y depositos
: 0 1:=
13 101.0 117.0
14 108.0 86.0
15 96.0 99.0
16 77.0 158.0
33 16.0 131.0
37 11.0 124.0
62 20.0 136.0
63 27.0 143.0
75 96.0 24.0
76 89.0 27.0
77 92.0 29.0
80 95.0 62.0
84 95.0 34.0
89 127.0 12.0
96 100.0 18.0
98 99.0 17.0
104 175.0 85.0
105 164.0 73.0
108 163.0 67.0
119 208.0 118.0

;