set O:= 0 1;
set N:= 2 8 13 22 25 37 44 48 49 51 52 57 62 63 70 71 75 76 78 88 92 98 107 108 114;
set M:= 122 123 127 129 131 134 140 143 144 146;
set K:= 1 2 3 4 5;
param D:= 100;
param Q:= 540;
param v:= 2000000;
param f:= 
122 24000
123 26037
127 25694
129 42028
131 73862
134 96841
140 48596
143 48720
144 52000
146 78000
;
param:	xcoord ycoord w q:=
0 -32.75044 -70.72613 0 1 
1 -33.0433 -71.624 0 1 
2 -32.5191 -70.92373 38 1 
8 -32.44708 -71.19315 110 1 
13 -32.34055 -71.17481 99 1 
22 -32.75643 -70.94537 48 1 
25 -32.86219 -70.89013 69 1 
37 -32.81691 -70.71195 53 1 
44 -32.76742 -70.61154 38 1 
48 -32.88608 -70.59211 103 1 
49 -32.90731 -70.28602 104 1 
51 -32.90645 -70.28716 50 1 
52 -32.90338 -70.26912 86 1 
57 -32.89552 -70.6746 98 1 
62 -32.76924 -70.56035 84 1 
63 -32.76227 -70.50125 44 1 
70 -33.29115 -71.47716 94 1 
71 -33.29475 -71.41066 32 1 
75 -32.91508 -71.49869 66 1 
76 -32.93269 -71.43975 112 1 
78 -32.93288 -71.46643 63 1 
88 -32.80869 -71.44189 36 1 
92 -33.58655 -71.52943 57 1 
98 -32.98749 -71.50073 83 1 
107 -33.42116 -71.69462 116 1 
108 -33.44564 -71.67852 41 1 
114 -33.63163 -71.61037 97 1 
122 -32.77961 -70.95976 0 1 
123 -32.88254 -71.09009 0 1 
127 -32.24898 -70.9333 0 1 
129 -32.44456 -71.22894 0 1 
131 -33.65502 -71.62965 0 1 
134 -33.61172 -71.60733 0 1 
140 -32.93024 -71.55027 0 1 
143 -32.78349 -71.53032 0 1 
144 -32.77144 -71.53401 0 1 
146 -33.38843 -71.53636 0 1 
;
param d[*,*]
#distancia de viaje entre puentes
: 2 8 13 22 25 37 44 48 49 51 52 57 62 63 70 71 75 76 78 88 92 98 107 108 114:=
2 0.0 41.0 42.0 50.0 70.0 69.0 72.0 82.0 110.0 110.0 112.0 77.0 79.0 86.0 158.0 159.0 116.0 115.0 118.0 99.0 200.0 126.0 190.0 193.0 210.0
8 41.0 0.0 20.0 79.0 77.0 107.0 112.0 120.0 149.0 149.0 151.0 115.0 119.0 126.0 122.0 122.0 78.0 77.0 80.0 61.0 164.0 88.0 154.0 157.0 174.0
13 42.0 20.0 0.0 92.0 93.0 111.0 113.0 124.0 152.0 152.0 154.0 119.0 120.0 127.0 138.0 138.0 94.0 93.0 95.0 77.0 179.0 103.0 169.0 172.0 189.0
22 50.0 78.0 92.0 0.0 20.0 40.0 46.0 54.0 82.0 82.0 84.0 48.0 52.0 59.0 109.0 109.0 76.0 68.0 71.0 72.0 150.0 79.0 140.0 143.0 160.0
25 70.0 77.0 92.0 20.0 0.0 46.0 52.0 53.0 88.0 88.0 90.0 44.0 58.0 65.0 108.0 108.0 75.0 67.0 70.0 70.0 149.0 78.0 139.0 142.0 159.0
37 69.0 106.0 111.0 40.0 47.0 0.0 21.0 17.0 47.0 47.0 49.0 11.0 20.0 27.0 137.0 137.0 104.0 96.0 99.0 100.0 175.0 107.0 168.0 171.0 183.0
44 71.0 112.0 113.0 45.0 52.0 20.0 0.0 18.0 44.0 44.0 46.0 22.0 8.0 15.0 142.0 142.0 110.0 102.0 104.0 105.0 183.0 112.0 174.0 177.0 193.0
48 83.0 120.0 124.0 54.0 52.0 17.0 18.0 0.0 40.0 40.0 42.0 9.0 15.0 22.0 141.0 141.0 118.0 110.0 113.0 113.0 172.0 120.0 172.0 173.0 181.0
49 135.0 174.0 177.0 108.0 115.0 73.0 69.0 66.0 0.0 1.0 2.0 71.0 65.0 72.0 203.0 203.0 172.0 164.0 167.0 167.0 235.0 174.0 234.0 235.0 243.0
51 109.0 148.0 151.0 82.0 89.0 47.0 44.0 40.0 4.0 0.0 2.0 46.0 39.0 46.0 177.0 178.0 146.0 139.0 141.0 142.0 209.0 149.0 208.0 209.0 217.0
52 133.0 172.0 175.0 106.0 113.0 71.0 68.0 64.0 2.0 3.0 0.0 70.0 63.0 70.0 201.0 202.0 170.0 162.0 165.0 166.0 233.0 173.0 232.0 233.0 241.0
57 77.0 114.0 119.0 48.0 44.0 11.0 22.0 9.0 46.0 46.0 48.0 0.0 19.0 26.0 132.0 132.0 112.0 105.0 107.0 108.0 164.0 115.0 163.0 164.0 172.0
62 78.0 118.0 120.0 52.0 58.0 20.0 8.0 15.0 40.0 40.0 41.0 19.0 0.0 7.0 149.0 149.0 116.0 108.0 111.0 112.0 182.0 119.0 180.0 183.0 191.0
63 85.0 125.0 127.0 59.0 65.0 27.0 15.0 22.0 47.0 47.0 49.0 26.0 7.0 0.0 156.0 156.0 123.0 115.0 118.0 119.0 189.0 126.0 187.0 190.0 198.0
70 158.0 122.0 138.0 108.0 106.0 136.0 142.0 142.0 178.0 178.0 180.0 133.0 148.0 155.0 0.0 10.0 55.0 56.0 54.0 72.0 41.0 46.0 32.0 35.0 52.0
71 158.0 122.0 138.0 108.0 107.0 136.0 142.0 142.0 178.0 178.0 180.0 133.0 148.0 155.0 10.0 0.0 56.0 57.0 55.0 73.0 42.0 47.0 41.0 43.0 53.0
75 117.0 79.0 95.0 76.0 74.0 104.0 110.0 118.0 146.0 146.0 148.0 112.0 116.0 123.0 56.0 57.0 0.0 8.0 5.0 17.0 97.0 10.0 82.0 86.0 107.0
76 116.0 78.0 94.0 68.0 67.0 96.0 102.0 110.0 138.0 138.0 140.0 104.0 108.0 115.0 57.0 58.0 8.0 0.0 3.0 16.0 98.0 10.0 83.0 87.0 108.0
78 119.0 81.0 96.0 71.0 69.0 99.0 105.0 112.0 141.0 141.0 143.0 107.0 111.0 118.0 55.0 56.0 5.0 3.0 0.0 19.0 96.0 9.0 81.0 85.0 106.0
88 100.0 62.0 78.0 71.0 69.0 99.0 105.0 112.0 141.0 141.0 143.0 107.0 111.0 118.0 72.0 74.0 17.0 16.0 18.0 0.0 114.0 26.0 99.0 102.0 124.0
92 199.0 163.0 178.0 149.0 147.0 177.0 183.0 175.0 211.0 211.0 213.0 166.0 185.0 192.0 41.0 42.0 96.0 97.0 95.0 113.0 0.0 87.0 29.0 26.0 16.0
98 126.0 89.0 104.0 79.0 77.0 106.0 112.0 120.0 149.0 148.0 150.0 115.0 118.0 126.0 46.0 48.0 9.0 10.0 8.0 26.0 88.0 0.0 73.0 76.0 98.0
107 189.0 154.0 169.0 140.0 138.0 167.0 173.0 173.0 210.0 209.0 211.0 164.0 180.0 187.0 31.0 41.0 82.0 82.0 81.0 98.0 29.0 72.0 0.0 3.0 30.0
108 192.0 157.0 172.0 143.0 141.0 170.0 177.0 175.0 211.0 211.0 213.0 166.0 183.0 190.0 35.0 42.0 85.0 86.0 84.0 102.0 25.0 75.0 3.0 0.0 27.0
114 209.0 173.0 188.0 159.0 157.0 185.0 193.0 183.0 219.0 219.0 221.0 174.0 193.0 200.0 51.0 52.0 106.0 107.0 105.0 123.0 15.0 96.0 30.0 27.0 0.0

#distancia viaje entre puentes y alojamientos
: 122 123 127 129 131 134 140 143 144 146:=
2 53.0 78.0 55.0 43.0 214.0 208.0 123.0 108.0 109.0 180.0
8 76.0 63.0 51.0 5.0 178.0 172.0 85.0 70.0 71.0 144.0
13 91.0 79.0 39.0 21.0 193.0 187.0 100.0 85.0 87.0 159.0
22 4.0 29.0 105.0 74.0 164.0 158.0 81.0 82.0 83.0 130.0
25 16.0 26.0 123.0 73.0 163.0 157.0 79.0 81.0 82.0 129.0
37 37.0 55.0 99.0 102.0 187.0 183.0 109.0 110.0 111.0 156.0
44 42.0 61.0 101.0 108.0 197.0 192.0 114.0 115.0 117.0 163.0
48 50.0 69.0 113.0 116.0 185.0 180.0 122.0 124.0 125.0 154.0
49 104.0 123.0 165.0 170.0 247.0 243.0 176.0 178.0 179.0 216.0
51 79.0 97.0 139.0 144.0 221.0 217.0 151.0 152.0 153.0 191.0
52 103.0 121.0 163.0 168.0 245.0 241.0 175.0 176.0 177.0 215.0
57 45.0 64.0 107.0 110.0 176.0 172.0 117.0 118.0 120.0 145.0
62 48.0 67.0 108.0 114.0 194.0 190.0 120.0 122.0 123.0 164.0
63 55.0 74.0 115.0 121.0 201.0 197.0 127.0 129.0 130.0 171.0
70 105.0 92.0 168.0 118.0 55.0 49.0 49.0 76.0 78.0 21.0
71 105.0 92.0 168.0 118.0 57.0 50.0 51.0 78.0 79.0 24.0
75 73.0 59.0 125.0 75.0 111.0 105.0 6.0 21.0 23.0 77.0
76 65.0 51.0 124.0 74.0 112.0 106.0 12.0 27.0 28.0 78.0
78 68.0 54.0 127.0 77.0 110.0 104.0 10.0 26.0 28.0 76.0
88 68.0 55.0 108.0 58.0 128.0 122.0 23.0 11.0 12.0 94.0
92 146.0 132.0 209.0 159.0 20.0 14.0 90.0 117.0 119.0 36.0
98 75.0 61.0 134.0 84.0 102.0 96.0 11.0 30.0 32.0 67.0
107 136.0 123.0 199.0 149.0 34.0 28.0 76.0 103.0 104.0 18.0
108 140.0 126.0 203.0 153.0 30.0 24.0 79.0 106.0 107.0 17.0
114 156.0 142.0 219.0 169.0 4.0 2.0 100.0 127.0 129.0 40.0

#distancia entre alojamientos y puentes
: 2 8 13 22 25 37 44 48 49 51 52 57 62 63 70 71 75 76 78 88 92 98 107 108 114:=
122 53.0 76.0 91.0 3.0 16.0 37.0 43.0 50.0 79.0 79.0 81.0 45.0 49.0 56.0 106.0 106.0 73.0 66.0 68.0 69.0 147.0 76.0 138.0 141.0 158.0
123 79.0 63.0 78.0 29.0 26.0 55.0 61.0 69.0 98.0 98.0 99.0 64.0 68.0 75.0 92.0 92.0 59.0 52.0 54.0 56.0 133.0 62.0 124.0 127.0 144.0
127 55.0 51.0 38.0 105.0 123.0 99.0 102.0 112.0 140.0 140.0 142.0 107.0 109.0 116.0 168.0 168.0 124.0 123.0 125.0 107.0 209.0 133.0 199.0 203.0 219.0
129 43.0 5.0 20.0 75.0 73.0 103.0 109.0 116.0 145.0 145.0 147.0 111.0 115.0 122.0 118.0 118.0 74.0 73.0 76.0 57.0 160.0 83.0 150.0 153.0 170.0
131 212.0 177.0 192.0 163.0 161.0 189.0 197.0 186.0 223.0 223.0 225.0 178.0 196.0 203.0 55.0 56.0 110.0 111.0 109.0 127.0 19.0 100.0 34.0 31.0 4.0
134 206.0 170.0 186.0 157.0 155.0 184.0 190.0 182.0 219.0 219.0 221.0 174.0 192.0 199.0 48.0 49.0 103.0 104.0 102.0 120.0 13.0 94.0 28.0 25.0 2.0
140 123.0 86.0 101.0 80.0 78.0 108.0 114.0 122.0 150.0 150.0 152.0 116.0 120.0 127.0 50.0 51.0 6.0 12.0 9.0 24.0 91.0 10.0 77.0 80.0 101.0
143 109.0 71.0 87.0 81.0 80.0 109.0 115.0 123.0 151.0 151.0 153.0 117.0 121.0 128.0 77.0 79.0 21.0 27.0 27.0 11.0 118.0 31.0 104.0 107.0 129.0
144 110.0 73.0 88.0 82.0 81.0 110.0 116.0 124.0 153.0 152.0 154.0 119.0 122.0 129.0 78.0 80.0 23.0 28.0 28.0 12.0 120.0 33.0 105.0 108.0 130.0
146 180.0 144.0 160.0 130.0 129.0 158.0 164.0 157.0 194.0 194.0 196.0 149.0 167.0 174.0 22.0 24.0 77.0 78.0 76.0 94.0 36.0 68.0 18.0 19.0 40.0

#distancia entre depositos y puentes
: 2 8 13 22 25 37 44 48 49 51 52 57 62 63 70 71 75 76 78 88 92 98 107 108 114:=
0 60.0 99.0 101.0 33.0 39.0 11.0 14.0 23.0 51.0 51.0 53.0 19.0 20.0 27.0 129.0 130.0 97.0 89.0 92.0 92.0 171.0 99.0 161.0 164.0 181.0
1 141.0 103.0 118.0 96.0 94.0 123.0 129.0 135.0 166.0 165.0 167.0 127.0 135.0 143.0 38.0 40.0 24.0 27.0 25.0 41.0 80.0 17.0 65.0 68.0 90.0

#distancia entre puentes y depositos
: 0 1:=
2 59.0 140.0
8 99.0 102.0
13 101.0 117.0
22 33.0 96.0
25 38.0 94.0
37 11.0 124.0
44 13.0 129.0
48 24.0 134.0
49 77.0 191.0
51 51.0 166.0
52 75.0 190.0
57 19.0 125.0
62 20.0 136.0
63 27.0 143.0
70 128.0 38.0
71 129.0 39.0
75 96.0 24.0
76 89.0 27.0
78 91.0 25.0
88 91.0 40.0
92 169.0 79.0
98 99.0 17.0
107 160.0 64.0
108 163.0 67.0
114 179.0 89.0

;