set O:= 0 1;
set N:= 2 16 28 32 36 37 39 51 52 63 69 70 73 75 76 89 93 105 108 119;
set M:= 122 128 130 140 144;
set K:= 1 2 3;
param D:= 100;
param Q:= 540;
param v:= 2000000;
param f:= 
122 24000
128 39740
130 45000
140 48596
144 52000
;
param:	xcoord ycoord w q:=
0 -32.75044 -70.72613 0 1 
1 -33.0433 -71.624 0 1 
2 -32.5191 -70.92373 38 1 
16 -32.21823 -70.82151 78 1 
28 -32.86292 -70.94795 99 1 
32 -32.66447 -70.697 94 1 
36 -32.83944 -71.00021 66 1 
37 -32.81691 -70.71195 53 1 
39 -32.74002 -70.64044 105 1 
51 -32.90645 -70.28716 50 1 
52 -32.90338 -70.26912 86 1 
63 -32.76227 -70.50125 44 1 
69 -33.37956 -71.38904 76 1 
70 -33.29115 -71.47716 94 1 
73 -33.20765 -71.57225 80 1 
75 -32.91508 -71.49869 66 1 
76 -32.93269 -71.43975 112 1 
89 -33.10385 -71.66487 64 1 
93 -33.01883 -71.50131 58 1 
105 -33.53115 -71.54035 119 1 
108 -33.44564 -71.67852 41 1 
119 -33.8283 -71.64323 81 1 
122 -32.77961 -70.95976 0 1 
128 -32.43019 -71.07467 0 1 
130 -33.65802 -71.56785 0 1 
140 -32.93024 -71.55027 0 1 
144 -32.77144 -71.53401 0 1 
;
param d[*,*]
#distancia de viaje entre puentes
: 2 16 28 32 36 37 39 51 52 63 69 70 73 75 76 89 93 105 108 119:=
2 0.0 48.0 66.0 50.0 63.0 69.0 69.0 110.0 112.0 86.0 169.0 158.0 160.0 116.0 115.0 151.0 130.0 194.0 193.0 239.0
16 48.0 0.0 112.0 68.0 109.0 87.0 86.0 128.0 130.0 103.0 189.0 179.0 178.0 135.0 134.0 170.0 149.0 215.0 213.0 259.0
28 66.0 111.0 0.0 48.0 9.0 43.0 45.0 85.0 87.0 62.0 114.0 104.0 108.0 71.0 63.0 102.0 78.0 140.0 138.0 184.0
32 50.0 68.0 49.0 0.0 45.0 24.0 23.0 65.0 66.0 40.0 152.0 142.0 146.0 110.0 102.0 140.0 117.0 178.0 177.0 223.0
36 64.0 109.0 8.0 46.0 0.0 40.0 43.0 82.0 84.0 60.0 111.0 101.0 105.0 68.0 60.0 99.0 76.0 137.0 135.0 181.0
37 69.0 87.0 43.0 24.0 40.0 0.0 17.0 47.0 49.0 27.0 143.0 137.0 141.0 104.0 96.0 135.0 111.0 169.0 171.0 204.0
39 68.0 86.0 46.0 23.0 42.0 17.0 0.0 48.0 50.0 18.0 149.0 139.0 143.0 106.0 99.0 137.0 114.0 175.0 174.0 219.0
51 109.0 127.0 85.0 64.0 82.0 47.0 47.0 0.0 2.0 46.0 177.0 177.0 183.0 146.0 139.0 177.0 154.0 204.0 209.0 239.0
52 133.0 151.0 109.0 88.0 106.0 71.0 71.0 3.0 0.0 70.0 201.0 201.0 207.0 170.0 162.0 201.0 177.0 228.0 233.0 263.0
63 85.0 103.0 62.0 40.0 59.0 27.0 18.0 47.0 49.0 0.0 158.0 156.0 160.0 123.0 115.0 154.0 130.0 184.0 190.0 219.0
69 168.0 189.0 113.0 152.0 112.0 146.0 148.0 180.0 182.0 160.0 0.0 16.0 37.0 66.0 67.0 54.0 53.0 30.0 37.0 74.0
70 158.0 179.0 103.0 141.0 102.0 136.0 138.0 178.0 180.0 155.0 16.0 0.0 25.0 55.0 56.0 43.0 41.0 36.0 35.0 80.0
73 160.0 179.0 106.0 145.0 106.0 140.0 142.0 182.0 184.0 159.0 36.0 25.0 0.0 43.0 44.0 31.0 29.0 61.0 43.0 99.0
75 117.0 136.0 71.0 109.0 70.0 104.0 106.0 146.0 148.0 123.0 67.0 56.0 43.0 0.0 8.0 35.0 14.0 92.0 86.0 136.0
76 116.0 135.0 63.0 102.0 62.0 96.0 98.0 138.0 140.0 115.0 68.0 57.0 44.0 8.0 0.0 39.0 15.0 93.0 87.0 137.0
89 153.0 171.0 102.0 141.0 101.0 135.0 137.0 177.0 179.0 154.0 51.0 40.0 28.0 35.0 39.0 0.0 27.0 76.0 70.0 120.0
93 131.0 150.0 77.0 116.0 77.0 111.0 113.0 153.0 155.0 130.0 53.0 42.0 30.0 13.0 15.0 27.0 0.0 78.0 72.0 122.0
105 193.0 214.0 138.0 177.0 137.0 171.0 174.0 206.0 208.0 186.0 29.0 36.0 61.0 91.0 91.0 78.0 77.0 0.0 21.0 48.0
108 192.0 213.0 137.0 176.0 136.0 170.0 173.0 211.0 213.0 190.0 36.0 35.0 43.0 85.0 86.0 72.0 71.0 21.0 0.0 55.0
119 237.0 259.0 182.0 221.0 181.0 208.0 218.0 242.0 244.0 222.0 73.0 80.0 99.0 135.0 136.0 123.0 121.0 47.0 56.0 0.0

#distancia viaje entre puentes y alojamientos
: 122 128 130 140 144:=
2 53.0 24.0 216.0 123.0 109.0
16 99.0 45.0 236.0 141.0 128.0
28 13.0 87.0 161.0 75.0 78.0
32 37.0 74.0 200.0 114.0 117.0
36 11.0 85.0 158.0 73.0 75.0
37 37.0 93.0 180.0 109.0 111.0
39 39.0 92.0 194.0 111.0 114.0
51 79.0 133.0 215.0 151.0 153.0
52 103.0 157.0 239.0 175.0 177.0
63 55.0 109.0 195.0 127.0 130.0
69 115.0 146.0 51.0 60.0 89.0
70 105.0 136.0 57.0 49.0 78.0
73 109.0 137.0 76.0 37.0 66.0
75 73.0 94.0 113.0 6.0 23.0
76 65.0 93.0 114.0 12.0 28.0
89 104.0 129.0 98.0 31.0 58.0
93 80.0 107.0 99.0 15.0 36.0
105 141.0 172.0 25.0 85.0 113.0
108 140.0 171.0 32.0 79.0 107.0
119 185.0 216.0 37.0 129.0 157.0

#distancia entre alojamientos y puentes
: 2 16 28 32 36 37 39 51 52 63 69 70 73 75 76 89 93 105 108 119:=
122 53.0 99.0 13.0 37.0 10.0 37.0 39.0 79.0 81.0 56.0 116.0 106.0 110.0 73.0 66.0 104.0 81.0 142.0 141.0 186.0
128 24.0 45.0 88.0 74.0 87.0 93.0 92.0 134.0 135.0 109.0 147.0 137.0 136.0 92.0 91.0 127.0 106.0 173.0 171.0 217.0
130 214.0 236.0 159.0 198.0 158.0 183.0 195.0 217.0 219.0 197.0 50.0 57.0 76.0 112.0 113.0 100.0 98.0 24.0 33.0 37.0
140 123.0 142.0 75.0 113.0 74.0 108.0 110.0 150.0 152.0 127.0 61.0 50.0 37.0 6.0 12.0 31.0 14.0 86.0 80.0 130.0
144 110.0 129.0 77.0 116.0 76.0 110.0 113.0 152.0 154.0 129.0 90.0 78.0 66.0 23.0 28.0 58.0 37.0 114.0 108.0 159.0

#distancia entre depositos y puentes
: 2 16 28 32 36 37 39 51 52 63 69 70 73 75 76 89 93 105 108 119:=
0 60.0 77.0 36.0 14.0 33.0 11.0 10.0 51.0 53.0 27.0 140.0 129.0 133.0 97.0 89.0 128.0 104.0 165.0 164.0 210.0
1 141.0 160.0 90.0 129.0 89.0 123.0 126.0 165.0 167.0 143.0 50.0 38.0 26.0 24.0 27.0 12.0 15.0 74.0 68.0 119.0

#distancia entre puentes y depositos
: 0 1:=
2 59.0 140.0
16 77.0 158.0
28 35.0 91.0
32 14.0 129.0
36 33.0 88.0
37 11.0 124.0
39 10.0 126.0
51 51.0 166.0
52 75.0 190.0
63 27.0 143.0
69 138.0 49.0
70 128.0 38.0
73 132.0 26.0
75 96.0 24.0
76 89.0 27.0
89 127.0 12.0
93 103.0 15.0
105 164.0 73.0
108 163.0 67.0
119 208.0 118.0

;