set O:= 0 1;
set N:= 3 16 21 49 62 63 77 98 103 115;
set M:= 126 127 131 147;
set K:= 1 2 3;
param D:= 100;
param Q:= 540;
param v:= 2000000;
param f:= 
126 68517
127 25694
131 73862
147 45000
;
param:	xcoord ycoord w q:=
0 -32.75044 -70.72613 0 1 
1 -33.0433 -71.624 0 1 
3 -32.35092 -70.79153 105 1 
16 -32.21823 -70.82151 78 1 
21 -32.80094 -70.95847 94 1 
49 -32.90731 -70.28602 104 1 
62 -32.76924 -70.56035 84 1 
63 -32.76227 -70.50125 44 1 
77 -32.9314 -71.47561 30 1 
98 -32.98749 -71.50073 83 1 
103 -33.35491 -71.65289 40 1 
115 -33.93803 -71.7365 56 1 
126 -32.25311 -70.93619 0 1 
127 -32.24898 -70.9333 0 1 
131 -33.65502 -71.62965 0 1 
147 -33.32534 -71.38598 0 1 
;
param d[*,*]
#distancia de viaje entre puentes
: 3 16 21 49 62 63 77 98 103 115:=
3 0.0 19.0 83.0 110.0 78.0 85.0 129.0 136.0 192.0 269.0
16 19.0 0.0 101.0 128.0 96.0 103.0 137.0 144.0 201.0 278.0
21 83.0 101.0 0.0 77.0 46.0 53.0 67.0 74.0 126.0 203.0
49 135.0 153.0 102.0 0.0 65.0 72.0 168.0 174.0 225.0 274.0
62 78.0 96.0 46.0 40.0 0.0 7.0 112.0 119.0 171.0 222.0
63 85.0 103.0 53.0 47.0 7.0 0.0 119.0 126.0 178.0 229.0
77 130.0 139.0 68.0 142.0 112.0 119.0 0.0 12.0 76.0 157.0
98 137.0 145.0 74.0 149.0 118.0 126.0 12.0 0.0 64.0 145.0
103 192.0 201.0 126.0 200.0 170.0 177.0 75.0 63.0 0.0 87.0
115 268.0 277.0 202.0 252.0 225.0 232.0 156.0 144.0 87.0 0.0

#distancia viaje entre puentes y alojamientos
: 126 127 131 147:=
3 32.0 31.0 226.0 177.0
16 12.0 12.0 234.0 185.0
21 110.0 110.0 160.0 110.0
49 165.0 165.0 247.0 201.0
62 109.0 108.0 194.0 148.0
63 115.0 115.0 201.0 155.0
77 127.0 128.0 114.0 65.0
98 134.0 134.0 102.0 53.0
103 189.0 190.0 44.0 33.0
115 265.0 266.0 48.0 97.0

#distancia entre alojamientos y puentes
: 3 16 21 49 62 63 77 98 103 115:=
126 32.0 13.0 110.0 140.0 109.0 116.0 125.0 132.0 189.0 266.0
127 31.0 12.0 110.0 140.0 109.0 116.0 126.0 133.0 190.0 267.0
131 225.0 234.0 159.0 223.0 196.0 203.0 112.0 100.0 43.0 48.0
147 175.0 184.0 109.0 179.0 152.0 159.0 64.0 52.0 33.0 98.0

#distancia entre depositos y puentes
: 3 16 21 49 62 63 77 98 103 115:=
0 59.0 77.0 27.0 51.0 20.0 27.0 92.0 99.0 151.0 222.0
1 151.0 160.0 91.0 166.0 135.0 143.0 27.0 17.0 55.0 137.0

#distancia entre puentes y depositos
: 0 1:=
3 59.0 150.0
16 77.0 158.0
21 27.0 91.0
49 77.0 191.0
62 20.0 136.0
63 27.0 143.0
77 92.0 29.0
98 99.0 17.0
103 150.0 55.0
115 225.0 136.0

;