set O:= 0 1;
set N:= 4 25 49 73 76 77 80 81 101 114;
set M:= 126 130 143 144;
set K:= 1 2 3;
param D:= 100;
param Q:= 540;
param v:= 2000000;
param f:= 
126 68517
130 45000
143 48720
144 52000
;
param:	xcoord ycoord w q:=
0 -32.75044 -70.72613 0 1 
1 -33.0433 -71.624 0 1 
4 -32.44056 -71.00665 106 1 
25 -32.86219 -70.89013 69 1 
49 -32.90731 -70.28602 104 1 
73 -33.20765 -71.57225 80 1 
76 -32.93269 -71.43975 112 1 
77 -32.9314 -71.47561 30 1 
80 -32.63102 -71.41979 41 1 
81 -32.68399 -71.39191 70 1 
101 -33.34522 -71.64882 59 1 
114 -33.63163 -71.61037 97 1 
126 -32.25311 -70.93619 0 1 
130 -33.65802 -71.56785 0 1 
143 -32.78349 -71.53032 0 1 
144 -32.77144 -71.53401 0 1 
;
param d[*,*]
#distancia de viaje entre puentes
: 4 25 49 73 76 77 80 81 101 114:=
4 0.0 85.0 126.0 144.0 100.0 103.0 62.0 73.0 166.0 196.0
25 85.0 0.0 88.0 112.0 67.0 71.0 75.0 69.0 128.0 159.0
49 151.0 115.0 0.0 209.0 164.0 168.0 171.0 166.0 224.0 243.0
73 145.0 110.0 182.0 0.0 44.0 45.0 83.0 77.0 29.0 70.0
76 101.0 67.0 138.0 44.0 0.0 3.0 39.0 33.0 73.0 108.0
77 104.0 70.0 142.0 46.0 4.0 0.0 42.0 37.0 74.0 110.0
80 62.0 73.0 145.0 82.0 38.0 41.0 0.0 11.0 110.0 146.0
81 81.0 75.0 147.0 85.0 40.0 44.0 19.0 0.0 113.0 148.0
101 165.0 127.0 199.0 29.0 72.0 73.0 111.0 105.0 0.0 41.0
114 195.0 157.0 219.0 70.0 107.0 108.0 146.0 140.0 41.0 0.0

#distancia viaje entre puentes y alojamientos
: 126 130 143 144:=
4 39.0 202.0 92.0 94.0
25 122.0 165.0 81.0 82.0
49 165.0 240.0 178.0 179.0
73 168.0 76.0 64.0 66.0
76 124.0 114.0 27.0 28.0
77 127.0 116.0 31.0 32.0
80 85.0 152.0 30.0 32.0
81 104.0 154.0 33.0 35.0
101 188.0 47.0 92.0 94.0
114 218.0 8.0 127.0 129.0

#distancia entre alojamientos y puentes
: 4 25 49 73 76 77 80 81 101 114:=
126 39.0 122.0 140.0 166.0 122.0 125.0 84.0 96.0 188.0 219.0
130 201.0 163.0 217.0 76.0 113.0 114.0 151.0 146.0 47.0 8.0
143 94.0 80.0 151.0 65.0 27.0 27.0 32.0 26.0 93.0 129.0
144 95.0 81.0 153.0 66.0 28.0 28.0 33.0 27.0 94.0 130.0

#distancia entre depositos y puentes
: 4 25 49 73 76 77 80 81 101 114:=
0 75.0 39.0 51.0 133.0 89.0 92.0 96.0 91.0 150.0 181.0
1 125.0 94.0 166.0 26.0 27.0 27.0 63.0 58.0 54.0 90.0

#distancia entre puentes y depositos
: 0 1:=
4 75.0 124.0
25 38.0 94.0
49 77.0 191.0
73 132.0 26.0
76 89.0 27.0
77 92.0 29.0
80 95.0 62.0
81 97.0 65.0
101 149.0 54.0
114 179.0 89.0

;