set O:= 0 1;
set N:= 4 25 26 49 62 73 76 77 80 81 92 93 101 106 114;
set M:= 123 124 126 137 144;
set K:= 1 2 3;
param D:= 100;
param Q:= 540;
param v:= 2000000;
param f:= 
123 26037
124 63000
126 68517
137 27856
144 52000
;
param:	xcoord ycoord w q:=
0 -32.75044 -70.72613 0 1 
1 -33.0433 -71.624 0 1 
4 -32.44056 -71.00665 106 1 
25 -32.86219 -70.89013 69 1 
26 -32.84855 -70.98046 116 1 
49 -32.90731 -70.28602 104 1 
62 -32.76924 -70.56035 84 1 
73 -33.20765 -71.57225 80 1 
76 -32.93269 -71.43975 112 1 
77 -32.9314 -71.47561 30 1 
80 -32.63102 -71.41979 41 1 
81 -32.68399 -71.39191 70 1 
92 -33.58655 -71.52943 57 1 
93 -33.01883 -71.50131 58 1 
101 -33.34522 -71.64882 59 1 
106 -33.53398 -71.59339 54 1 
114 -33.63163 -71.61037 97 1 
123 -32.88254 -71.09009 0 1 
124 -32.85659 -70.41855 0 1 
126 -32.25311 -70.93619 0 1 
137 -32.91915 -71.52057 0 1 
144 -32.77144 -71.53401 0 1 
;
param d[*,*]
#distancia de viaje entre puentes
: 4 25 26 49 62 73 76 77 80 81 92 93 101 106 114:=
4 0.0 85.0 78.0 126.0 94.0 144.0 100.0 103.0 62.0 73.0 186.0 115.0 166.0 185.0 196.0
25 85.0 0.0 10.0 88.0 58.0 112.0 67.0 71.0 75.0 69.0 149.0 82.0 128.0 148.0 159.0
26 85.0 9.0 0.0 88.0 58.0 111.0 66.0 70.0 74.0 68.0 148.0 81.0 127.0 147.0 158.0
49 151.0 115.0 107.0 0.0 65.0 209.0 164.0 168.0 171.0 166.0 235.0 179.0 224.0 234.0 243.0
62 94.0 58.0 52.0 40.0 0.0 153.0 108.0 112.0 116.0 110.0 182.0 123.0 169.0 181.0 191.0
73 145.0 110.0 102.0 182.0 152.0 0.0 44.0 45.0 83.0 77.0 66.0 29.0 29.0 57.0 70.0
76 101.0 67.0 58.0 138.0 108.0 44.0 0.0 3.0 39.0 33.0 98.0 15.0 73.0 97.0 108.0
77 104.0 70.0 62.0 142.0 112.0 46.0 4.0 0.0 42.0 37.0 100.0 17.0 74.0 99.0 110.0
80 62.0 73.0 65.0 145.0 114.0 82.0 38.0 41.0 0.0 11.0 136.0 53.0 110.0 135.0 146.0
81 81.0 75.0 67.0 147.0 117.0 85.0 40.0 44.0 19.0 0.0 138.0 55.0 113.0 137.0 148.0
92 185.0 147.0 139.0 211.0 185.0 66.0 97.0 98.0 136.0 130.0 0.0 82.0 37.0 12.0 16.0
93 115.0 81.0 73.0 153.0 123.0 30.0 15.0 16.0 53.0 47.0 83.0 0.0 58.0 82.0 93.0
101 165.0 127.0 119.0 199.0 169.0 29.0 72.0 73.0 111.0 105.0 37.0 57.0 0.0 28.0 41.0
106 185.0 147.0 139.0 211.0 184.0 56.0 96.0 98.0 135.0 130.0 12.0 82.0 27.0 0.0 13.0
114 195.0 157.0 149.0 219.0 193.0 70.0 107.0 108.0 146.0 140.0 15.0 92.0 41.0 13.0 0.0

#distancia viaje entre puentes y alojamientos
: 123 124 126 137 144:=
4 86.0 109.0 39.0 103.0 94.0
25 26.0 71.0 122.0 75.0 82.0
26 25.0 71.0 121.0 74.0 81.0
49 123.0 43.0 165.0 172.0 179.0
62 67.0 23.0 109.0 116.0 123.0
73 95.0 165.0 168.0 39.0 66.0
76 51.0 121.0 124.0 8.0 28.0
77 55.0 125.0 127.0 10.0 32.0
80 59.0 128.0 85.0 41.0 32.0
81 61.0 130.0 104.0 44.0 35.0
92 132.0 195.0 208.0 92.0 119.0
93 66.0 136.0 138.0 14.0 36.0
101 112.0 182.0 188.0 67.0 94.0
106 132.0 194.0 208.0 92.0 118.0
114 142.0 203.0 218.0 102.0 129.0

#distancia entre alojamientos y puentes
: 4 25 26 49 62 73 76 77 80 81 92 93 101 106 114:=
123 85.0 26.0 18.0 98.0 68.0 96.0 52.0 55.0 60.0 54.0 133.0 67.0 113.0 132.0 144.0
124 108.0 72.0 65.0 18.0 23.0 166.0 122.0 125.0 129.0 123.0 192.0 137.0 182.0 191.0 201.0
126 39.0 122.0 114.0 140.0 109.0 166.0 122.0 125.0 84.0 96.0 208.0 137.0 188.0 208.0 219.0
137 104.0 75.0 66.0 146.0 116.0 40.0 8.0 6.0 42.0 37.0 93.0 14.0 68.0 92.0 103.0
144 95.0 81.0 73.0 153.0 122.0 66.0 28.0 28.0 33.0 27.0 120.0 37.0 94.0 119.0 130.0

#distancia entre depositos y puentes
: 4 25 26 49 62 73 76 77 80 81 92 93 101 106 114:=
0 75.0 39.0 32.0 51.0 20.0 133.0 89.0 92.0 96.0 91.0 171.0 104.0 150.0 170.0 181.0
1 125.0 94.0 86.0 166.0 135.0 26.0 27.0 27.0 63.0 58.0 80.0 15.0 54.0 79.0 90.0

#distancia entre puentes y depositos
: 0 1:=
4 75.0 124.0
25 38.0 94.0
26 38.0 93.0
49 77.0 191.0
62 20.0 136.0
73 132.0 26.0
76 89.0 27.0
77 92.0 29.0
80 95.0 62.0
81 97.0 65.0
92 169.0 79.0
93 103.0 15.0
101 149.0 54.0
106 169.0 78.0
114 179.0 89.0

;