set O:= 0 1;
set N:= 15 44 52 62 64 70 84 89 96 108;
set M:= 122 137 144 146;
set K:= 1 2 3;
param D:= 100;
param Q:= 540;
param v:= 2000000;
param f:= 
122 24000
137 27856
144 52000
146 78000
;
param:	xcoord ycoord w q:=
0 -32.75044 -70.72613 0 1 
1 -33.0433 -71.624 0 1 
15 -32.44511 -71.32299 71 1 
44 -32.76742 -70.61154 38 1 
52 -32.90338 -70.26912 86 1 
62 -32.76924 -70.56035 84 1 
64 -32.75022 -70.59169 119 1 
70 -33.29115 -71.47716 94 1 
84 -32.86028 -71.45447 70 1 
89 -33.10385 -71.66487 64 1 
96 -32.99633 -71.50138 105 1 
108 -33.44564 -71.67852 41 1 
122 -32.77961 -70.95976 0 1 
137 -32.91915 -71.52057 0 1 
144 -32.77144 -71.53401 0 1 
146 -33.38843 -71.53636 0 1 
;
param d[*,*]
#distancia de viaje entre puentes
: 15 44 52 62 64 70 84 89 96 108:=
15 0.0 109.0 147.0 115.0 111.0 119.0 65.0 110.0 88.0 154.0
44 108.0 0.0 46.0 8.0 3.0 142.0 109.0 140.0 116.0 177.0
52 169.0 68.0 0.0 63.0 67.0 201.0 169.0 201.0 176.0 233.0
62 115.0 8.0 41.0 0.0 5.0 149.0 115.0 147.0 122.0 183.0
64 110.0 3.0 46.0 5.0 0.0 144.0 111.0 143.0 118.0 179.0
70 119.0 142.0 180.0 148.0 144.0 0.0 66.0 43.0 45.0 35.0
84 65.0 109.0 147.0 115.0 111.0 66.0 0.0 45.0 23.0 96.0
89 111.0 141.0 179.0 147.0 143.0 40.0 46.0 0.0 28.0 70.0
96 86.0 114.0 152.0 120.0 116.0 48.0 21.0 30.0 0.0 78.0
108 153.0 177.0 213.0 183.0 179.0 35.0 95.0 72.0 75.0 0.0

#distancia viaje entre puentes y alojamientos
: 122 137 144 146:=
15 72.0 78.0 68.0 140.0
44 42.0 110.0 117.0 163.0
52 103.0 171.0 177.0 215.0
62 48.0 116.0 123.0 164.0
64 44.0 112.0 119.0 166.0
70 105.0 52.0 78.0 21.0
84 72.0 13.0 19.0 87.0
89 104.0 34.0 58.0 61.0
96 77.0 10.0 33.0 69.0
108 140.0 81.0 107.0 17.0

#distancia entre alojamientos y puentes
: 15 44 52 62 64 70 84 89 96 108:=
122 72.0 43.0 81.0 49.0 45.0 106.0 73.0 104.0 79.0 141.0
137 79.0 110.0 148.0 116.0 112.0 52.0 14.0 34.0 12.0 82.0
144 69.0 116.0 154.0 122.0 118.0 78.0 19.0 58.0 36.0 108.0
146 141.0 164.0 196.0 167.0 166.0 22.0 88.0 65.0 67.0 19.0

#distancia entre depositos y puentes
: 15 44 52 62 64 70 84 89 96 108:=
0 96.0 14.0 53.0 20.0 16.0 129.0 96.0 128.0 103.0 164.0
1 100.0 129.0 167.0 135.0 131.0 38.0 35.0 12.0 16.0 68.0

#distancia entre puentes y depositos
: 0 1:=
15 96.0 99.0
44 13.0 129.0
52 75.0 190.0
62 20.0 136.0
64 15.0 131.0
70 128.0 38.0
84 95.0 34.0
89 127.0 12.0
96 100.0 18.0
108 163.0 67.0

;