set O:= 0 1;
set N:= 4 8 10 13 14 15 16 20 22 25 29 32 33 35 36 37 39 45 52 62 63 69 75 76 77 78 80 84 85 88 89 92 93 96 98 104 105 107 108 119;
set M:= 124 126 129 130 131 137 140 143 146 147;
set K:= 1 2 3 4 5;
param D:= 100;
param Q:= 540;
param v:= 2000000;
param f:= 
124 63000
126 68517
129 42028
130 45000
131 73862
137 27856
140 48596
143 48720
146 78000
147 45000
;
param:	xcoord ycoord w q:=
0 -32.75044 -70.72613 0 1 
1 -33.0433 -71.624 0 1 
4 -32.44056 -71.00665 106 1 
8 -32.44708 -71.19315 110 1 
10 -32.43335 -71.23322 48 1 
13 -32.34055 -71.17481 99 1 
14 -32.51115 -71.42049 30 1 
15 -32.44511 -71.32299 71 1 
16 -32.21823 -70.82151 78 1 
20 -32.69998 -70.93128 51 1 
22 -32.75643 -70.94537 48 1 
25 -32.86219 -70.89013 69 1 
29 -32.58297 -70.73334 108 1 
32 -32.66447 -70.697 94 1 
33 -32.62252 -70.72251 72 1 
35 -32.7126 -70.74393 65 1 
36 -32.83944 -71.00021 66 1 
37 -32.81691 -70.71195 53 1 
39 -32.74002 -70.64044 105 1 
45 -32.74039 -70.64 42 1 
52 -32.90338 -70.26912 86 1 
62 -32.76924 -70.56035 84 1 
63 -32.76227 -70.50125 44 1 
69 -33.37956 -71.38904 76 1 
75 -32.91508 -71.49869 66 1 
76 -32.93269 -71.43975 112 1 
77 -32.9314 -71.47561 30 1 
78 -32.93288 -71.46643 63 1 
80 -32.63102 -71.41979 41 1 
84 -32.86028 -71.45447 70 1 
85 -32.8625 -71.46772 106 1 
88 -32.80869 -71.44189 36 1 
89 -33.10385 -71.66487 64 1 
92 -33.58655 -71.52943 57 1 
93 -33.01883 -71.50131 58 1 
96 -32.99633 -71.50138 105 1 
98 -32.98749 -71.50073 83 1 
104 -33.61332 -71.40226 39 1 
105 -33.53115 -71.54035 119 1 
107 -33.42116 -71.69462 116 1 
108 -33.44564 -71.67852 41 1 
119 -33.8283 -71.64323 81 1 
124 -32.85659 -70.41855 0 1 
126 -32.25311 -70.93619 0 1 
129 -32.44456 -71.22894 0 1 
130 -33.65802 -71.56785 0 1 
131 -33.65502 -71.62965 0 1 
137 -32.91915 -71.52057 0 1 
140 -32.93024 -71.55027 0 1 
143 -32.78349 -71.53032 0 1 
146 -33.38843 -71.53636 0 1 
147 -33.32534 -71.38598 0 1 
;
param d[*,*]
#distancia de viaje entre puentes
: 4 8 10 13 14 15 16 20 22 25 29 32 33 35 36 37 39 45 52 62 63 69 75 76 77 78 80 84 85 88 89 92 93 96 98 104 105 107 108 119:=
4 0.0 25.0 29.0 27.0 49.0 36.0 45.0 62.0 66.0 85.0 57.0 66.0 59.0 70.0 79.0 84.0 84.0 84.0 127.0 94.0 101.0 155.0 101.0 100.0 103.0 102.0 62.0 90.0 92.0 84.0 136.0 186.0 115.0 114.0 110.0 192.0 181.0 176.0 180.0 225.0
8 25.0 0.0 4.0 20.0 26.0 14.0 62.0 86.0 79.0 77.0 82.0 91.0 84.0 95.0 73.0 107.0 109.0 109.0 151.0 119.0 126.0 132.0 78.0 77.0 81.0 80.0 40.0 68.0 69.0 61.0 113.0 164.0 92.0 91.0 88.0 169.0 158.0 154.0 157.0 203.0
10 30.0 4.0 0.0 19.0 23.0 11.0 60.0 83.0 76.0 75.0 86.0 95.0 89.0 100.0 70.0 104.0 106.0 106.0 148.0 116.0 123.0 130.0 76.0 75.0 78.0 77.0 37.0 65.0 67.0 59.0 110.0 161.0 90.0 88.0 85.0 166.0 156.0 151.0 154.0 200.0
13 27.0 20.0 19.0 0.0 41.0 29.0 50.0 88.0 92.0 93.0 83.0 92.0 85.0 96.0 88.0 111.0 110.0 110.0 154.0 120.0 127.0 148.0 94.0 93.0 96.0 95.0 55.0 83.0 85.0 77.0 128.0 179.0 108.0 106.0 103.0 184.0 174.0 169.0 172.0 218.0
14 49.0 26.0 23.0 42.0 0.0 12.0 83.0 94.0 87.0 86.0 105.0 114.0 108.0 112.0 81.0 115.0 118.0 118.0 159.0 127.0 134.0 130.0 63.0 62.0 65.0 64.0 24.0 52.0 54.0 46.0 98.0 160.0 77.0 76.0 72.0 165.0 154.0 145.0 148.0 199.0
15 37.0 14.0 11.0 30.0 12.0 0.0 71.0 82.0 76.0 74.0 93.0 102.0 96.0 100.0 69.0 103.0 106.0 106.0 147.0 115.0 123.0 129.0 75.0 74.0 78.0 77.0 36.0 65.0 66.0 58.0 110.0 160.0 89.0 88.0 84.0 166.0 155.0 151.0 154.0 199.0
16 45.0 62.0 60.0 49.0 83.0 70.0 0.0 94.0 98.0 115.0 59.0 68.0 61.0 72.0 109.0 87.0 86.0 86.0 130.0 96.0 103.0 189.0 135.0 134.0 137.0 136.0 96.0 124.0 126.0 118.0 170.0 220.0 149.0 147.0 144.0 226.0 215.0 210.0 213.0 259.0
20 62.0 85.0 83.0 88.0 94.0 82.0 94.0 0.0 7.0 27.0 54.0 48.0 49.0 39.0 20.0 47.0 50.0 49.0 91.0 59.0 66.0 126.0 83.0 75.0 79.0 78.0 83.0 82.0 84.0 79.0 114.0 157.0 90.0 89.0 86.0 162.0 152.0 147.0 150.0 196.0
22 66.0 78.0 76.0 92.0 87.0 75.0 98.0 7.0 0.0 20.0 47.0 41.0 42.0 32.0 13.0 40.0 43.0 43.0 84.0 52.0 59.0 119.0 76.0 68.0 72.0 71.0 76.0 75.0 77.0 72.0 107.0 150.0 83.0 82.0 79.0 155.0 145.0 140.0 143.0 189.0
25 85.0 77.0 74.0 92.0 86.0 74.0 115.0 27.0 20.0 0.0 59.0 52.0 54.0 43.0 12.0 46.0 48.0 48.0 90.0 58.0 65.0 118.0 75.0 67.0 71.0 70.0 75.0 74.0 76.0 70.0 106.0 149.0 82.0 81.0 78.0 154.0 144.0 139.0 142.0 188.0
29 57.0 82.0 86.0 83.0 105.0 93.0 59.0 54.0 47.0 60.0 0.0 13.0 6.0 17.0 54.0 32.0 31.0 31.0 75.0 41.0 48.0 160.0 117.0 110.0 113.0 112.0 117.0 117.0 118.0 113.0 148.0 191.0 125.0 123.0 120.0 190.0 186.0 181.0 185.0 230.0
32 66.0 91.0 95.0 92.0 114.0 102.0 68.0 47.0 41.0 52.0 13.0 0.0 7.0 9.0 45.0 24.0 23.0 23.0 66.0 33.0 40.0 152.0 110.0 102.0 105.0 104.0 109.0 109.0 110.0 105.0 140.0 184.0 117.0 116.0 112.0 182.0 178.0 174.0 177.0 223.0
33 59.0 84.0 88.0 85.0 107.0 95.0 61.0 49.0 42.0 54.0 6.0 7.0 0.0 11.0 47.0 26.0 25.0 25.0 68.0 35.0 42.0 154.0 112.0 104.0 107.0 106.0 111.0 111.0 112.0 107.0 143.0 186.0 119.0 118.0 114.0 184.0 180.0 176.0 179.0 225.0
35 70.0 95.0 99.0 96.0 112.0 99.0 72.0 38.0 32.0 43.0 17.0 9.0 11.0 0.0 37.0 15.0 14.0 14.0 58.0 24.0 31.0 143.0 101.0 93.0 96.0 95.0 100.0 100.0 101.0 96.0 132.0 175.0 108.0 107.0 103.0 173.0 169.0 165.0 168.0 214.0
36 79.0 70.0 68.0 86.0 79.0 67.0 109.0 21.0 14.0 12.0 54.0 46.0 48.0 37.0 0.0 40.0 43.0 43.0 84.0 52.0 60.0 111.0 68.0 60.0 64.0 63.0 68.0 67.0 69.0 64.0 99.0 142.0 76.0 74.0 71.0 148.0 137.0 132.0 135.0 181.0
37 84.0 106.0 104.0 111.0 115.0 103.0 87.0 47.0 40.0 47.0 32.0 24.0 26.0 15.0 40.0 0.0 17.0 17.0 49.0 20.0 27.0 143.0 104.0 96.0 100.0 99.0 104.0 103.0 105.0 100.0 135.0 175.0 111.0 110.0 107.0 162.0 169.0 168.0 171.0 204.0
39 83.0 109.0 106.0 110.0 117.0 105.0 86.0 49.0 42.0 49.0 30.0 23.0 25.0 14.0 42.0 17.0 0.0 0.0 50.0 11.0 18.0 149.0 106.0 99.0 102.0 101.0 106.0 106.0 107.0 102.0 137.0 180.0 114.0 113.0 109.0 176.0 175.0 171.0 174.0 219.0
45 83.0 109.0 106.0 110.0 117.0 105.0 86.0 49.0 42.0 49.0 30.0 22.0 25.0 14.0 42.0 17.0 0.0 0.0 49.0 11.0 18.0 149.0 106.0 99.0 102.0 101.0 106.0 106.0 107.0 102.0 137.0 180.0 114.0 112.0 109.0 175.0 175.0 171.0 174.0 219.0
52 149.0 172.0 170.0 175.0 181.0 169.0 151.0 113.0 106.0 113.0 96.0 88.0 90.0 79.0 106.0 71.0 71.0 71.0 0.0 63.0 70.0 201.0 170.0 162.0 166.0 165.0 170.0 169.0 171.0 166.0 201.0 233.0 177.0 176.0 173.0 220.0 228.0 232.0 233.0 263.0
62 94.0 118.0 116.0 120.0 127.0 115.0 96.0 59.0 52.0 58.0 41.0 33.0 35.0 24.0 52.0 20.0 11.0 11.0 41.0 0.0 7.0 151.0 116.0 108.0 112.0 111.0 116.0 115.0 117.0 112.0 147.0 182.0 123.0 122.0 119.0 169.0 177.0 180.0 183.0 212.0
63 101.0 125.0 123.0 127.0 134.0 122.0 103.0 66.0 59.0 65.0 48.0 40.0 42.0 31.0 59.0 27.0 18.0 18.0 49.0 7.0 0.0 158.0 123.0 115.0 119.0 118.0 123.0 122.0 124.0 119.0 154.0 189.0 130.0 129.0 126.0 176.0 184.0 187.0 190.0 219.0
69 155.0 132.0 130.0 148.0 130.0 129.0 189.0 125.0 118.0 117.0 159.0 152.0 154.0 143.0 112.0 146.0 148.0 148.0 182.0 153.0 160.0 0.0 66.0 67.0 69.0 65.0 106.0 77.0 75.0 83.0 54.0 35.0 53.0 56.0 57.0 40.0 30.0 36.0 37.0 74.0
75 102.0 79.0 77.0 95.0 64.0 76.0 136.0 83.0 76.0 74.0 117.0 109.0 112.0 101.0 70.0 104.0 106.0 106.0 148.0 116.0 123.0 67.0 0.0 8.0 6.0 5.0 40.0 11.0 9.0 17.0 35.0 97.0 14.0 13.0 10.0 102.0 92.0 82.0 86.0 136.0
76 101.0 78.0 76.0 94.0 63.0 75.0 135.0 75.0 68.0 67.0 109.0 102.0 104.0 93.0 62.0 96.0 98.0 98.0 140.0 108.0 115.0 68.0 8.0 0.0 3.0 3.0 39.0 10.0 11.0 16.0 39.0 98.0 15.0 14.0 10.0 103.0 93.0 83.0 87.0 137.0
77 104.0 82.0 79.0 97.0 66.0 79.0 139.0 79.0 72.0 70.0 113.0 105.0 107.0 96.0 65.0 100.0 102.0 102.0 143.0 112.0 119.0 70.0 9.0 4.0 0.0 1.0 42.0 13.0 15.0 20.0 40.0 100.0 17.0 15.0 12.0 105.0 94.0 85.0 88.0 139.0
78 103.0 81.0 78.0 96.0 65.0 78.0 138.0 78.0 71.0 69.0 112.0 104.0 106.0 95.0 64.0 99.0 101.0 101.0 143.0 111.0 118.0 66.0 5.0 3.0 1.0 0.0 41.0 12.0 14.0 19.0 37.0 96.0 13.0 12.0 9.0 101.0 91.0 81.0 85.0 135.0
80 62.0 40.0 37.0 55.0 24.0 36.0 96.0 81.0 75.0 73.0 115.0 108.0 110.0 99.0 68.0 102.0 105.0 105.0 146.0 114.0 122.0 106.0 39.0 38.0 41.0 40.0 0.0 28.0 30.0 22.0 74.0 136.0 53.0 51.0 48.0 141.0 130.0 121.0 124.0 175.0
84 91.0 69.0 66.0 84.0 53.0 65.0 125.0 82.0 75.0 73.0 116.0 108.0 111.0 100.0 69.0 103.0 105.0 105.0 147.0 115.0 122.0 77.0 10.0 10.0 13.0 12.0 29.0 0.0 2.0 6.0 45.0 107.0 25.0 23.0 20.0 113.0 102.0 93.0 96.0 146.0
85 95.0 73.0 70.0 88.0 57.0 69.0 129.0 83.0 76.0 74.0 117.0 109.0 111.0 100.0 70.0 104.0 106.0 106.0 148.0 116.0 123.0 76.0 9.0 10.0 14.0 13.0 33.0 4.0 0.0 10.0 44.0 106.0 23.0 22.0 19.0 111.0 100.0 91.0 94.0 145.0
88 85.0 62.0 60.0 78.0 47.0 59.0 119.0 78.0 71.0 69.0 112.0 104.0 106.0 95.0 65.0 99.0 101.0 101.0 143.0 111.0 118.0 84.0 17.0 16.0 19.0 18.0 23.0 6.0 8.0 0.0 52.0 114.0 31.0 30.0 26.0 119.0 108.0 99.0 102.0 153.0
89 137.0 115.0 112.0 130.0 99.0 111.0 171.0 114.0 107.0 105.0 148.0 141.0 143.0 132.0 101.0 135.0 137.0 137.0 179.0 147.0 154.0 51.0 35.0 39.0 39.0 37.0 75.0 46.0 44.0 53.0 0.0 81.0 27.0 28.0 29.0 87.0 76.0 67.0 70.0 120.0
92 185.0 163.0 160.0 178.0 160.0 160.0 220.0 156.0 149.0 147.0 190.0 182.0 184.0 174.0 143.0 177.0 179.0 179.0 213.0 185.0 192.0 35.0 96.0 97.0 98.0 95.0 136.0 107.0 105.0 113.0 84.0 0.0 82.0 86.0 87.0 19.0 7.0 29.0 26.0 45.0
93 115.0 93.0 90.0 108.0 77.0 89.0 150.0 90.0 83.0 81.0 124.0 116.0 118.0 107.0 77.0 111.0 113.0 113.0 155.0 123.0 130.0 53.0 13.0 15.0 16.0 12.0 53.0 24.0 22.0 31.0 27.0 83.0 0.0 4.0 4.0 88.0 78.0 69.0 72.0 122.0
96 112.0 89.0 87.0 105.0 74.0 86.0 146.0 87.0 80.0 78.0 121.0 113.0 115.0 104.0 74.0 108.0 110.0 110.0 152.0 120.0 127.0 59.0 10.0 12.0 13.0 9.0 50.0 21.0 19.0 27.0 30.0 89.0 6.0 0.0 2.0 94.0 84.0 75.0 78.0 128.0
98 111.0 89.0 86.0 104.0 73.0 85.0 145.0 85.0 79.0 77.0 119.0 112.0 114.0 103.0 72.0 106.0 109.0 109.0 150.0 118.0 126.0 58.0 9.0 10.0 12.0 8.0 49.0 20.0 18.0 26.0 28.0 88.0 5.0 4.0 0.0 93.0 82.0 73.0 76.0 127.0
104 191.0 169.0 166.0 184.0 165.0 166.0 226.0 162.0 155.0 153.0 196.0 188.0 190.0 179.0 149.0 175.0 185.0 185.0 211.0 182.0 189.0 40.0 102.0 103.0 104.0 101.0 142.0 112.0 111.0 119.0 90.0 18.0 88.0 92.0 92.0 0.0 18.0 42.0 38.0 53.0
105 180.0 158.0 155.0 173.0 154.0 154.0 214.0 151.0 144.0 142.0 185.0 177.0 179.0 168.0 137.0 171.0 174.0 174.0 208.0 179.0 186.0 29.0 91.0 91.0 93.0 90.0 130.0 101.0 100.0 107.0 78.0 8.0 77.0 81.0 81.0 18.0 0.0 24.0 21.0 48.0
107 176.0 154.0 151.0 169.0 145.0 150.0 210.0 146.0 140.0 138.0 180.0 173.0 175.0 164.0 133.0 167.0 170.0 170.0 211.0 180.0 187.0 36.0 82.0 82.0 84.0 81.0 121.0 92.0 91.0 98.0 69.0 29.0 68.0 72.0 72.0 42.0 24.0 0.0 3.0 59.0
108 179.0 157.0 154.0 172.0 148.0 153.0 213.0 150.0 143.0 141.0 184.0 176.0 178.0 167.0 136.0 170.0 173.0 173.0 213.0 183.0 190.0 36.0 85.0 86.0 87.0 84.0 124.0 95.0 94.0 102.0 72.0 25.0 71.0 75.0 75.0 39.0 21.0 3.0 0.0 55.0
119 224.0 202.0 199.0 217.0 198.0 198.0 259.0 195.0 188.0 186.0 229.0 221.0 223.0 212.0 181.0 208.0 218.0 218.0 244.0 215.0 222.0 73.0 135.0 136.0 137.0 134.0 174.0 145.0 144.0 152.0 123.0 44.0 121.0 125.0 125.0 53.0 47.0 59.0 56.0 0.0

#distancia viaje entre puentes y alojamientos
: 124 126 129 130 131 137 140 143 146 147:=
4 109.0 39.0 28.0 202.0 200.0 103.0 107.0 92.0 166.0 151.0
8 132.0 50.0 5.0 180.0 178.0 81.0 85.0 70.0 144.0 128.0
10 130.0 49.0 3.0 177.0 175.0 78.0 82.0 67.0 141.0 126.0
13 135.0 38.0 21.0 195.0 193.0 96.0 100.0 85.0 159.0 144.0
14 141.0 71.0 22.0 176.0 174.0 65.0 69.0 55.0 140.0 126.0
15 129.0 59.0 10.0 176.0 174.0 78.0 81.0 67.0 140.0 125.0
16 111.0 12.0 62.0 236.0 234.0 137.0 141.0 126.0 200.0 185.0
20 73.0 101.0 81.0 173.0 171.0 83.0 87.0 89.0 137.0 122.0
22 66.0 104.0 74.0 166.0 164.0 77.0 81.0 82.0 130.0 115.0
25 71.0 122.0 73.0 165.0 163.0 75.0 79.0 81.0 129.0 114.0
29 56.0 71.0 84.0 207.0 205.0 118.0 122.0 123.0 171.0 156.0
32 48.0 80.0 93.0 200.0 198.0 110.0 114.0 115.0 163.0 148.0
33 50.0 74.0 86.0 202.0 200.0 112.0 116.0 117.0 165.0 150.0
35 39.0 84.0 97.0 191.0 189.0 101.0 105.0 106.0 155.0 139.0
36 66.0 116.0 66.0 158.0 156.0 69.0 73.0 74.0 122.0 107.0
37 30.0 99.0 102.0 180.0 187.0 105.0 109.0 110.0 156.0 141.0
39 31.0 98.0 105.0 194.0 195.0 107.0 111.0 112.0 160.0 145.0
45 31.0 98.0 104.0 194.0 194.0 107.0 111.0 112.0 160.0 145.0
52 42.0 164.0 168.0 239.0 245.0 171.0 175.0 176.0 215.0 199.0
62 23.0 109.0 114.0 188.0 194.0 116.0 120.0 122.0 164.0 148.0
63 30.0 115.0 121.0 195.0 201.0 123.0 127.0 129.0 171.0 155.0
69 163.0 177.0 128.0 51.0 49.0 63.0 60.0 88.0 18.0 9.0
75 129.0 125.0 75.0 113.0 111.0 2.0 6.0 21.0 77.0 63.0
76 121.0 124.0 74.0 114.0 112.0 8.0 12.0 27.0 78.0 64.0
77 125.0 127.0 78.0 116.0 114.0 10.0 14.0 31.0 79.0 65.0
78 124.0 126.0 77.0 112.0 110.0 6.0 10.0 26.0 76.0 62.0
80 128.0 85.0 36.0 152.0 150.0 41.0 45.0 30.0 115.0 101.0
84 128.0 114.0 65.0 123.0 121.0 13.0 17.0 17.0 87.0 73.0
85 129.0 118.0 68.0 122.0 120.0 11.0 15.0 17.0 86.0 72.0
88 124.0 108.0 58.0 130.0 128.0 19.0 23.0 11.0 94.0 79.0
89 160.0 160.0 111.0 98.0 96.0 34.0 31.0 57.0 61.0 47.0
92 195.0 208.0 159.0 22.0 20.0 92.0 90.0 117.0 36.0 40.0
93 136.0 138.0 89.0 99.0 97.0 14.0 15.0 35.0 63.0 49.0
96 133.0 135.0 85.0 105.0 103.0 10.0 12.0 31.0 69.0 55.0
98 132.0 134.0 84.0 104.0 102.0 9.0 11.0 30.0 67.0 53.0
104 192.0 214.0 165.0 21.0 28.0 98.0 96.0 123.0 44.0 46.0
105 189.0 203.0 154.0 25.0 23.0 87.0 85.0 112.0 33.0 35.0
107 193.0 199.0 149.0 36.0 34.0 78.0 76.0 103.0 18.0 41.0
108 195.0 202.0 153.0 32.0 30.0 81.0 79.0 106.0 17.0 40.0
119 225.0 247.0 198.0 37.0 30.0 131.0 129.0 156.0 69.0 79.0

#distancia entre alojamientos y puentes
: 4 8 10 13 14 15 16 20 22 25 29 32 33 35 36 37 39 45 52 62 63 69 75 76 77 78 80 84 85 88 89 92 93 96 98 104 105 107 108 119:=
124 108.0 132.0 129.0 135.0 141.0 128.0 111.0 72.0 65.0 72.0 55.0 47.0 50.0 39.0 65.0 30.0 31.0 31.0 19.0 23.0 30.0 161.0 130.0 122.0 125.0 124.0 129.0 129.0 130.0 125.0 160.0 192.0 137.0 136.0 132.0 179.0 187.0 192.0 193.0 222.0
126 39.0 50.0 48.0 38.0 71.0 59.0 13.0 101.0 104.0 122.0 71.0 81.0 74.0 85.0 117.0 99.0 99.0 99.0 142.0 109.0 116.0 177.0 123.0 122.0 125.0 124.0 84.0 112.0 114.0 106.0 158.0 208.0 137.0 136.0 132.0 214.0 203.0 199.0 202.0 247.0
129 28.0 5.0 2.0 20.0 22.0 10.0 62.0 82.0 75.0 73.0 84.0 93.0 86.0 97.0 68.0 103.0 105.0 105.0 147.0 115.0 122.0 128.0 74.0 73.0 77.0 76.0 35.0 64.0 65.0 57.0 109.0 160.0 88.0 87.0 83.0 165.0 154.0 150.0 153.0 199.0
130 201.0 179.0 176.0 194.0 175.0 175.0 236.0 172.0 165.0 163.0 206.0 198.0 200.0 189.0 158.0 183.0 195.0 195.0 219.0 190.0 197.0 50.0 112.0 113.0 114.0 111.0 151.0 122.0 121.0 129.0 100.0 21.0 98.0 102.0 102.0 21.0 24.0 36.0 33.0 37.0
131 199.0 177.0 174.0 192.0 173.0 173.0 234.0 170.0 163.0 161.0 204.0 196.0 198.0 187.0 156.0 189.0 193.0 193.0 225.0 196.0 203.0 48.0 110.0 111.0 112.0 109.0 149.0 120.0 119.0 127.0 98.0 19.0 96.0 100.0 100.0 28.0 22.0 34.0 31.0 30.0
137 104.0 82.0 79.0 97.0 66.0 79.0 139.0 83.0 76.0 75.0 117.0 110.0 112.0 101.0 70.0 104.0 107.0 107.0 148.0 116.0 123.0 63.0 2.0 8.0 6.0 6.0 42.0 14.0 11.0 20.0 34.0 93.0 14.0 12.0 10.0 99.0 88.0 79.0 82.0 132.0
140 108.0 86.0 83.0 101.0 70.0 82.0 142.0 87.0 80.0 78.0 121.0 113.0 116.0 105.0 74.0 108.0 110.0 110.0 152.0 120.0 127.0 61.0 6.0 12.0 10.0 9.0 46.0 17.0 15.0 24.0 31.0 91.0 14.0 13.0 10.0 96.0 86.0 77.0 80.0 130.0
143 94.0 71.0 69.0 87.0 56.0 68.0 128.0 88.0 81.0 80.0 122.0 115.0 117.0 106.0 75.0 109.0 111.0 111.0 153.0 121.0 128.0 88.0 21.0 27.0 27.0 27.0 32.0 17.0 17.0 11.0 56.0 118.0 36.0 34.0 31.0 124.0 113.0 104.0 107.0 157.0
146 167.0 144.0 142.0 160.0 141.0 141.0 201.0 137.0 130.0 129.0 171.0 164.0 166.0 155.0 124.0 158.0 160.0 160.0 196.0 167.0 174.0 18.0 77.0 78.0 80.0 76.0 117.0 88.0 86.0 94.0 65.0 36.0 63.0 67.0 68.0 43.0 33.0 18.0 19.0 69.0
147 150.0 127.0 125.0 143.0 125.0 124.0 184.0 120.0 113.0 112.0 154.0 147.0 149.0 138.0 107.0 141.0 143.0 143.0 181.0 152.0 159.0 9.0 61.0 62.0 64.0 60.0 101.0 72.0 70.0 78.0 49.0 41.0 48.0 51.0 52.0 46.0 35.0 40.0 41.0 80.0

#distancia entre depositos y puentes
: 4 8 10 13 14 15 16 20 22 25 29 32 33 35 36 37 39 45 52 62 63 69 75 76 77 78 80 84 85 88 89 92 93 96 98 104 105 107 108 119:=
0 75.0 99.0 96.0 101.0 108.0 96.0 77.0 39.0 33.0 39.0 22.0 14.0 16.0 5.0 33.0 11.0 10.0 10.0 53.0 20.0 27.0 140.0 97.0 89.0 92.0 92.0 96.0 96.0 97.0 92.0 128.0 171.0 104.0 103.0 99.0 170.0 165.0 161.0 164.0 210.0
1 125.0 103.0 100.0 118.0 87.0 100.0 160.0 102.0 96.0 94.0 136.0 129.0 131.0 120.0 89.0 123.0 126.0 126.0 167.0 135.0 143.0 50.0 24.0 27.0 27.0 25.0 63.0 35.0 33.0 41.0 12.0 80.0 15.0 16.0 17.0 85.0 74.0 65.0 68.0 119.0

#distancia entre puentes y depositos
: 0 1:=
4 75.0 124.0
8 99.0 102.0
10 97.0 99.0
13 101.0 117.0
14 108.0 86.0
15 96.0 99.0
16 77.0 158.0
20 40.0 103.0
22 33.0 96.0
25 38.0 94.0
29 22.0 137.0
32 14.0 129.0
33 16.0 131.0
35 5.0 120.0
36 33.0 88.0
37 11.0 124.0
39 10.0 126.0
45 10.0 126.0
52 75.0 190.0
62 20.0 136.0
63 27.0 143.0
69 138.0 49.0
75 96.0 24.0
76 89.0 27.0
77 92.0 29.0
78 91.0 25.0
80 95.0 62.0
84 95.0 34.0
85 96.0 32.0
88 91.0 40.0
89 127.0 12.0
92 169.0 79.0
93 103.0 15.0
96 100.0 18.0
98 99.0 17.0
104 175.0 85.0
105 164.0 73.0
107 160.0 64.0
108 163.0 67.0
119 208.0 118.0

;