set O:= 0 1;
set N:= 26 69 75 76 81 93 100 101 109 111;
set M:= 123 128 140 144;
set K:= 1 2 3;
param D:= 100;
param Q:= 540;
param v:= 2000000;
param f:= 
123 26037
128 39740
140 48596
144 52000
;
param:	xcoord ycoord w q:=
0 -32.75044 -70.72613 0 1 
1 -33.0433 -71.624 0 1 
26 -32.84855 -70.98046 116 1 
69 -33.37956 -71.38904 76 1 
75 -32.91508 -71.49869 66 1 
76 -32.93269 -71.43975 112 1 
81 -32.68399 -71.39191 70 1 
93 -33.01883 -71.50131 58 1 
100 -33.38903 -71.69158 108 1 
101 -33.34522 -71.64882 59 1 
109 -33.44473 -71.67916 117 1 
111 -33.77523 -71.42462 65 1 
123 -32.88254 -71.09009 0 1 
128 -32.43019 -71.07467 0 1 
140 -32.93024 -71.55027 0 1 
144 -32.77144 -71.53401 0 1 
;
param d[*,*]
#distancia de viaje entre puentes
: 26 69 75 76 81 93 100 101 109 111:=
26 0.0 117.0 74.0 66.0 68.0 81.0 134.0 127.0 141.0 180.0
69 108.0 0.0 66.0 67.0 100.0 53.0 36.0 34.0 37.0 67.0
75 66.0 67.0 0.0 8.0 34.0 14.0 79.0 72.0 85.0 129.0
76 58.0 68.0 8.0 0.0 33.0 15.0 80.0 73.0 86.0 130.0
81 67.0 108.0 41.0 40.0 0.0 55.0 120.0 113.0 127.0 170.0
93 73.0 53.0 13.0 15.0 47.0 0.0 65.0 58.0 72.0 115.0
100 126.0 35.0 78.0 79.0 112.0 64.0 0.0 7.0 7.0 64.0
101 119.0 36.0 71.0 72.0 105.0 57.0 7.0 0.0 14.0 69.0
109 133.0 36.0 85.0 85.0 119.0 71.0 7.0 14.0 0.0 57.0
111 170.0 66.0 127.0 128.0 161.0 113.0 63.0 67.0 56.0 0.0

#distancia viaje entre puentes y alojamientos
: 123 128 140 144:=
26 25.0 90.0 78.0 81.0
69 102.0 146.0 60.0 89.0
75 59.0 94.0 6.0 23.0
76 51.0 93.0 12.0 28.0
81 61.0 73.0 48.0 35.0
93 66.0 107.0 15.0 36.0
100 119.0 164.0 72.0 101.0
101 112.0 157.0 65.0 94.0
109 126.0 171.0 79.0 107.0
111 163.0 208.0 121.0 150.0

#distancia entre alojamientos y puentes
: 26 69 75 76 81 93 100 101 109 111:=
123 18.0 102.0 59.0 52.0 54.0 67.0 120.0 113.0 127.0 165.0
128 83.0 147.0 92.0 91.0 65.0 106.0 164.0 157.0 171.0 210.0
140 70.0 61.0 6.0 12.0 40.0 14.0 73.0 66.0 80.0 123.0
144 73.0 90.0 23.0 28.0 27.0 37.0 101.0 94.0 108.0 151.0

#distancia entre depositos y puentes
: 26 69 75 76 81 93 100 101 109 111:=
0 32.0 140.0 97.0 89.0 91.0 104.0 157.0 150.0 164.0 180.0
1 86.0 50.0 24.0 27.0 58.0 15.0 61.0 54.0 68.0 111.0

#distancia entre puentes y depositos
: 0 1:=
26 38.0 93.0
69 138.0 49.0
75 96.0 24.0
76 89.0 27.0
81 97.0 65.0
93 103.0 15.0
100 156.0 60.0
101 149.0 54.0
109 163.0 67.0
111 183.0 110.0

;