set O:= 0 1;
set N:= 2 3 8 15 16 17 22 29 32 33 36 37 45 48 49 50 51 52 64 76 77 78 81 88 92 100 108 109 110 114;
set M:= 123 127 128 129 130 137 140 143 144 147;
set K:= 1 2 3 4 5;
param D:= 100;
param Q:= 540;
param v:= 2000000;
param f:= 
123 26037
127 25694
128 39740
129 42028
130 45000
137 27856
140 48596
143 48720
144 52000
147 45000
;
param:	xcoord ycoord w q:=
0 -32.75044 -70.72613 0 1 
1 -33.0433 -71.624 0 1 
2 -32.5191 -70.92373 38 1 
3 -32.35092 -70.79153 105 1 
8 -32.44708 -71.19315 110 1 
15 -32.44511 -71.32299 71 1 
16 -32.21823 -70.82151 78 1 
17 -32.34859 -71.07237 51 1 
22 -32.75643 -70.94537 48 1 
29 -32.58297 -70.73334 108 1 
32 -32.66447 -70.697 94 1 
33 -32.62252 -70.72251 72 1 
36 -32.83944 -71.00021 66 1 
37 -32.81691 -70.71195 53 1 
45 -32.74039 -70.64 42 1 
48 -32.88608 -70.59211 103 1 
49 -32.90731 -70.28602 104 1 
50 -32.87857 -70.20821 39 1 
51 -32.90645 -70.28716 50 1 
52 -32.90338 -70.26912 86 1 
64 -32.75022 -70.59169 119 1 
76 -32.93269 -71.43975 112 1 
77 -32.9314 -71.47561 30 1 
78 -32.93288 -71.46643 63 1 
81 -32.68399 -71.39191 70 1 
88 -32.80869 -71.44189 36 1 
92 -33.58655 -71.52943 57 1 
100 -33.38903 -71.69158 108 1 
108 -33.44564 -71.67852 41 1 
109 -33.44473 -71.67916 117 1 
110 -33.63989 -71.57131 49 1 
114 -33.63163 -71.61037 97 1 
123 -32.88254 -71.09009 0 1 
127 -32.24898 -70.9333 0 1 
128 -32.43019 -71.07467 0 1 
129 -32.44456 -71.22894 0 1 
130 -33.65802 -71.56785 0 1 
137 -32.91915 -71.52057 0 1 
140 -32.93024 -71.55027 0 1 
143 -32.78349 -71.53032 0 1 
144 -32.77144 -71.53401 0 1 
147 -33.32534 -71.38598 0 1 
;
param d[*,*]
#distancia de viaje entre puentes
: 2 3 8 15 16 17 22 29 32 33 36 37 45 48 49 50 51 52 64 76 77 78 81 88 92 100 108 109 110 114:=
2 0.0 29.0 41.0 52.0 48.0 35.0 50.0 41.0 50.0 43.0 63.0 69.0 68.0 82.0 110.0 118.0 110.0 112.0 74.0 115.0 119.0 118.0 89.0 99.0 200.0 186.0 193.0 193.0 213.0 210.0
3 29.0 0.0 51.0 62.0 19.0 46.0 79.0 41.0 50.0 43.0 90.0 68.0 68.0 82.0 110.0 118.0 110.0 111.0 74.0 125.0 129.0 128.0 99.0 110.0 212.0 198.0 205.0 205.0 225.0 222.0
8 41.0 51.0 0.0 14.0 62.0 32.0 79.0 82.0 91.0 84.0 73.0 107.0 109.0 120.0 149.0 157.0 149.0 151.0 115.0 77.0 81.0 80.0 51.0 61.0 164.0 150.0 157.0 157.0 177.0 174.0
15 52.0 62.0 14.0 0.0 71.0 41.0 76.0 93.0 102.0 96.0 69.0 103.0 106.0 117.0 146.0 154.0 145.0 147.0 111.0 74.0 78.0 77.0 48.0 58.0 160.0 147.0 154.0 154.0 174.0 171.0
16 48.0 19.0 62.0 70.0 0.0 31.0 98.0 59.0 68.0 61.0 109.0 87.0 86.0 100.0 128.0 136.0 128.0 130.0 92.0 134.0 137.0 136.0 107.0 118.0 220.0 207.0 213.0 213.0 234.0 230.0
17 35.0 46.0 31.0 40.0 31.0 0.0 85.0 76.0 86.0 79.0 99.0 104.0 104.0 118.0 146.0 154.0 145.0 147.0 110.0 103.0 107.0 106.0 77.0 88.0 190.0 176.0 183.0 183.0 203.0 200.0
22 50.0 79.0 78.0 75.0 98.0 85.0 0.0 47.0 41.0 42.0 13.0 40.0 43.0 54.0 82.0 91.0 82.0 84.0 48.0 68.0 72.0 71.0 70.0 72.0 150.0 137.0 143.0 143.0 164.0 160.0
29 41.0 41.0 82.0 93.0 59.0 76.0 47.0 0.0 13.0 6.0 54.0 32.0 31.0 45.0 73.0 81.0 73.0 75.0 37.0 110.0 113.0 112.0 111.0 113.0 191.0 178.0 185.0 185.0 205.0 202.0
32 50.0 50.0 91.0 102.0 68.0 86.0 41.0 13.0 0.0 7.0 45.0 24.0 23.0 37.0 65.0 73.0 65.0 66.0 29.0 102.0 105.0 104.0 103.0 105.0 184.0 170.0 177.0 177.0 197.0 194.0
33 43.0 43.0 84.0 95.0 61.0 79.0 42.0 6.0 7.0 0.0 47.0 26.0 25.0 39.0 67.0 75.0 67.0 68.0 31.0 104.0 107.0 106.0 105.0 107.0 186.0 172.0 179.0 179.0 199.0 196.0
36 64.0 91.0 70.0 67.0 109.0 97.0 14.0 54.0 46.0 48.0 0.0 40.0 43.0 54.0 83.0 91.0 82.0 84.0 48.0 60.0 64.0 63.0 62.0 64.0 142.0 129.0 135.0 135.0 156.0 152.0
37 69.0 69.0 106.0 103.0 87.0 104.0 40.0 32.0 24.0 26.0 40.0 0.0 17.0 17.0 47.0 55.0 47.0 49.0 23.0 96.0 100.0 99.0 98.0 100.0 175.0 165.0 171.0 171.0 178.0 183.0
45 68.0 67.0 109.0 105.0 86.0 103.0 42.0 30.0 22.0 25.0 42.0 17.0 0.0 21.0 48.0 56.0 48.0 49.0 6.0 99.0 102.0 101.0 100.0 102.0 180.0 167.0 174.0 174.0 191.0 191.0
48 83.0 82.0 120.0 117.0 100.0 118.0 54.0 45.0 37.0 39.0 54.0 17.0 21.0 0.0 40.0 48.0 40.0 42.0 18.0 110.0 114.0 113.0 112.0 113.0 172.0 169.0 173.0 173.0 176.0 181.0
49 135.0 135.0 174.0 171.0 153.0 171.0 108.0 98.0 90.0 92.0 108.0 73.0 73.0 66.0 0.0 8.0 1.0 2.0 69.0 164.0 168.0 167.0 166.0 167.0 235.0 231.0 235.0 235.0 238.0 243.0
50 118.0 117.0 157.0 153.0 136.0 153.0 91.0 80.0 73.0 75.0 91.0 55.0 56.0 48.0 12.0 0.0 8.0 14.0 52.0 147.0 150.0 150.0 149.0 150.0 217.0 214.0 218.0 218.0 221.0 226.0
51 109.0 109.0 148.0 145.0 127.0 145.0 82.0 72.0 64.0 66.0 82.0 47.0 47.0 40.0 4.0 8.0 0.0 2.0 43.0 139.0 142.0 141.0 140.0 142.0 209.0 205.0 209.0 209.0 212.0 217.0
52 133.0 133.0 172.0 169.0 151.0 169.0 106.0 96.0 88.0 90.0 106.0 71.0 71.0 64.0 2.0 7.0 3.0 0.0 67.0 162.0 166.0 165.0 164.0 166.0 233.0 229.0 233.0 233.0 236.0 241.0
64 73.0 73.0 114.0 110.0 91.0 109.0 48.0 36.0 28.0 30.0 48.0 23.0 6.0 18.0 44.0 52.0 44.0 46.0 0.0 104.0 107.0 107.0 106.0 107.0 185.0 172.0 179.0 179.0 188.0 193.0
76 116.0 126.0 78.0 75.0 135.0 105.0 68.0 109.0 102.0 104.0 62.0 96.0 98.0 110.0 138.0 147.0 138.0 140.0 104.0 0.0 3.0 3.0 33.0 16.0 98.0 80.0 87.0 86.0 111.0 108.0
77 120.0 130.0 82.0 79.0 139.0 108.0 72.0 113.0 105.0 107.0 65.0 100.0 102.0 113.0 142.0 150.0 142.0 143.0 108.0 4.0 0.0 1.0 37.0 20.0 100.0 81.0 88.0 88.0 113.0 110.0
78 119.0 129.0 81.0 78.0 138.0 107.0 71.0 112.0 104.0 106.0 64.0 99.0 101.0 112.0 141.0 149.0 141.0 143.0 107.0 3.0 1.0 0.0 36.0 19.0 96.0 78.0 85.0 84.0 109.0 106.0
81 96.0 107.0 59.0 55.0 115.0 85.0 77.0 118.0 110.0 112.0 70.0 105.0 107.0 118.0 147.0 155.0 147.0 148.0 113.0 40.0 44.0 43.0 0.0 24.0 138.0 120.0 127.0 127.0 152.0 148.0
88 100.0 110.0 62.0 59.0 119.0 89.0 71.0 112.0 104.0 106.0 65.0 99.0 101.0 112.0 141.0 149.0 141.0 143.0 107.0 16.0 19.0 18.0 17.0 0.0 114.0 95.0 102.0 102.0 127.0 124.0
92 199.0 211.0 163.0 160.0 220.0 189.0 149.0 190.0 182.0 184.0 143.0 177.0 179.0 175.0 211.0 220.0 211.0 213.0 185.0 97.0 98.0 95.0 130.0 113.0 0.0 32.0 26.0 26.0 19.0 16.0
100 185.0 198.0 150.0 146.0 207.0 176.0 136.0 177.0 169.0 171.0 129.0 164.0 166.0 169.0 206.0 214.0 206.0 208.0 172.0 79.0 80.0 77.0 112.0 95.0 32.0 0.0 7.0 7.0 37.0 33.0
108 192.0 205.0 157.0 153.0 213.0 183.0 143.0 184.0 176.0 178.0 136.0 170.0 173.0 175.0 211.0 220.0 211.0 213.0 179.0 86.0 87.0 84.0 119.0 102.0 25.0 7.0 0.0 0.0 30.0 27.0
109 192.0 205.0 157.0 153.0 213.0 183.0 143.0 183.0 176.0 178.0 136.0 170.0 173.0 175.0 211.0 220.0 211.0 213.0 179.0 85.0 87.0 84.0 119.0 102.0 26.0 7.0 0.0 0.0 30.0 27.0
110 212.0 224.0 176.0 173.0 233.0 203.0 162.0 203.0 195.0 198.0 156.0 180.0 192.0 178.0 214.0 223.0 214.0 216.0 190.0 110.0 111.0 108.0 143.0 126.0 19.0 37.0 30.0 30.0 0.0 5.0
114 209.0 221.0 173.0 170.0 230.0 199.0 159.0 200.0 192.0 194.0 153.0 185.0 189.0 183.0 219.0 228.0 219.0 221.0 195.0 107.0 108.0 105.0 140.0 123.0 15.0 34.0 27.0 27.0 5.0 0.0

#distancia viaje entre puentes y alojamientos
: 123 127 128 129 130 137 140 143 144 147:=
2 78.0 55.0 24.0 43.0 216.0 119.0 123.0 108.0 109.0 164.0
3 106.0 31.0 34.0 53.0 228.0 129.0 133.0 118.0 120.0 177.0
8 63.0 51.0 17.0 5.0 180.0 81.0 85.0 70.0 71.0 128.0
15 60.0 60.0 28.0 10.0 176.0 78.0 81.0 67.0 68.0 125.0
16 120.0 12.0 45.0 62.0 236.0 137.0 141.0 126.0 128.0 185.0
17 89.0 20.0 14.0 32.0 206.0 107.0 111.0 96.0 98.0 155.0
22 29.0 105.0 74.0 74.0 166.0 77.0 81.0 82.0 83.0 115.0
29 69.0 71.0 65.0 84.0 207.0 118.0 122.0 123.0 125.0 156.0
32 61.0 80.0 74.0 93.0 200.0 110.0 114.0 115.0 117.0 148.0
33 63.0 73.0 67.0 86.0 202.0 112.0 116.0 117.0 119.0 150.0
36 19.0 116.0 85.0 66.0 158.0 69.0 73.0 74.0 75.0 107.0
37 55.0 99.0 93.0 102.0 180.0 105.0 109.0 110.0 111.0 141.0
45 58.0 98.0 92.0 104.0 194.0 107.0 111.0 112.0 114.0 145.0
48 69.0 113.0 106.0 116.0 178.0 118.0 122.0 124.0 125.0 139.0
49 123.0 165.0 159.0 170.0 240.0 172.0 176.0 178.0 179.0 201.0
50 106.0 148.0 142.0 153.0 223.0 155.0 159.0 160.0 162.0 184.0
51 97.0 139.0 133.0 144.0 215.0 147.0 151.0 152.0 153.0 175.0
52 121.0 163.0 157.0 168.0 239.0 171.0 175.0 176.0 177.0 199.0
64 63.0 103.0 97.0 110.0 191.0 112.0 116.0 117.0 119.0 151.0
76 51.0 124.0 93.0 74.0 114.0 8.0 12.0 27.0 28.0 64.0
77 55.0 128.0 96.0 78.0 116.0 10.0 14.0 31.0 32.0 65.0
78 54.0 127.0 95.0 77.0 112.0 6.0 10.0 26.0 28.0 62.0
81 61.0 104.0 73.0 54.0 154.0 44.0 48.0 33.0 35.0 104.0
88 55.0 108.0 77.0 58.0 130.0 19.0 23.0 11.0 12.0 79.0
92 132.0 209.0 177.0 159.0 22.0 92.0 90.0 117.0 119.0 40.0
100 119.0 196.0 164.0 146.0 39.0 74.0 72.0 99.0 101.0 39.0
108 126.0 203.0 171.0 153.0 32.0 81.0 79.0 106.0 107.0 40.0
109 126.0 202.0 171.0 152.0 33.0 81.0 79.0 106.0 107.0 40.0
110 146.0 222.0 190.0 172.0 3.0 106.0 103.0 130.0 132.0 53.0
114 142.0 219.0 187.0 169.0 8.0 102.0 100.0 127.0 129.0 50.0

#distancia entre alojamientos y puentes
: 2 3 8 15 16 17 22 29 32 33 36 37 45 48 49 50 51 52 64 76 77 78 81 88 92 100 108 109 110 114:=
123 79.0 106.0 63.0 60.0 120.0 89.0 29.0 69.0 61.0 63.0 21.0 55.0 58.0 69.0 98.0 106.0 98.0 99.0 64.0 52.0 55.0 54.0 54.0 56.0 133.0 120.0 127.0 127.0 147.0 144.0
127 55.0 31.0 51.0 59.0 12.0 20.0 105.0 71.0 80.0 73.0 118.0 99.0 98.0 112.0 140.0 148.0 140.0 142.0 104.0 123.0 126.0 125.0 96.0 107.0 209.0 196.0 203.0 202.0 223.0 219.0
128 24.0 34.0 17.0 28.0 45.0 14.0 74.0 65.0 74.0 67.0 87.0 93.0 92.0 106.0 134.0 142.0 134.0 135.0 98.0 91.0 95.0 94.0 65.0 76.0 178.0 164.0 171.0 171.0 191.0 188.0
129 43.0 53.0 5.0 10.0 62.0 31.0 75.0 84.0 93.0 86.0 68.0 103.0 105.0 116.0 145.0 153.0 145.0 147.0 111.0 73.0 77.0 76.0 47.0 57.0 160.0 146.0 153.0 153.0 173.0 170.0
130 214.0 227.0 179.0 175.0 236.0 205.0 165.0 206.0 198.0 200.0 158.0 183.0 195.0 180.0 217.0 225.0 217.0 219.0 193.0 113.0 114.0 111.0 146.0 129.0 21.0 40.0 33.0 33.0 3.0 8.0
137 120.0 130.0 82.0 79.0 139.0 108.0 76.0 117.0 110.0 112.0 70.0 104.0 107.0 118.0 146.0 155.0 146.0 148.0 112.0 8.0 6.0 6.0 37.0 20.0 93.0 75.0 82.0 82.0 107.0 103.0
140 123.0 134.0 86.0 82.0 142.0 112.0 80.0 121.0 113.0 116.0 74.0 108.0 110.0 122.0 150.0 158.0 150.0 152.0 116.0 12.0 10.0 9.0 40.0 24.0 91.0 73.0 80.0 80.0 104.0 101.0
143 109.0 119.0 71.0 68.0 128.0 98.0 81.0 122.0 115.0 117.0 75.0 109.0 111.0 123.0 151.0 160.0 151.0 153.0 117.0 27.0 27.0 27.0 26.0 11.0 118.0 100.0 107.0 107.0 132.0 129.0
144 110.0 121.0 73.0 69.0 129.0 99.0 82.0 123.0 116.0 118.0 76.0 110.0 113.0 124.0 153.0 161.0 152.0 154.0 118.0 28.0 28.0 28.0 27.0 12.0 120.0 101.0 108.0 108.0 133.0 130.0
147 163.0 175.0 127.0 124.0 184.0 154.0 113.0 154.0 147.0 149.0 107.0 141.0 143.0 142.0 179.0 187.0 179.0 181.0 149.0 62.0 64.0 60.0 95.0 78.0 41.0 39.0 41.0 41.0 54.0 51.0

#distancia entre depositos y puentes
: 2 3 8 15 16 17 22 29 32 33 36 37 45 48 49 50 51 52 64 76 77 78 81 88 92 100 108 109 110 114:=
0 60.0 59.0 99.0 96.0 77.0 95.0 33.0 22.0 14.0 16.0 33.0 11.0 10.0 23.0 51.0 60.0 51.0 53.0 16.0 89.0 92.0 92.0 91.0 92.0 171.0 157.0 164.0 164.0 184.0 181.0
1 141.0 151.0 103.0 100.0 160.0 130.0 96.0 136.0 129.0 131.0 89.0 123.0 126.0 135.0 166.0 174.0 165.0 167.0 131.0 27.0 27.0 25.0 58.0 41.0 80.0 61.0 68.0 68.0 93.0 90.0

#distancia entre puentes y depositos
: 0 1:=
2 59.0 140.0
3 59.0 150.0
8 99.0 102.0
15 96.0 99.0
16 77.0 158.0
17 95.0 128.0
22 33.0 96.0
29 22.0 137.0
32 14.0 129.0
33 16.0 131.0
36 33.0 88.0
37 11.0 124.0
45 10.0 126.0
48 24.0 134.0
49 77.0 191.0
50 59.0 174.0
51 51.0 166.0
52 75.0 190.0
64 15.0 131.0
76 89.0 27.0
77 92.0 29.0
78 91.0 25.0
81 97.0 65.0
88 91.0 40.0
92 169.0 79.0
100 156.0 60.0
108 163.0 67.0
109 163.0 67.0
110 182.0 92.0
114 179.0 89.0

;