set O:= 0 1;
set N:= 20 28 29 45 64 77 85 86 92 114;
set M:= 123 127 128 140;
set K:= 1 2 3;
param D:= 100;
param Q:= 540;
param v:= 2000000;
param f:= 
123 26037
127 25694
128 39740
140 48596
;
param:	xcoord ycoord w q:=
0 -32.75044 -70.72613 0 1 
1 -33.0433 -71.624 0 1 
20 -32.69998 -70.93128 51 1 
28 -32.86292 -70.94795 99 1 
29 -32.58297 -70.73334 108 1 
45 -32.74039 -70.64 42 1 
64 -32.75022 -70.59169 119 1 
77 -32.9314 -71.47561 30 1 
85 -32.8625 -71.46772 106 1 
86 -32.86452 -71.49062 87 1 
92 -33.58655 -71.52943 57 1 
114 -33.63163 -71.61037 97 1 
123 -32.88254 -71.09009 0 1 
127 -32.24898 -70.9333 0 1 
128 -32.43019 -71.07467 0 1 
140 -32.93024 -71.55027 0 1 
;
param d[*,*]
#distancia de viaje entre puentes
: 20 28 29 45 64 77 85 86 92 114:=
20 0.0 24.0 54.0 49.0 55.0 79.0 84.0 87.0 157.0 167.0
28 23.0 0.0 56.0 45.0 51.0 67.0 72.0 75.0 145.0 155.0
29 54.0 57.0 0.0 31.0 37.0 113.0 118.0 121.0 191.0 202.0
45 49.0 45.0 30.0 0.0 6.0 102.0 107.0 110.0 180.0 191.0
64 54.0 51.0 36.0 6.0 0.0 107.0 112.0 116.0 185.0 193.0
77 79.0 66.0 113.0 102.0 108.0 0.0 15.0 17.0 100.0 110.0
85 83.0 70.0 117.0 106.0 112.0 14.0 0.0 3.0 106.0 116.0
86 85.0 73.0 119.0 108.0 114.0 12.0 2.0 0.0 104.0 114.0
92 156.0 143.0 190.0 179.0 185.0 98.0 105.0 104.0 0.0 16.0
114 166.0 153.0 200.0 189.0 195.0 108.0 115.0 113.0 15.0 0.0

#distancia viaje entre puentes y alojamientos
: 123 127 128 140:=
20 36.0 101.0 70.0 87.0
28 22.0 119.0 87.0 75.0
29 69.0 71.0 65.0 122.0
45 58.0 98.0 92.0 111.0
64 63.0 103.0 97.0 116.0
77 55.0 128.0 96.0 14.0
85 59.0 118.0 87.0 15.0
86 62.0 119.0 87.0 13.0
92 132.0 209.0 177.0 90.0
114 142.0 219.0 187.0 100.0

#distancia entre alojamientos y puentes
: 20 28 29 45 64 77 85 86 92 114:=
123 36.0 22.0 69.0 58.0 64.0 55.0 60.0 63.0 133.0 144.0
127 101.0 119.0 71.0 98.0 104.0 126.0 115.0 117.0 209.0 219.0
128 70.0 88.0 65.0 92.0 98.0 95.0 83.0 86.0 178.0 188.0
140 87.0 75.0 121.0 110.0 116.0 10.0 15.0 14.0 91.0 101.0

#distancia entre depositos y puentes
: 20 28 29 45 64 77 85 86 92 114:=
0 39.0 36.0 22.0 10.0 16.0 92.0 97.0 101.0 171.0 181.0
1 102.0 90.0 136.0 126.0 131.0 27.0 33.0 31.0 80.0 90.0

#distancia entre puentes y depositos
: 0 1:=
20 40.0 103.0
28 35.0 91.0
29 22.0 137.0
45 10.0 126.0
64 15.0 131.0
77 92.0 29.0
85 96.0 32.0
86 99.0 30.0
92 169.0 79.0
114 179.0 89.0

;