set O:= 0 1;
set N:= 10 15 35 36 39 44 50 62 70 73 77 81 87 101 103 105 106 108 109 114;
set M:= 122 128 130 134 147;
set K:= 1 2 3;
param D:= 100;
param Q:= 540;
param v:= 2000000;
param f:= 
122 24000
128 39740
130 45000
134 96841
147 45000
;
param:	xcoord ycoord w q:=
0 -32.75044 -70.72613 0 1 
1 -33.0433 -71.624 0 1 
10 -32.43335 -71.23322 48 1 
15 -32.44511 -71.32299 71 1 
35 -32.7126 -70.74393 65 1 
36 -32.83944 -71.00021 66 1 
39 -32.74002 -70.64044 105 1 
44 -32.76742 -70.61154 38 1 
50 -32.87857 -70.20821 39 1 
62 -32.76924 -70.56035 84 1 
70 -33.29115 -71.47716 94 1 
73 -33.20765 -71.57225 80 1 
77 -32.9314 -71.47561 30 1 
81 -32.68399 -71.39191 70 1 
87 -32.83144 -71.47526 89 1 
101 -33.34522 -71.64882 59 1 
103 -33.35491 -71.65289 40 1 
105 -33.53115 -71.54035 119 1 
106 -33.53398 -71.59339 54 1 
108 -33.44564 -71.67852 41 1 
109 -33.44473 -71.67916 117 1 
114 -33.63163 -71.61037 97 1 
122 -32.77961 -70.95976 0 1 
128 -32.43019 -71.07467 0 1 
130 -33.65802 -71.56785 0 1 
134 -33.61172 -71.60733 0 1 
147 -33.32534 -71.38598 0 1 
;
param d[*,*]
#distancia de viaje entre puentes
: 10 15 35 36 39 44 50 62 70 73 77 81 87 101 103 105 106 108 109 114:=
10 0.0 11.0 100.0 70.0 106.0 110.0 155.0 116.0 120.0 119.0 78.0 48.0 65.0 141.0 142.0 156.0 160.0 154.0 154.0 171.0
15 11.0 0.0 100.0 69.0 106.0 109.0 154.0 115.0 119.0 118.0 78.0 48.0 64.0 140.0 141.0 155.0 159.0 154.0 154.0 171.0
35 99.0 99.0 0.0 37.0 14.0 17.0 64.0 24.0 133.0 137.0 96.0 94.0 103.0 154.0 155.0 169.0 174.0 168.0 168.0 185.0
36 68.0 67.0 37.0 0.0 43.0 46.0 91.0 52.0 101.0 105.0 64.0 62.0 71.0 122.0 123.0 137.0 141.0 135.0 135.0 152.0
39 106.0 105.0 14.0 42.0 0.0 6.0 56.0 11.0 139.0 143.0 102.0 100.0 109.0 160.0 161.0 175.0 180.0 174.0 174.0 191.0
44 109.0 108.0 17.0 45.0 6.0 0.0 53.0 8.0 142.0 146.0 105.0 103.0 112.0 163.0 164.0 178.0 183.0 177.0 177.0 193.0
50 154.0 153.0 64.0 91.0 56.0 52.0 0.0 48.0 186.0 191.0 150.0 149.0 157.0 207.0 208.0 212.0 217.0 218.0 218.0 226.0
62 116.0 115.0 24.0 52.0 11.0 8.0 48.0 0.0 149.0 153.0 112.0 110.0 118.0 169.0 171.0 177.0 181.0 183.0 183.0 191.0
70 119.0 119.0 133.0 102.0 138.0 142.0 186.0 148.0 0.0 25.0 58.0 89.0 66.0 21.0 22.0 36.0 40.0 35.0 35.0 52.0
73 120.0 119.0 137.0 106.0 142.0 146.0 190.0 152.0 25.0 0.0 45.0 77.0 54.0 29.0 30.0 61.0 57.0 43.0 43.0 70.0
77 79.0 79.0 96.0 65.0 102.0 106.0 150.0 112.0 58.0 46.0 0.0 37.0 20.0 74.0 76.0 94.0 99.0 88.0 88.0 110.0
81 56.0 55.0 101.0 70.0 107.0 111.0 155.0 117.0 97.0 85.0 44.0 0.0 31.0 113.0 114.0 133.0 137.0 127.0 127.0 148.0
87 66.0 65.0 102.0 71.0 108.0 112.0 156.0 118.0 66.0 54.0 16.0 23.0 0.0 83.0 84.0 102.0 107.0 96.0 96.0 118.0
101 140.0 140.0 153.0 123.0 159.0 163.0 207.0 169.0 21.0 29.0 73.0 105.0 82.0 0.0 1.0 34.0 28.0 14.0 14.0 41.0
103 141.0 141.0 155.0 124.0 160.0 164.0 208.0 170.0 22.0 30.0 75.0 106.0 83.0 1.0 0.0 33.0 27.0 13.0 13.0 40.0
105 155.0 154.0 168.0 137.0 174.0 177.0 214.0 179.0 36.0 61.0 93.0 125.0 101.0 33.0 32.0 0.0 7.0 21.0 21.0 19.0
106 160.0 159.0 173.0 142.0 179.0 183.0 219.0 184.0 41.0 56.0 98.0 130.0 107.0 27.0 26.0 7.0 0.0 14.0 14.0 13.0
108 154.0 153.0 167.0 136.0 173.0 177.0 220.0 183.0 35.0 43.0 87.0 119.0 96.0 14.0 13.0 21.0 14.0 0.0 0.0 27.0
109 154.0 153.0 167.0 136.0 173.0 176.0 220.0 183.0 34.0 43.0 87.0 119.0 95.0 14.0 13.0 21.0 14.0 0.0 0.0 27.0
114 170.0 170.0 183.0 153.0 189.0 193.0 228.0 193.0 51.0 70.0 108.0 140.0 117.0 41.0 40.0 19.0 13.0 27.0 27.0 0.0

#distancia viaje entre puentes y alojamientos
: 122 128 130 134 147:=
10 73.0 21.0 177.0 169.0 126.0
15 72.0 28.0 176.0 168.0 125.0
35 28.0 78.0 191.0 183.0 139.0
36 11.0 85.0 158.0 150.0 107.0
39 39.0 92.0 194.0 188.0 145.0
44 42.0 95.0 191.0 192.0 148.0
50 87.0 142.0 223.0 226.0 184.0
62 48.0 102.0 188.0 190.0 148.0
70 105.0 136.0 57.0 49.0 12.0
73 109.0 137.0 76.0 68.0 32.0
77 69.0 96.0 116.0 108.0 65.0
81 74.0 73.0 154.0 146.0 104.0
87 75.0 83.0 124.0 116.0 74.0
101 126.0 157.0 47.0 39.0 32.0
103 127.0 158.0 46.0 38.0 33.0
105 141.0 172.0 25.0 17.0 35.0
106 146.0 177.0 19.0 11.0 40.0
108 140.0 171.0 32.0 24.0 40.0
109 139.0 171.0 33.0 25.0 40.0
114 156.0 187.0 8.0 2.0 50.0

#distancia entre alojamientos y puentes
: 10 15 35 36 39 44 50 62 70 73 77 81 87 101 103 105 106 108 109 114:=
122 73.0 72.0 28.0 10.0 39.0 43.0 87.0 49.0 106.0 110.0 69.0 67.0 76.0 127.0 128.0 142.0 146.0 141.0 141.0 158.0
128 21.0 28.0 78.0 87.0 92.0 95.0 142.0 102.0 137.0 136.0 95.0 65.0 82.0 157.0 159.0 173.0 177.0 171.0 171.0 188.0
130 176.0 175.0 189.0 158.0 195.0 193.0 225.0 190.0 57.0 76.0 114.0 146.0 123.0 47.0 45.0 24.0 19.0 33.0 33.0 8.0
134 168.0 167.0 181.0 150.0 187.0 190.0 227.0 192.0 48.0 68.0 106.0 137.0 114.0 38.0 37.0 16.0 11.0 25.0 25.0 2.0
147 125.0 124.0 138.0 107.0 143.0 147.0 187.0 152.0 12.0 32.0 64.0 95.0 72.0 32.0 33.0 35.0 40.0 41.0 41.0 51.0

#distancia entre depositos y puentes
: 10 15 35 36 39 44 50 62 70 73 77 81 87 101 103 105 106 108 109 114:=
0 96.0 96.0 5.0 33.0 10.0 14.0 60.0 20.0 129.0 133.0 92.0 91.0 99.0 150.0 151.0 165.0 170.0 164.0 164.0 181.0
1 100.0 100.0 120.0 89.0 126.0 129.0 174.0 135.0 38.0 26.0 27.0 58.0 35.0 54.0 55.0 74.0 79.0 68.0 68.0 90.0

#distancia entre puentes y depositos
: 0 1:=
10 97.0 99.0
15 96.0 99.0
35 5.0 120.0
36 33.0 88.0
39 10.0 126.0
44 13.0 129.0
50 59.0 174.0
62 20.0 136.0
70 128.0 38.0
73 132.0 26.0
77 92.0 29.0
81 97.0 65.0
87 98.0 34.0
101 149.0 54.0
103 150.0 55.0
105 164.0 73.0
106 169.0 78.0
108 163.0 67.0
109 163.0 67.0
114 179.0 89.0

;