set O:= 0 1;
set N:= 2 4 8 13 22 25 36 37 39 44 48 49 51 52 57 59 62 63 70 71 75 76 78 86 88 92 98 107 108 114;
set M:= 122 123 124 127 128 130 137 140 144 147;
set K:= 1 2 3 4 5;
param D:= 100;
param Q:= 540;
param v:= 2000000;
param f:= 
122 24000
123 26037
124 63000
127 25694
128 39740
130 45000
137 27856
140 48596
144 52000
147 45000
;
param:	xcoord ycoord w q:=
0 -32.75044 -70.72613 0 1 
1 -33.0433 -71.624 0 1 
2 -32.5191 -70.92373 38 1 
4 -32.44056 -71.00665 106 1 
8 -32.44708 -71.19315 110 1 
13 -32.34055 -71.17481 99 1 
22 -32.75643 -70.94537 48 1 
25 -32.86219 -70.89013 69 1 
36 -32.83944 -71.00021 66 1 
37 -32.81691 -70.71195 53 1 
39 -32.74002 -70.64044 105 1 
44 -32.76742 -70.61154 38 1 
48 -32.88608 -70.59211 103 1 
49 -32.90731 -70.28602 104 1 
51 -32.90645 -70.28716 50 1 
52 -32.90338 -70.26912 86 1 
57 -32.89552 -70.6746 98 1 
59 -32.83316 -70.70835 85 1 
62 -32.76924 -70.56035 84 1 
63 -32.76227 -70.50125 44 1 
70 -33.29115 -71.47716 94 1 
71 -33.29475 -71.41066 32 1 
75 -32.91508 -71.49869 66 1 
76 -32.93269 -71.43975 112 1 
78 -32.93288 -71.46643 63 1 
86 -32.86452 -71.49062 87 1 
88 -32.80869 -71.44189 36 1 
92 -33.58655 -71.52943 57 1 
98 -32.98749 -71.50073 83 1 
107 -33.42116 -71.69462 116 1 
108 -33.44564 -71.67852 41 1 
114 -33.63163 -71.61037 97 1 
122 -32.77961 -70.95976 0 1 
123 -32.88254 -71.09009 0 1 
124 -32.85659 -70.41855 0 1 
127 -32.24898 -70.9333 0 1 
128 -32.43019 -71.07467 0 1 
130 -33.65802 -71.56785 0 1 
137 -32.91915 -71.52057 0 1 
140 -32.93024 -71.55027 0 1 
144 -32.77144 -71.53401 0 1 
147 -33.32534 -71.38598 0 1 
;
param d[*,*]
#distancia de viaje entre puentes
: 2 4 8 13 22 25 36 37 39 44 48 49 51 52 57 59 62 63 70 71 75 76 78 86 88 92 98 107 108 114:=
2 0.0 16.0 41.0 42.0 50.0 70.0 63.0 69.0 69.0 72.0 82.0 110.0 110.0 112.0 77.0 71.0 79.0 86.0 158.0 159.0 116.0 115.0 118.0 109.0 99.0 200.0 126.0 190.0 193.0 210.0
4 16.0 0.0 25.0 27.0 66.0 85.0 79.0 84.0 84.0 87.0 98.0 126.0 126.0 127.0 93.0 86.0 94.0 101.0 145.0 145.0 101.0 100.0 102.0 94.0 84.0 186.0 110.0 176.0 180.0 196.0
8 41.0 25.0 0.0 20.0 79.0 77.0 73.0 107.0 109.0 112.0 120.0 149.0 149.0 151.0 115.0 109.0 119.0 126.0 122.0 122.0 78.0 77.0 80.0 71.0 61.0 164.0 88.0 154.0 157.0 174.0
13 42.0 27.0 20.0 0.0 92.0 93.0 88.0 111.0 110.0 113.0 124.0 152.0 152.0 154.0 119.0 113.0 120.0 127.0 138.0 138.0 94.0 93.0 95.0 87.0 77.0 179.0 103.0 169.0 172.0 189.0
22 50.0 66.0 78.0 92.0 0.0 20.0 13.0 40.0 43.0 46.0 54.0 82.0 82.0 84.0 48.0 42.0 52.0 59.0 109.0 109.0 76.0 68.0 71.0 80.0 72.0 150.0 79.0 140.0 143.0 160.0
25 70.0 85.0 77.0 92.0 20.0 0.0 12.0 46.0 48.0 52.0 53.0 88.0 88.0 90.0 44.0 48.0 58.0 65.0 108.0 108.0 75.0 67.0 70.0 79.0 70.0 149.0 78.0 139.0 142.0 159.0
36 64.0 79.0 70.0 86.0 14.0 12.0 0.0 40.0 43.0 46.0 54.0 83.0 82.0 84.0 49.0 42.0 52.0 60.0 101.0 101.0 68.0 60.0 63.0 72.0 64.0 142.0 71.0 132.0 135.0 152.0
37 69.0 84.0 106.0 111.0 40.0 47.0 40.0 0.0 17.0 21.0 17.0 47.0 47.0 49.0 11.0 3.0 20.0 27.0 137.0 137.0 104.0 96.0 99.0 108.0 100.0 175.0 107.0 168.0 171.0 183.0
39 68.0 83.0 109.0 110.0 42.0 49.0 42.0 17.0 0.0 6.0 22.0 48.0 48.0 50.0 25.0 20.0 11.0 18.0 139.0 139.0 106.0 99.0 101.0 110.0 102.0 180.0 109.0 171.0 174.0 191.0
44 71.0 87.0 112.0 113.0 45.0 52.0 45.0 20.0 6.0 0.0 18.0 44.0 44.0 46.0 22.0 23.0 8.0 15.0 142.0 142.0 110.0 102.0 104.0 113.0 105.0 183.0 112.0 174.0 177.0 193.0
48 83.0 98.0 120.0 124.0 54.0 52.0 54.0 17.0 21.0 18.0 0.0 40.0 40.0 42.0 9.0 16.0 15.0 22.0 141.0 141.0 118.0 110.0 113.0 122.0 113.0 172.0 120.0 172.0 173.0 181.0
49 135.0 151.0 174.0 177.0 108.0 115.0 108.0 73.0 73.0 69.0 66.0 0.0 1.0 2.0 71.0 73.0 65.0 72.0 203.0 203.0 172.0 164.0 167.0 176.0 167.0 235.0 174.0 234.0 235.0 243.0
51 109.0 125.0 148.0 151.0 82.0 89.0 82.0 47.0 47.0 44.0 40.0 4.0 0.0 2.0 46.0 47.0 39.0 46.0 177.0 178.0 146.0 139.0 141.0 150.0 142.0 209.0 149.0 208.0 209.0 217.0
52 133.0 149.0 172.0 175.0 106.0 113.0 106.0 71.0 71.0 68.0 64.0 2.0 3.0 0.0 70.0 71.0 63.0 70.0 201.0 202.0 170.0 162.0 165.0 174.0 166.0 233.0 173.0 232.0 233.0 241.0
57 77.0 93.0 114.0 119.0 48.0 44.0 48.0 11.0 25.0 22.0 9.0 46.0 46.0 48.0 0.0 9.0 19.0 26.0 132.0 132.0 112.0 105.0 107.0 116.0 108.0 164.0 115.0 163.0 164.0 172.0
59 71.0 86.0 108.0 113.0 42.0 48.0 42.0 3.0 20.0 23.0 16.0 47.0 47.0 49.0 9.0 0.0 20.0 27.0 139.0 139.0 106.0 98.0 101.0 110.0 102.0 173.0 109.0 170.0 173.0 181.0
62 78.0 94.0 118.0 120.0 52.0 58.0 52.0 20.0 11.0 8.0 15.0 40.0 40.0 41.0 19.0 20.0 0.0 7.0 149.0 149.0 116.0 108.0 111.0 120.0 112.0 182.0 119.0 180.0 183.0 191.0
63 85.0 101.0 125.0 127.0 59.0 65.0 59.0 27.0 18.0 15.0 22.0 47.0 47.0 49.0 26.0 27.0 7.0 0.0 156.0 156.0 123.0 115.0 118.0 127.0 119.0 189.0 126.0 187.0 190.0 198.0
70 158.0 144.0 122.0 138.0 108.0 106.0 102.0 136.0 138.0 142.0 142.0 178.0 178.0 180.0 133.0 138.0 148.0 155.0 0.0 10.0 55.0 56.0 54.0 63.0 72.0 41.0 46.0 32.0 35.0 52.0
71 158.0 145.0 122.0 138.0 108.0 107.0 102.0 136.0 138.0 142.0 142.0 178.0 178.0 180.0 133.0 138.0 148.0 155.0 10.0 0.0 56.0 57.0 55.0 64.0 73.0 42.0 47.0 41.0 43.0 53.0
75 117.0 102.0 79.0 95.0 76.0 74.0 70.0 104.0 106.0 110.0 118.0 146.0 146.0 148.0 112.0 106.0 116.0 123.0 56.0 57.0 0.0 8.0 5.0 8.0 17.0 97.0 10.0 82.0 86.0 107.0
76 116.0 101.0 78.0 94.0 68.0 67.0 62.0 96.0 98.0 102.0 110.0 138.0 138.0 140.0 104.0 98.0 108.0 115.0 57.0 58.0 8.0 0.0 3.0 14.0 16.0 98.0 10.0 83.0 87.0 108.0
78 119.0 103.0 81.0 96.0 71.0 69.0 64.0 99.0 101.0 105.0 112.0 141.0 141.0 143.0 107.0 101.0 111.0 118.0 55.0 56.0 5.0 3.0 0.0 13.0 19.0 96.0 9.0 81.0 85.0 106.0
86 111.0 95.0 73.0 88.0 78.0 77.0 72.0 106.0 109.0 112.0 120.0 148.0 148.0 150.0 114.0 108.0 118.0 125.0 62.0 64.0 7.0 13.0 12.0 0.0 12.0 104.0 17.0 89.0 92.0 114.0
88 100.0 85.0 62.0 78.0 71.0 69.0 65.0 99.0 101.0 105.0 112.0 141.0 141.0 143.0 107.0 101.0 111.0 118.0 72.0 74.0 17.0 16.0 18.0 11.0 0.0 114.0 26.0 99.0 102.0 124.0
92 199.0 185.0 163.0 178.0 149.0 147.0 143.0 177.0 179.0 183.0 175.0 211.0 211.0 213.0 166.0 175.0 185.0 192.0 41.0 42.0 96.0 97.0 95.0 104.0 113.0 0.0 87.0 29.0 26.0 16.0
98 126.0 111.0 89.0 104.0 79.0 77.0 72.0 106.0 109.0 112.0 120.0 149.0 148.0 150.0 115.0 108.0 118.0 126.0 46.0 48.0 9.0 10.0 8.0 17.0 26.0 88.0 0.0 73.0 76.0 98.0
107 189.0 176.0 154.0 169.0 140.0 138.0 133.0 167.0 170.0 173.0 173.0 210.0 209.0 211.0 164.0 169.0 180.0 187.0 31.0 41.0 82.0 82.0 81.0 89.0 98.0 29.0 72.0 0.0 3.0 30.0
108 192.0 179.0 157.0 172.0 143.0 141.0 136.0 170.0 173.0 177.0 175.0 211.0 211.0 213.0 166.0 172.0 183.0 190.0 35.0 42.0 85.0 86.0 84.0 92.0 102.0 25.0 75.0 3.0 0.0 27.0
114 209.0 195.0 173.0 188.0 159.0 157.0 153.0 185.0 189.0 193.0 183.0 219.0 219.0 221.0 174.0 183.0 193.0 200.0 51.0 52.0 106.0 107.0 105.0 113.0 123.0 15.0 96.0 30.0 27.0 0.0

#distancia viaje entre puentes y alojamientos
: 122 123 124 127 128 130 137 140 144 147:=
2 53.0 78.0 93.0 55.0 24.0 216.0 119.0 123.0 109.0 164.0
4 69.0 86.0 109.0 40.0 8.0 202.0 103.0 107.0 94.0 151.0
8 76.0 63.0 132.0 51.0 17.0 180.0 81.0 85.0 71.0 128.0
13 91.0 79.0 135.0 39.0 21.0 195.0 96.0 100.0 87.0 144.0
22 4.0 29.0 66.0 105.0 74.0 166.0 77.0 81.0 83.0 115.0
25 16.0 26.0 71.0 123.0 91.0 165.0 75.0 79.0 82.0 114.0
36 11.0 19.0 66.0 116.0 85.0 158.0 69.0 73.0 75.0 107.0
37 37.0 55.0 30.0 99.0 93.0 180.0 105.0 109.0 111.0 141.0
39 39.0 58.0 31.0 98.0 92.0 194.0 107.0 111.0 114.0 145.0
44 42.0 61.0 27.0 101.0 95.0 191.0 110.0 114.0 117.0 148.0
48 50.0 69.0 23.0 113.0 106.0 178.0 118.0 122.0 125.0 139.0
49 104.0 123.0 43.0 165.0 159.0 240.0 172.0 176.0 179.0 201.0
51 79.0 97.0 18.0 139.0 133.0 215.0 147.0 151.0 153.0 175.0
52 103.0 121.0 42.0 163.0 157.0 239.0 171.0 175.0 177.0 199.0
57 45.0 64.0 29.0 107.0 101.0 169.0 113.0 117.0 120.0 130.0
59 38.0 57.0 31.0 101.0 95.0 178.0 106.0 110.0 113.0 139.0
62 48.0 67.0 23.0 108.0 102.0 188.0 116.0 120.0 123.0 148.0
63 55.0 74.0 30.0 115.0 109.0 195.0 123.0 127.0 130.0 155.0
70 105.0 92.0 161.0 168.0 136.0 57.0 52.0 49.0 78.0 12.0
71 105.0 92.0 161.0 168.0 136.0 59.0 53.0 51.0 79.0 7.0
75 73.0 59.0 129.0 125.0 94.0 113.0 2.0 6.0 23.0 63.0
76 65.0 51.0 121.0 124.0 93.0 114.0 8.0 12.0 28.0 64.0
78 68.0 54.0 124.0 127.0 95.0 112.0 6.0 10.0 28.0 62.0
86 75.0 62.0 132.0 119.0 87.0 120.0 9.0 13.0 16.0 69.0
88 68.0 55.0 124.0 108.0 77.0 130.0 19.0 23.0 12.0 79.0
92 146.0 132.0 195.0 209.0 177.0 22.0 92.0 90.0 119.0 40.0
98 75.0 61.0 132.0 134.0 103.0 104.0 9.0 11.0 32.0 53.0
107 136.0 123.0 193.0 199.0 168.0 36.0 78.0 76.0 104.0 41.0
108 140.0 126.0 195.0 203.0 171.0 32.0 81.0 79.0 107.0 40.0
114 156.0 142.0 203.0 219.0 187.0 8.0 102.0 100.0 129.0 50.0

#distancia entre alojamientos y puentes
: 2 4 8 13 22 25 36 37 39 44 48 49 51 52 57 59 62 63 70 71 75 76 78 86 88 92 98 107 108 114:=
122 53.0 69.0 76.0 91.0 3.0 16.0 10.0 37.0 39.0 43.0 50.0 79.0 79.0 81.0 45.0 39.0 49.0 56.0 106.0 106.0 73.0 66.0 68.0 77.0 69.0 147.0 76.0 138.0 141.0 158.0
123 79.0 85.0 63.0 78.0 29.0 26.0 21.0 55.0 58.0 61.0 69.0 98.0 98.0 99.0 64.0 57.0 68.0 75.0 92.0 92.0 59.0 52.0 54.0 63.0 56.0 133.0 62.0 124.0 127.0 144.0
124 93.0 108.0 132.0 135.0 65.0 72.0 65.0 30.0 31.0 27.0 23.0 18.0 18.0 19.0 29.0 31.0 23.0 30.0 161.0 161.0 130.0 122.0 124.0 133.0 125.0 192.0 132.0 192.0 193.0 201.0
127 55.0 40.0 51.0 38.0 105.0 123.0 118.0 99.0 99.0 102.0 112.0 140.0 140.0 142.0 107.0 101.0 109.0 116.0 168.0 168.0 124.0 123.0 125.0 117.0 107.0 209.0 133.0 199.0 203.0 219.0
128 24.0 8.0 17.0 21.0 74.0 91.0 87.0 93.0 92.0 95.0 106.0 134.0 134.0 135.0 101.0 94.0 102.0 109.0 137.0 137.0 92.0 91.0 94.0 86.0 76.0 178.0 102.0 168.0 171.0 188.0
130 214.0 201.0 179.0 194.0 165.0 163.0 158.0 183.0 195.0 193.0 180.0 217.0 217.0 219.0 172.0 181.0 190.0 197.0 57.0 58.0 112.0 113.0 111.0 119.0 129.0 21.0 102.0 36.0 33.0 8.0
137 120.0 104.0 82.0 97.0 76.0 75.0 70.0 104.0 107.0 110.0 118.0 146.0 146.0 148.0 112.0 106.0 116.0 123.0 52.0 53.0 2.0 8.0 6.0 10.0 20.0 93.0 10.0 79.0 82.0 103.0
140 123.0 108.0 86.0 101.0 80.0 78.0 74.0 108.0 110.0 114.0 122.0 150.0 150.0 152.0 116.0 110.0 120.0 127.0 50.0 51.0 6.0 12.0 9.0 14.0 24.0 91.0 10.0 77.0 80.0 101.0
144 110.0 95.0 73.0 88.0 82.0 81.0 76.0 110.0 113.0 116.0 124.0 153.0 152.0 154.0 119.0 112.0 122.0 129.0 78.0 80.0 23.0 28.0 28.0 16.0 12.0 120.0 33.0 105.0 108.0 130.0
147 163.0 150.0 127.0 143.0 113.0 112.0 107.0 141.0 143.0 147.0 142.0 179.0 179.0 181.0 134.0 143.0 152.0 159.0 12.0 5.0 61.0 62.0 60.0 69.0 78.0 41.0 52.0 40.0 41.0 51.0

#distancia entre depositos y puentes
: 2 4 8 13 22 25 36 37 39 44 48 49 51 52 57 59 62 63 70 71 75 76 78 86 88 92 98 107 108 114:=
0 60.0 75.0 99.0 101.0 33.0 39.0 33.0 11.0 10.0 14.0 23.0 51.0 51.0 53.0 19.0 13.0 20.0 27.0 129.0 130.0 97.0 89.0 92.0 101.0 92.0 171.0 99.0 161.0 164.0 181.0
1 141.0 125.0 103.0 118.0 96.0 94.0 89.0 123.0 126.0 129.0 135.0 166.0 165.0 167.0 127.0 125.0 135.0 143.0 38.0 40.0 24.0 27.0 25.0 31.0 41.0 80.0 17.0 65.0 68.0 90.0

#distancia entre puentes y depositos
: 0 1:=
2 59.0 140.0
4 75.0 124.0
8 99.0 102.0
13 101.0 117.0
22 33.0 96.0
25 38.0 94.0
36 33.0 88.0
37 11.0 124.0
39 10.0 126.0
44 13.0 129.0
48 24.0 134.0
49 77.0 191.0
51 51.0 166.0
52 75.0 190.0
57 19.0 125.0
59 12.0 126.0
62 20.0 136.0
63 27.0 143.0
70 128.0 38.0
71 129.0 39.0
75 96.0 24.0
76 89.0 27.0
78 91.0 25.0
86 99.0 30.0
88 91.0 40.0
92 169.0 79.0
98 99.0 17.0
107 160.0 64.0
108 163.0 67.0
114 179.0 89.0

;