set O:= 0 1;
set N:= 14 33 37 76 89 96 104 105 108 119;
set M:= 124 130 131 140;
set K:= 1 2 3;
param D:= 100;
param Q:= 540;
param v:= 2000000;
param f:= 
124 63000
130 45000
131 73862
140 48596
;
param:	xcoord ycoord w q:=
0 -32.75044 -70.72613 0 1 
1 -33.0433 -71.624 0 1 
14 -32.51115 -71.42049 30 1 
33 -32.62252 -70.72251 72 1 
37 -32.81691 -70.71195 53 1 
76 -32.93269 -71.43975 112 1 
89 -33.10385 -71.66487 64 1 
96 -32.99633 -71.50138 105 1 
104 -33.61332 -71.40226 39 1 
105 -33.53115 -71.54035 119 1 
108 -33.44564 -71.67852 41 1 
119 -33.8283 -71.64323 81 1 
124 -32.85659 -70.41855 0 1 
130 -33.65802 -71.56785 0 1 
131 -33.65502 -71.62965 0 1 
140 -32.93024 -71.55027 0 1 
;
param d[*,*]
#distancia de viaje entre puentes
: 14 33 37 76 89 96 104 105 108 119:=
14 0.0 108.0 115.0 62.0 98.0 76.0 165.0 154.0 148.0 199.0
33 107.0 0.0 26.0 104.0 143.0 118.0 184.0 180.0 179.0 225.0
37 115.0 26.0 0.0 96.0 135.0 110.0 162.0 169.0 171.0 204.0
76 63.0 104.0 96.0 0.0 39.0 14.0 103.0 93.0 87.0 137.0
89 99.0 143.0 135.0 39.0 0.0 28.0 87.0 76.0 70.0 120.0
96 74.0 115.0 108.0 12.0 30.0 0.0 94.0 84.0 78.0 128.0
104 165.0 190.0 175.0 103.0 90.0 92.0 0.0 18.0 38.0 53.0
105 154.0 179.0 171.0 91.0 78.0 81.0 18.0 0.0 21.0 48.0
108 148.0 178.0 170.0 86.0 72.0 75.0 39.0 21.0 0.0 55.0
119 198.0 223.0 208.0 136.0 123.0 125.0 53.0 47.0 56.0 0.0

#distancia viaje entre puentes y alojamientos
: 124 130 131 140:=
14 141.0 176.0 174.0 69.0
33 50.0 202.0 200.0 116.0
37 30.0 180.0 187.0 109.0
76 121.0 114.0 112.0 12.0
89 160.0 98.0 96.0 31.0
96 133.0 105.0 103.0 12.0
104 192.0 21.0 28.0 96.0
105 189.0 25.0 23.0 85.0
108 195.0 32.0 30.0 79.0
119 225.0 37.0 30.0 129.0

#distancia entre alojamientos y puentes
: 14 33 37 76 89 96 104 105 108 119:=
124 141.0 50.0 30.0 122.0 160.0 136.0 179.0 187.0 193.0 222.0
130 175.0 200.0 183.0 113.0 100.0 102.0 21.0 24.0 33.0 37.0
131 173.0 198.0 189.0 111.0 98.0 100.0 28.0 22.0 31.0 30.0
140 70.0 116.0 108.0 12.0 31.0 13.0 96.0 86.0 80.0 130.0

#distancia entre depositos y puentes
: 14 33 37 76 89 96 104 105 108 119:=
0 108.0 16.0 11.0 89.0 128.0 103.0 170.0 165.0 164.0 210.0
1 87.0 131.0 123.0 27.0 12.0 16.0 85.0 74.0 68.0 119.0

#distancia entre puentes y depositos
: 0 1:=
14 108.0 86.0
33 16.0 131.0
37 11.0 124.0
76 89.0 27.0
89 127.0 12.0
96 100.0 18.0
104 175.0 85.0
105 164.0 73.0
108 163.0 67.0
119 208.0 118.0

;