set O:= 0 1;
set N:= 3 14 20 22 26 29 52 71 73 74 80 87 88 98 104;
set M:= 126 129 131 144 146;
set K:= 1 2 3;
param D:= 100;
param Q:= 540;
param v:= 2000000;
param f:= 
126 68517
129 42028
131 73862
144 52000
146 78000
;
param:	xcoord ycoord w q:=
0 -32.75044 -70.72613 0 1 
1 -33.0433 -71.624 0 1 
3 -32.35092 -70.79153 105 1 
14 -32.51115 -71.42049 30 1 
20 -32.69998 -70.93128 51 1 
22 -32.75643 -70.94537 48 1 
26 -32.84855 -70.98046 116 1 
29 -32.58297 -70.73334 108 1 
52 -32.90338 -70.26912 86 1 
71 -33.29475 -71.41066 32 1 
73 -33.20765 -71.57225 80 1 
74 -32.91961 -71.50488 57 1 
80 -32.63102 -71.41979 41 1 
87 -32.83144 -71.47526 89 1 
88 -32.80869 -71.44189 36 1 
98 -32.98749 -71.50073 83 1 
104 -33.61332 -71.40226 39 1 
126 -32.25311 -70.93619 0 1 
129 -32.44456 -71.22894 0 1 
131 -33.65502 -71.62965 0 1 
144 -32.77144 -71.53401 0 1 
146 -33.38843 -71.53636 0 1 
;
param d[*,*]
#distancia de viaje entre puentes
: 3 14 20 22 26 29 52 71 73 74 80 87 88 98 104:=
3 0.0 74.0 75.0 79.0 90.0 41.0 111.0 171.0 170.0 127.0 88.0 115.0 110.0 136.0 217.0
14 74.0 0.0 94.0 87.0 78.0 105.0 159.0 120.0 106.0 64.0 24.0 52.0 46.0 72.0 165.0
20 75.0 94.0 0.0 7.0 20.0 54.0 91.0 116.0 120.0 82.0 83.0 85.0 79.0 86.0 162.0
22 79.0 87.0 7.0 0.0 13.0 47.0 84.0 109.0 113.0 75.0 76.0 79.0 72.0 79.0 155.0
26 96.0 85.0 26.0 20.0 0.0 59.0 90.0 107.0 111.0 73.0 74.0 76.0 69.0 77.0 153.0
29 41.0 105.0 54.0 47.0 53.0 0.0 75.0 150.0 154.0 117.0 117.0 120.0 113.0 120.0 190.0
52 133.0 181.0 113.0 106.0 106.0 96.0 0.0 202.0 207.0 169.0 170.0 173.0 166.0 173.0 220.0
71 170.0 120.0 115.0 108.0 98.0 149.0 180.0 0.0 27.0 56.0 96.0 67.0 73.0 47.0 48.0
73 170.0 107.0 119.0 112.0 102.0 153.0 184.0 27.0 0.0 42.0 83.0 54.0 60.0 34.0 72.0
74 128.0 64.0 82.0 75.0 65.0 116.0 147.0 56.0 43.0 0.0 40.0 12.0 18.0 9.0 101.0
80 88.0 24.0 81.0 75.0 65.0 115.0 146.0 96.0 82.0 39.0 0.0 28.0 22.0 48.0 141.0
87 117.0 53.0 85.0 78.0 68.0 119.0 149.0 68.0 54.0 12.0 29.0 0.0 8.0 21.0 113.0
88 110.0 47.0 78.0 71.0 61.0 112.0 143.0 74.0 60.0 18.0 23.0 8.0 0.0 26.0 119.0
98 137.0 73.0 85.0 79.0 69.0 119.0 150.0 48.0 34.0 8.0 49.0 20.0 26.0 0.0 93.0
104 217.0 165.0 162.0 155.0 145.0 196.0 211.0 48.0 72.0 101.0 142.0 113.0 119.0 92.0 0.0

#distancia viaje entre puentes y alojamientos
: 126 129 131 144 146:=
3 32.0 53.0 226.0 120.0 192.0
14 71.0 22.0 174.0 56.0 140.0
20 101.0 81.0 171.0 90.0 137.0
22 104.0 74.0 164.0 83.0 130.0
26 121.0 72.0 162.0 81.0 128.0
29 71.0 84.0 205.0 125.0 171.0
52 164.0 168.0 245.0 177.0 215.0
71 168.0 118.0 57.0 79.0 24.0
73 168.0 118.0 74.0 66.0 46.0
74 125.0 76.0 110.0 23.0 76.0
80 85.0 36.0 150.0 32.0 115.0
87 114.0 64.0 122.0 12.0 88.0
88 108.0 58.0 128.0 12.0 94.0
98 134.0 84.0 102.0 32.0 67.0
104 214.0 165.0 28.0 125.0 44.0

#distancia entre alojamientos y puentes
: 3 14 20 22 26 29 52 71 73 74 80 87 88 98 104:=
126 32.0 71.0 101.0 104.0 114.0 71.0 142.0 167.0 166.0 124.0 84.0 112.0 106.0 132.0 214.0
129 53.0 22.0 82.0 75.0 65.0 84.0 147.0 118.0 118.0 75.0 35.0 63.0 57.0 83.0 165.0
131 225.0 173.0 170.0 163.0 153.0 204.0 225.0 56.0 74.0 109.0 149.0 121.0 127.0 100.0 28.0
144 121.0 57.0 89.0 82.0 73.0 123.0 154.0 80.0 66.0 23.0 33.0 12.0 12.0 33.0 125.0
146 192.0 141.0 137.0 130.0 120.0 171.0 196.0 24.0 45.0 76.0 117.0 88.0 94.0 68.0 43.0

#distancia entre depositos y puentes
: 3 14 20 22 26 29 52 71 73 74 80 87 88 98 104:=
0 59.0 108.0 39.0 33.0 32.0 22.0 53.0 130.0 133.0 96.0 96.0 99.0 92.0 99.0 170.0
1 151.0 87.0 102.0 96.0 86.0 136.0 167.0 40.0 26.0 23.0 63.0 35.0 41.0 17.0 85.0

#distancia entre puentes y depositos
: 0 1:=
3 59.0 150.0
14 108.0 86.0
20 40.0 103.0
22 33.0 96.0
26 38.0 93.0
29 22.0 137.0
52 75.0 190.0
71 129.0 39.0
73 132.0 26.0
74 96.0 23.0
80 95.0 62.0
87 98.0 34.0
88 91.0 40.0
98 99.0 17.0
104 175.0 85.0

;