set O:= 0 1;
set N:= 2 4 8 16 28 32 35 36 37 39 45 51 52 59 63 69 70 73 75 76 84 87 88 89 93 105 108 110 115 119;
set M:= 122 123 124 127 129 130 131 134 137 140;
set K:= 1 2 3 4 5;
param D:= 100;
param Q:= 540;
param v:= 2000000;
param f:= 
122 24000
123 26037
124 63000
127 25694
129 42028
130 45000
131 73862
134 96841
137 27856
140 48596
;
param:	xcoord ycoord w q:=
0 -32.75044 -70.72613 0 1 
1 -33.0433 -71.624 0 1 
2 -32.5191 -70.92373 38 1 
4 -32.44056 -71.00665 106 1 
8 -32.44708 -71.19315 110 1 
16 -32.21823 -70.82151 78 1 
28 -32.86292 -70.94795 99 1 
32 -32.66447 -70.697 94 1 
35 -32.7126 -70.74393 65 1 
36 -32.83944 -71.00021 66 1 
37 -32.81691 -70.71195 53 1 
39 -32.74002 -70.64044 105 1 
45 -32.74039 -70.64 42 1 
51 -32.90645 -70.28716 50 1 
52 -32.90338 -70.26912 86 1 
59 -32.83316 -70.70835 85 1 
63 -32.76227 -70.50125 44 1 
69 -33.37956 -71.38904 76 1 
70 -33.29115 -71.47716 94 1 
73 -33.20765 -71.57225 80 1 
75 -32.91508 -71.49869 66 1 
76 -32.93269 -71.43975 112 1 
84 -32.86028 -71.45447 70 1 
87 -32.83144 -71.47526 89 1 
88 -32.80869 -71.44189 36 1 
89 -33.10385 -71.66487 64 1 
93 -33.01883 -71.50131 58 1 
105 -33.53115 -71.54035 119 1 
108 -33.44564 -71.67852 41 1 
110 -33.63989 -71.57131 49 1 
115 -33.93803 -71.7365 56 1 
119 -33.8283 -71.64323 81 1 
122 -32.77961 -70.95976 0 1 
123 -32.88254 -71.09009 0 1 
124 -32.85659 -70.41855 0 1 
127 -32.24898 -70.9333 0 1 
129 -32.44456 -71.22894 0 1 
130 -33.65802 -71.56785 0 1 
131 -33.65502 -71.62965 0 1 
134 -33.61172 -71.60733 0 1 
137 -32.91915 -71.52057 0 1 
140 -32.93024 -71.55027 0 1 
;
param d[*,*]
#distancia de viaje entre puentes
: 2 4 8 16 28 32 35 36 37 39 45 51 52 59 63 69 70 73 75 76 84 87 88 89 93 105 108 110 115 119:=
2 0.0 16.0 41.0 48.0 66.0 50.0 54.0 63.0 69.0 69.0 68.0 110.0 112.0 71.0 86.0 169.0 158.0 160.0 116.0 115.0 106.0 105.0 99.0 151.0 130.0 194.0 193.0 213.0 257.0 239.0
4 16.0 0.0 25.0 45.0 82.0 66.0 70.0 79.0 84.0 84.0 84.0 126.0 127.0 86.0 101.0 155.0 145.0 144.0 101.0 100.0 90.0 90.0 84.0 136.0 115.0 181.0 180.0 200.0 244.0 225.0
8 41.0 25.0 0.0 62.0 73.0 91.0 95.0 73.0 107.0 109.0 109.0 149.0 151.0 109.0 126.0 132.0 122.0 122.0 78.0 77.0 68.0 67.0 61.0 113.0 92.0 158.0 157.0 177.0 221.0 203.0
16 48.0 45.0 62.0 0.0 112.0 68.0 72.0 109.0 87.0 86.0 86.0 128.0 130.0 89.0 103.0 189.0 179.0 178.0 135.0 134.0 124.0 124.0 118.0 170.0 149.0 215.0 213.0 234.0 278.0 259.0
28 66.0 82.0 73.0 111.0 0.0 48.0 39.0 9.0 43.0 45.0 45.0 85.0 87.0 45.0 62.0 114.0 104.0 108.0 71.0 63.0 70.0 73.0 67.0 102.0 78.0 140.0 138.0 159.0 203.0 184.0
32 50.0 66.0 91.0 68.0 49.0 0.0 9.0 45.0 24.0 23.0 23.0 65.0 66.0 25.0 40.0 152.0 142.0 146.0 110.0 102.0 109.0 112.0 105.0 140.0 117.0 178.0 177.0 197.0 235.0 223.0
35 54.0 70.0 95.0 72.0 40.0 9.0 0.0 37.0 15.0 14.0 14.0 56.0 58.0 17.0 31.0 143.0 133.0 137.0 101.0 93.0 100.0 103.0 96.0 132.0 108.0 169.0 168.0 188.0 226.0 214.0
36 64.0 79.0 70.0 109.0 8.0 46.0 37.0 0.0 40.0 43.0 43.0 82.0 84.0 42.0 60.0 111.0 101.0 105.0 68.0 60.0 67.0 71.0 64.0 99.0 76.0 137.0 135.0 156.0 200.0 181.0
37 69.0 84.0 106.0 87.0 43.0 24.0 15.0 40.0 0.0 17.0 17.0 47.0 49.0 3.0 27.0 143.0 137.0 141.0 104.0 96.0 103.0 107.0 100.0 135.0 111.0 169.0 171.0 178.0 214.0 204.0
39 68.0 83.0 109.0 86.0 46.0 23.0 14.0 42.0 17.0 0.0 0.0 48.0 50.0 20.0 18.0 149.0 139.0 143.0 106.0 99.0 106.0 109.0 102.0 137.0 114.0 175.0 174.0 191.0 228.0 219.0
45 68.0 83.0 109.0 86.0 45.0 22.0 14.0 42.0 17.0 0.0 0.0 48.0 49.0 20.0 18.0 149.0 139.0 143.0 106.0 99.0 106.0 109.0 102.0 137.0 114.0 175.0 174.0 191.0 228.0 219.0
51 109.0 125.0 148.0 127.0 85.0 64.0 55.0 82.0 47.0 47.0 47.0 0.0 2.0 47.0 46.0 177.0 177.0 183.0 146.0 139.0 145.0 149.0 142.0 177.0 154.0 204.0 209.0 212.0 249.0 239.0
52 133.0 149.0 172.0 151.0 109.0 88.0 79.0 106.0 71.0 71.0 71.0 3.0 0.0 71.0 70.0 201.0 201.0 207.0 170.0 162.0 169.0 173.0 166.0 201.0 177.0 228.0 233.0 236.0 272.0 263.0
59 71.0 86.0 108.0 89.0 45.0 26.0 17.0 42.0 3.0 20.0 20.0 47.0 49.0 0.0 27.0 141.0 139.0 143.0 106.0 98.0 105.0 108.0 102.0 137.0 113.0 167.0 173.0 176.0 212.0 202.0
63 85.0 101.0 125.0 103.0 62.0 40.0 31.0 59.0 27.0 18.0 18.0 47.0 49.0 27.0 0.0 158.0 156.0 160.0 123.0 115.0 122.0 125.0 119.0 154.0 130.0 184.0 190.0 192.0 229.0 219.0
69 168.0 155.0 132.0 189.0 113.0 152.0 143.0 112.0 146.0 148.0 148.0 180.0 182.0 144.0 160.0 0.0 16.0 37.0 66.0 67.0 77.0 77.0 83.0 54.0 53.0 30.0 37.0 48.0 92.0 74.0
70 158.0 144.0 122.0 179.0 103.0 141.0 133.0 102.0 136.0 138.0 138.0 178.0 180.0 138.0 155.0 16.0 0.0 25.0 55.0 56.0 66.0 66.0 72.0 43.0 41.0 36.0 35.0 55.0 99.0 80.0
73 160.0 145.0 122.0 179.0 106.0 145.0 137.0 106.0 140.0 142.0 142.0 182.0 184.0 142.0 159.0 36.0 25.0 0.0 43.0 44.0 54.0 54.0 60.0 31.0 29.0 61.0 43.0 73.0 117.0 99.0
75 117.0 102.0 79.0 136.0 71.0 109.0 101.0 70.0 104.0 106.0 106.0 146.0 148.0 106.0 123.0 67.0 56.0 43.0 0.0 8.0 11.0 11.0 17.0 35.0 14.0 92.0 86.0 110.0 154.0 136.0
76 116.0 101.0 78.0 135.0 63.0 102.0 93.0 62.0 96.0 98.0 98.0 138.0 140.0 98.0 115.0 68.0 57.0 44.0 8.0 0.0 10.0 18.0 16.0 39.0 15.0 93.0 87.0 111.0 155.0 137.0
84 107.0 91.0 69.0 125.0 70.0 108.0 100.0 69.0 103.0 105.0 105.0 145.0 147.0 105.0 122.0 77.0 66.0 54.0 10.0 10.0 0.0 8.0 6.0 45.0 25.0 102.0 96.0 121.0 165.0 146.0
87 106.0 91.0 69.0 125.0 72.0 111.0 102.0 71.0 106.0 108.0 108.0 148.0 149.0 107.0 125.0 78.0 66.0 54.0 11.0 17.0 10.0 0.0 8.0 46.0 25.0 102.0 96.0 121.0 165.0 147.0
88 100.0 85.0 62.0 119.0 65.0 104.0 95.0 65.0 99.0 101.0 101.0 141.0 143.0 101.0 118.0 84.0 72.0 60.0 17.0 16.0 6.0 8.0 0.0 52.0 31.0 108.0 102.0 127.0 171.0 153.0
89 153.0 137.0 115.0 171.0 102.0 141.0 132.0 101.0 135.0 137.0 137.0 177.0 179.0 137.0 154.0 51.0 40.0 28.0 35.0 39.0 46.0 46.0 53.0 0.0 27.0 76.0 70.0 95.0 139.0 120.0
93 131.0 115.0 93.0 150.0 77.0 116.0 107.0 77.0 111.0 113.0 113.0 153.0 155.0 113.0 130.0 53.0 42.0 30.0 13.0 15.0 24.0 24.0 31.0 27.0 0.0 78.0 72.0 97.0 141.0 122.0
105 193.0 180.0 158.0 214.0 138.0 177.0 168.0 137.0 171.0 174.0 174.0 206.0 208.0 170.0 186.0 29.0 36.0 61.0 91.0 91.0 101.0 101.0 107.0 78.0 77.0 0.0 21.0 22.0 66.0 48.0
108 192.0 179.0 157.0 213.0 137.0 176.0 167.0 136.0 170.0 173.0 173.0 211.0 213.0 172.0 190.0 36.0 35.0 43.0 85.0 86.0 95.0 96.0 102.0 72.0 71.0 21.0 0.0 30.0 74.0 55.0
110 212.0 198.0 176.0 233.0 157.0 195.0 187.0 156.0 180.0 192.0 192.0 214.0 216.0 178.0 194.0 48.0 54.0 73.0 109.0 110.0 120.0 120.0 126.0 97.0 95.0 22.0 30.0 0.0 52.0 34.0
115 256.0 243.0 220.0 277.0 201.0 238.0 230.0 200.0 218.0 231.0 231.0 252.0 254.0 216.0 232.0 92.0 98.0 117.0 153.0 154.0 164.0 164.0 170.0 141.0 139.0 66.0 74.0 52.0 0.0 18.0
119 237.0 224.0 202.0 259.0 182.0 221.0 212.0 181.0 208.0 218.0 218.0 242.0 244.0 205.0 222.0 73.0 80.0 99.0 135.0 136.0 145.0 146.0 152.0 123.0 121.0 47.0 56.0 34.0 18.0 0.0

#distancia viaje entre puentes y alojamientos
: 122 123 124 127 129 130 131 134 137 140:=
2 53.0 78.0 93.0 55.0 43.0 216.0 214.0 208.0 119.0 123.0
4 69.0 86.0 109.0 40.0 28.0 202.0 200.0 194.0 103.0 107.0
8 76.0 63.0 132.0 51.0 5.0 180.0 178.0 172.0 81.0 85.0
16 99.0 120.0 111.0 12.0 62.0 236.0 234.0 228.0 137.0 141.0
28 13.0 22.0 68.0 119.0 69.0 161.0 159.0 153.0 72.0 75.0
32 37.0 61.0 48.0 80.0 93.0 200.0 198.0 192.0 110.0 114.0
35 28.0 52.0 39.0 84.0 97.0 191.0 189.0 183.0 101.0 105.0
36 11.0 19.0 66.0 116.0 66.0 158.0 156.0 150.0 69.0 73.0
37 37.0 55.0 30.0 99.0 102.0 180.0 187.0 183.0 105.0 109.0
39 39.0 58.0 31.0 98.0 105.0 194.0 195.0 188.0 107.0 111.0
45 39.0 58.0 31.0 98.0 104.0 194.0 194.0 188.0 107.0 111.0
51 79.0 97.0 18.0 139.0 144.0 215.0 221.0 217.0 147.0 151.0
52 103.0 121.0 42.0 163.0 168.0 239.0 245.0 241.0 171.0 175.0
59 38.0 57.0 31.0 101.0 104.0 178.0 185.0 181.0 106.0 110.0
63 55.0 74.0 30.0 115.0 121.0 195.0 201.0 197.0 123.0 127.0
69 115.0 102.0 163.0 178.0 128.0 51.0 49.0 43.0 63.0 60.0
70 105.0 92.0 161.0 168.0 118.0 57.0 55.0 49.0 52.0 49.0
73 109.0 95.0 165.0 168.0 118.0 76.0 74.0 68.0 39.0 37.0
75 73.0 59.0 129.0 125.0 75.0 113.0 111.0 105.0 2.0 6.0
76 65.0 51.0 121.0 124.0 74.0 114.0 112.0 106.0 8.0 12.0
84 72.0 58.0 128.0 115.0 65.0 123.0 121.0 115.0 13.0 17.0
87 75.0 62.0 131.0 114.0 64.0 124.0 122.0 116.0 13.0 17.0
88 68.0 55.0 124.0 108.0 58.0 130.0 128.0 122.0 19.0 23.0
89 104.0 90.0 160.0 161.0 111.0 98.0 96.0 89.0 34.0 31.0
93 80.0 66.0 136.0 139.0 89.0 99.0 97.0 91.0 14.0 15.0
105 141.0 127.0 189.0 204.0 154.0 25.0 23.0 17.0 87.0 85.0
108 140.0 126.0 195.0 203.0 153.0 32.0 30.0 24.0 81.0 79.0
110 159.0 146.0 198.0 222.0 172.0 3.0 9.0 6.0 106.0 103.0
115 203.0 190.0 235.0 266.0 216.0 55.0 48.0 50.0 150.0 147.0
119 185.0 171.0 225.0 248.0 198.0 37.0 30.0 31.0 131.0 129.0

#distancia entre alojamientos y puentes
: 2 4 8 16 28 32 35 36 37 39 45 51 52 59 63 69 70 73 75 76 84 87 88 89 93 105 108 110 115 119:=
122 53.0 69.0 76.0 99.0 13.0 37.0 28.0 10.0 37.0 39.0 39.0 79.0 81.0 39.0 56.0 116.0 106.0 110.0 73.0 66.0 73.0 76.0 69.0 104.0 81.0 142.0 141.0 161.0 205.0 186.0
123 79.0 85.0 63.0 120.0 22.0 61.0 52.0 21.0 55.0 58.0 58.0 98.0 99.0 57.0 75.0 102.0 92.0 96.0 59.0 52.0 59.0 62.0 56.0 90.0 67.0 128.0 127.0 147.0 191.0 172.0
124 93.0 108.0 132.0 111.0 69.0 47.0 39.0 65.0 30.0 31.0 31.0 18.0 19.0 31.0 30.0 161.0 161.0 166.0 130.0 122.0 129.0 132.0 125.0 160.0 137.0 187.0 193.0 195.0 232.0 222.0
127 55.0 40.0 51.0 12.0 119.0 80.0 84.0 118.0 99.0 99.0 98.0 140.0 142.0 101.0 116.0 178.0 168.0 167.0 124.0 123.0 113.0 113.0 107.0 159.0 138.0 204.0 203.0 223.0 267.0 248.0
129 43.0 28.0 5.0 62.0 69.0 93.0 97.0 68.0 103.0 105.0 105.0 145.0 147.0 105.0 122.0 128.0 118.0 118.0 74.0 73.0 64.0 63.0 57.0 109.0 88.0 154.0 153.0 173.0 217.0 199.0
130 214.0 201.0 179.0 236.0 159.0 198.0 189.0 158.0 183.0 195.0 195.0 217.0 219.0 181.0 197.0 50.0 57.0 76.0 112.0 113.0 122.0 123.0 129.0 100.0 98.0 24.0 33.0 3.0 55.0 37.0
131 212.0 199.0 177.0 234.0 157.0 196.0 187.0 156.0 189.0 193.0 193.0 223.0 225.0 187.0 203.0 48.0 55.0 74.0 110.0 111.0 120.0 121.0 127.0 98.0 96.0 22.0 31.0 9.0 48.0 30.0
134 206.0 193.0 170.0 227.0 151.0 190.0 181.0 150.0 184.0 187.0 187.0 219.0 221.0 183.0 199.0 42.0 48.0 68.0 103.0 104.0 114.0 114.0 120.0 91.0 90.0 16.0 25.0 6.0 50.0 31.0
137 120.0 104.0 82.0 139.0 71.0 110.0 101.0 70.0 104.0 107.0 107.0 146.0 148.0 106.0 123.0 63.0 52.0 40.0 2.0 8.0 14.0 13.0 20.0 34.0 14.0 88.0 82.0 107.0 151.0 132.0
140 123.0 108.0 86.0 142.0 75.0 113.0 105.0 74.0 108.0 110.0 110.0 150.0 152.0 110.0 127.0 61.0 50.0 37.0 6.0 12.0 17.0 17.0 24.0 31.0 14.0 86.0 80.0 104.0 148.0 130.0

#distancia entre depositos y puentes
: 2 4 8 16 28 32 35 36 37 39 45 51 52 59 63 69 70 73 75 76 84 87 88 89 93 105 108 110 115 119:=
0 60.0 75.0 99.0 77.0 36.0 14.0 5.0 33.0 11.0 10.0 10.0 51.0 53.0 13.0 27.0 140.0 129.0 133.0 97.0 89.0 96.0 99.0 92.0 128.0 104.0 165.0 164.0 184.0 222.0 210.0
1 141.0 125.0 103.0 160.0 90.0 129.0 120.0 89.0 123.0 126.0 126.0 165.0 167.0 125.0 143.0 50.0 38.0 26.0 24.0 27.0 35.0 35.0 41.0 12.0 15.0 74.0 68.0 93.0 137.0 119.0

#distancia entre puentes y depositos
: 0 1:=
2 59.0 140.0
4 75.0 124.0
8 99.0 102.0
16 77.0 158.0
28 35.0 91.0
32 14.0 129.0
35 5.0 120.0
36 33.0 88.0
37 11.0 124.0
39 10.0 126.0
45 10.0 126.0
51 51.0 166.0
52 75.0 190.0
59 12.0 126.0
63 27.0 143.0
69 138.0 49.0
70 128.0 38.0
73 132.0 26.0
75 96.0 24.0
76 89.0 27.0
84 95.0 34.0
87 98.0 34.0
88 91.0 40.0
89 127.0 12.0
93 103.0 15.0
105 164.0 73.0
108 163.0 67.0
110 182.0 92.0
115 225.0 136.0
119 208.0 118.0

;