set O:= 0 1;
set N:= 3 4 16 17 20 21 32 33 37 50 59 63 64 74 76 78 92 104 105 119;
set M:= 124 126 128 130 140;
set K:= 1 2 3;
param D:= 100;
param Q:= 540;
param v:= 2000000;
param f:= 
124 63000
126 68517
128 39740
130 45000
140 48596
;
param:	xcoord ycoord w q:=
0 -32.75044 -70.72613 0 1 
1 -33.0433 -71.624 0 1 
3 -32.35092 -70.79153 105 1 
4 -32.44056 -71.00665 106 1 
16 -32.21823 -70.82151 78 1 
17 -32.34859 -71.07237 51 1 
20 -32.69998 -70.93128 51 1 
21 -32.80094 -70.95847 94 1 
32 -32.66447 -70.697 94 1 
33 -32.62252 -70.72251 72 1 
37 -32.81691 -70.71195 53 1 
50 -32.87857 -70.20821 39 1 
59 -32.83316 -70.70835 85 1 
63 -32.76227 -70.50125 44 1 
64 -32.75022 -70.59169 119 1 
74 -32.91961 -71.50488 57 1 
76 -32.93269 -71.43975 112 1 
78 -32.93288 -71.46643 63 1 
92 -33.58655 -71.52943 57 1 
104 -33.61332 -71.40226 39 1 
105 -33.53115 -71.54035 119 1 
119 -33.8283 -71.64323 81 1 
124 -32.85659 -70.41855 0 1 
126 -32.25311 -70.93619 0 1 
128 -32.43019 -71.07467 0 1 
130 -33.65802 -71.56785 0 1 
140 -32.93024 -71.55027 0 1 
;
param d[*,*]
#distancia de viaje entre puentes
: 3 4 16 17 20 21 32 33 37 50 59 63 64 74 76 78 92 104 105 119:=
3 0.0 26.0 19.0 46.0 75.0 83.0 50.0 43.0 68.0 118.0 70.0 85.0 74.0 127.0 125.0 128.0 212.0 217.0 207.0 251.0
4 26.0 0.0 45.0 20.0 62.0 71.0 66.0 59.0 84.0 134.0 86.0 101.0 90.0 101.0 100.0 102.0 186.0 192.0 181.0 225.0
16 19.0 45.0 0.0 31.0 94.0 101.0 68.0 61.0 87.0 136.0 89.0 103.0 92.0 135.0 134.0 136.0 220.0 226.0 215.0 259.0
17 46.0 20.0 31.0 0.0 82.0 91.0 86.0 79.0 104.0 154.0 106.0 121.0 110.0 105.0 103.0 106.0 190.0 195.0 185.0 229.0
20 75.0 62.0 94.0 82.0 0.0 13.0 48.0 49.0 47.0 98.0 49.0 66.0 55.0 82.0 75.0 78.0 157.0 162.0 152.0 196.0
21 83.0 71.0 101.0 91.0 13.0 0.0 39.0 40.0 34.0 85.0 36.0 53.0 42.0 71.0 64.0 66.0 146.0 151.0 140.0 185.0
32 50.0 66.0 68.0 86.0 47.0 39.0 0.0 7.0 24.0 73.0 25.0 40.0 29.0 109.0 102.0 104.0 184.0 182.0 178.0 223.0
33 43.0 59.0 61.0 79.0 49.0 40.0 7.0 0.0 26.0 75.0 27.0 42.0 31.0 111.0 104.0 106.0 186.0 184.0 180.0 225.0
37 69.0 84.0 87.0 104.0 47.0 34.0 24.0 26.0 0.0 55.0 3.0 27.0 23.0 103.0 96.0 99.0 175.0 162.0 169.0 204.0
50 117.0 133.0 136.0 153.0 97.0 85.0 73.0 75.0 55.0 0.0 56.0 55.0 52.0 154.0 147.0 150.0 217.0 205.0 212.0 247.0
59 70.0 86.0 89.0 106.0 49.0 36.0 26.0 28.0 3.0 56.0 0.0 27.0 23.0 105.0 98.0 101.0 173.0 160.0 167.0 202.0
63 85.0 101.0 103.0 121.0 66.0 53.0 40.0 42.0 27.0 55.0 27.0 0.0 12.0 122.0 115.0 118.0 189.0 176.0 184.0 219.0
64 73.0 89.0 91.0 109.0 54.0 42.0 28.0 30.0 23.0 52.0 23.0 12.0 0.0 111.0 104.0 107.0 185.0 172.0 180.0 215.0
74 128.0 103.0 137.0 107.0 82.0 71.0 109.0 111.0 103.0 154.0 105.0 122.0 111.0 0.0 7.0 5.0 96.0 101.0 91.0 135.0
76 126.0 101.0 135.0 105.0 75.0 64.0 102.0 104.0 96.0 147.0 98.0 115.0 104.0 7.0 0.0 3.0 98.0 103.0 93.0 137.0
78 129.0 103.0 138.0 107.0 78.0 67.0 104.0 106.0 99.0 149.0 101.0 118.0 107.0 4.0 3.0 0.0 96.0 101.0 91.0 135.0
92 211.0 185.0 220.0 189.0 156.0 145.0 182.0 184.0 177.0 220.0 175.0 192.0 185.0 95.0 97.0 95.0 0.0 19.0 7.0 45.0
104 217.0 191.0 226.0 195.0 162.0 151.0 188.0 190.0 175.0 217.0 173.0 189.0 185.0 101.0 103.0 101.0 18.0 0.0 18.0 53.0
105 206.0 180.0 214.0 184.0 151.0 140.0 177.0 179.0 171.0 214.0 170.0 186.0 180.0 90.0 91.0 90.0 8.0 18.0 0.0 48.0
119 250.0 224.0 259.0 228.0 195.0 184.0 221.0 223.0 208.0 250.0 205.0 222.0 218.0 134.0 136.0 134.0 44.0 53.0 47.0 0.0

#distancia viaje entre puentes y alojamientos
: 124 126 128 130 140:=
3 93.0 32.0 34.0 228.0 133.0
4 109.0 39.0 8.0 202.0 107.0
16 111.0 12.0 45.0 236.0 141.0
17 129.0 20.0 14.0 206.0 111.0
20 73.0 101.0 70.0 173.0 87.0
21 60.0 110.0 79.0 162.0 76.0
32 48.0 80.0 74.0 200.0 114.0
33 50.0 74.0 67.0 202.0 116.0
37 30.0 99.0 93.0 180.0 109.0
50 26.0 148.0 142.0 223.0 159.0
59 31.0 101.0 95.0 178.0 110.0
63 30.0 115.0 109.0 195.0 127.0
64 27.0 103.0 97.0 191.0 116.0
74 129.0 125.0 94.0 112.0 6.0
76 121.0 124.0 93.0 114.0 12.0
78 124.0 126.0 95.0 112.0 10.0
92 195.0 208.0 177.0 22.0 90.0
104 192.0 214.0 183.0 21.0 96.0
105 189.0 203.0 172.0 25.0 85.0
119 225.0 247.0 216.0 37.0 129.0

#distancia entre alojamientos y puentes
: 3 4 16 17 20 21 32 33 37 50 59 63 64 74 76 78 92 104 105 119:=
124 92.0 108.0 111.0 128.0 72.0 60.0 47.0 50.0 30.0 26.0 31.0 30.0 27.0 129.0 122.0 124.0 192.0 179.0 187.0 222.0
126 32.0 39.0 13.0 19.0 101.0 110.0 81.0 74.0 99.0 149.0 101.0 116.0 105.0 124.0 122.0 124.0 208.0 214.0 203.0 247.0
128 34.0 8.0 45.0 14.0 70.0 79.0 74.0 67.0 93.0 142.0 94.0 109.0 98.0 93.0 91.0 94.0 178.0 183.0 173.0 217.0
130 227.0 201.0 236.0 205.0 172.0 161.0 198.0 200.0 183.0 225.0 181.0 197.0 193.0 111.0 113.0 111.0 21.0 21.0 24.0 37.0
140 134.0 108.0 142.0 112.0 87.0 76.0 113.0 116.0 108.0 158.0 110.0 127.0 116.0 5.0 12.0 9.0 91.0 96.0 86.0 130.0

#distancia entre depositos y puentes
: 3 4 16 17 20 21 32 33 37 50 59 63 64 74 76 78 92 104 105 119:=
0 59.0 75.0 77.0 95.0 39.0 27.0 14.0 16.0 11.0 60.0 13.0 27.0 16.0 96.0 89.0 92.0 171.0 170.0 165.0 210.0
1 151.0 125.0 160.0 130.0 102.0 91.0 129.0 131.0 123.0 174.0 125.0 143.0 131.0 23.0 27.0 25.0 80.0 85.0 74.0 119.0

#distancia entre puentes y depositos
: 0 1:=
3 59.0 150.0
4 75.0 124.0
16 77.0 158.0
17 95.0 128.0
20 40.0 103.0
21 27.0 91.0
32 14.0 129.0
33 16.0 131.0
37 11.0 124.0
50 59.0 174.0
59 12.0 126.0
63 27.0 143.0
64 15.0 131.0
74 96.0 23.0
76 89.0 27.0
78 91.0 25.0
92 169.0 79.0
104 175.0 85.0
105 164.0 73.0
119 208.0 118.0

;