set O:= 0 1;
set N:= 13 28 44 51 62 92 96 103 105 115;
set M:= 124 128 129 131;
set K:= 1 2 3;
param D:= 100;
param Q:= 540;
param v:= 2000000;
param f:= 
124 63000
128 39740
129 42028
131 73862
;
param:	xcoord ycoord w q:=
0 -32.75044 -70.72613 0 1 
1 -33.0433 -71.624 0 1 
13 -32.34055 -71.17481 99 1 
28 -32.86292 -70.94795 99 1 
44 -32.76742 -70.61154 38 1 
51 -32.90645 -70.28716 50 1 
62 -32.76924 -70.56035 84 1 
92 -33.58655 -71.52943 57 1 
96 -32.99633 -71.50138 105 1 
103 -33.35491 -71.65289 40 1 
105 -33.53115 -71.54035 119 1 
115 -33.93803 -71.7365 56 1 
124 -32.85659 -70.41855 0 1 
128 -32.43019 -71.07467 0 1 
129 -32.44456 -71.22894 0 1 
131 -33.65502 -71.62965 0 1 
;
param d[*,*]
#distancia de viaje entre puentes
: 13 28 44 51 62 92 96 103 105 115:=
13 0.0 89.0 113.0 152.0 120.0 179.0 106.0 160.0 174.0 237.0
28 89.0 0.0 49.0 85.0 55.0 145.0 77.0 126.0 140.0 203.0
44 113.0 49.0 0.0 44.0 8.0 183.0 116.0 164.0 178.0 225.0
51 151.0 85.0 44.0 0.0 39.0 209.0 152.0 199.0 204.0 249.0
62 120.0 55.0 8.0 40.0 0.0 182.0 122.0 171.0 177.0 222.0
92 178.0 143.0 183.0 211.0 185.0 0.0 86.0 36.0 7.0 63.0
96 105.0 74.0 114.0 150.0 120.0 89.0 0.0 65.0 84.0 147.0
103 159.0 125.0 164.0 200.0 170.0 36.0 62.0 0.0 33.0 87.0
105 173.0 138.0 177.0 206.0 179.0 8.0 81.0 32.0 0.0 66.0
115 236.0 201.0 228.0 252.0 225.0 63.0 143.0 87.0 66.0 0.0

#distancia viaje entre puentes y alojamientos
: 124 128 129 131:=
13 135.0 21.0 21.0 193.0
28 68.0 87.0 69.0 159.0
44 27.0 95.0 108.0 197.0
51 18.0 133.0 144.0 221.0
62 23.0 102.0 114.0 194.0
92 195.0 177.0 159.0 20.0
96 133.0 104.0 85.0 103.0
103 183.0 158.0 140.0 44.0
105 189.0 172.0 154.0 23.0
115 235.0 234.0 216.0 48.0

#distancia entre alojamientos y puentes
: 13 28 44 51 62 92 96 103 105 115:=
124 135.0 69.0 27.0 18.0 23.0 192.0 136.0 183.0 187.0 232.0
128 21.0 88.0 95.0 134.0 102.0 178.0 105.0 159.0 173.0 235.0
129 20.0 69.0 109.0 145.0 115.0 160.0 87.0 140.0 154.0 217.0
131 192.0 157.0 197.0 223.0 196.0 19.0 100.0 43.0 22.0 48.0

#distancia entre depositos y puentes
: 13 28 44 51 62 92 96 103 105 115:=
0 101.0 36.0 14.0 51.0 20.0 171.0 103.0 151.0 165.0 222.0
1 118.0 90.0 129.0 165.0 135.0 80.0 16.0 55.0 74.0 137.0

#distancia entre puentes y depositos
: 0 1:=
13 101.0 117.0
28 35.0 91.0
44 13.0 129.0
51 51.0 166.0
62 20.0 136.0
92 169.0 79.0
96 100.0 18.0
103 150.0 55.0
105 164.0 73.0
115 225.0 136.0

;