set O:= 0 1;
set N:= 2 3 4 10 13 15 16 17 22 25 26 28 35 36 37 39 44 48 49 50 52 59 62 63 64 69 70 71 73 76 80 81 84 86 88 89 93 96 98 100 101 103 104 105 106 108 110 115 116 119;
set M:= 123 124 126 127 128 130 131 134 137 143 144 147;
set K:= 1 2 3 4 5 6 7;
param D:= 100;
param Q:= 540;
param v:= 2000000;
param f:= 
123 26037
124 63000
126 68517
127 25694
128 39740
130 45000
131 73862
134 96841
137 27856
143 48720
144 52000
147 45000
;
param:	xcoord ycoord w q:=
0 -32.75044 -70.72613 0 1 
1 -33.0433 -71.624 0 1 
2 -32.5191 -70.92373 38 1 
3 -32.35092 -70.79153 105 1 
4 -32.44056 -71.00665 106 1 
10 -32.43335 -71.23322 48 1 
13 -32.34055 -71.17481 99 1 
15 -32.44511 -71.32299 71 1 
16 -32.21823 -70.82151 78 1 
17 -32.34859 -71.07237 51 1 
22 -32.75643 -70.94537 48 1 
25 -32.86219 -70.89013 69 1 
26 -32.84855 -70.98046 116 1 
28 -32.86292 -70.94795 99 1 
35 -32.7126 -70.74393 65 1 
36 -32.83944 -71.00021 66 1 
37 -32.81691 -70.71195 53 1 
39 -32.74002 -70.64044 105 1 
44 -32.76742 -70.61154 38 1 
48 -32.88608 -70.59211 103 1 
49 -32.90731 -70.28602 104 1 
50 -32.87857 -70.20821 39 1 
52 -32.90338 -70.26912 86 1 
59 -32.83316 -70.70835 85 1 
62 -32.76924 -70.56035 84 1 
63 -32.76227 -70.50125 44 1 
64 -32.75022 -70.59169 119 1 
69 -33.37956 -71.38904 76 1 
70 -33.29115 -71.47716 94 1 
71 -33.29475 -71.41066 32 1 
73 -33.20765 -71.57225 80 1 
76 -32.93269 -71.43975 112 1 
80 -32.63102 -71.41979 41 1 
81 -32.68399 -71.39191 70 1 
84 -32.86028 -71.45447 70 1 
86 -32.86452 -71.49062 87 1 
88 -32.80869 -71.44189 36 1 
89 -33.10385 -71.66487 64 1 
93 -33.01883 -71.50131 58 1 
96 -32.99633 -71.50138 105 1 
98 -32.98749 -71.50073 83 1 
100 -33.38903 -71.69158 108 1 
101 -33.34522 -71.64882 59 1 
103 -33.35491 -71.65289 40 1 
104 -33.61332 -71.40226 39 1 
105 -33.53115 -71.54035 119 1 
106 -33.53398 -71.59339 54 1 
108 -33.44564 -71.67852 41 1 
110 -33.63989 -71.57131 49 1 
115 -33.93803 -71.7365 56 1 
116 -33.88859 -71.64141 97 1 
119 -33.8283 -71.64323 81 1 
123 -32.88254 -71.09009 0 1 
124 -32.85659 -70.41855 0 1 
126 -32.25311 -70.93619 0 1 
127 -32.24898 -70.9333 0 1 
128 -32.43019 -71.07467 0 1 
130 -33.65802 -71.56785 0 1 
131 -33.65502 -71.62965 0 1 
134 -33.61172 -71.60733 0 1 
137 -32.91915 -71.52057 0 1 
143 -32.78349 -71.53032 0 1 
144 -32.77144 -71.53401 0 1 
147 -33.32534 -71.38598 0 1 
;
param d[*,*]
#distancia de viaje entre puentes
: 2 3 4 10 13 15 16 17 22 25 26 28 35 36 37 39 44 48 49 50 52 59 62 63 64 69 70 71 73 76 80 81 84 86 88 89 93 96 98 100 101 103 104 105 106 108 110 115 116 119:=
2 0.0 29.0 16.0 45.0 42.0 52.0 48.0 35.0 50.0 70.0 63.0 66.0 54.0 63.0 69.0 69.0 72.0 82.0 110.0 118.0 112.0 71.0 79.0 86.0 74.0 169.0 158.0 159.0 160.0 115.0 78.0 89.0 106.0 109.0 99.0 151.0 130.0 129.0 126.0 186.0 179.0 180.0 205.0 194.0 199.0 193.0 213.0 257.0 249.0 239.0
3 29.0 0.0 26.0 55.0 52.0 62.0 19.0 46.0 79.0 97.0 90.0 94.0 54.0 90.0 68.0 68.0 71.0 82.0 110.0 118.0 111.0 70.0 78.0 85.0 74.0 181.0 171.0 171.0 170.0 125.0 88.0 99.0 116.0 120.0 110.0 161.0 140.0 139.0 136.0 198.0 191.0 192.0 217.0 207.0 211.0 205.0 225.0 269.0 261.0 251.0
4 16.0 26.0 0.0 29.0 27.0 36.0 45.0 20.0 66.0 85.0 78.0 82.0 70.0 79.0 84.0 84.0 87.0 98.0 126.0 134.0 127.0 86.0 94.0 101.0 90.0 155.0 145.0 145.0 144.0 100.0 62.0 73.0 90.0 94.0 84.0 136.0 115.0 114.0 110.0 173.0 166.0 167.0 192.0 181.0 185.0 180.0 200.0 244.0 236.0 225.0
10 45.0 55.0 30.0 0.0 19.0 11.0 60.0 30.0 76.0 75.0 66.0 71.0 100.0 70.0 104.0 106.0 110.0 118.0 146.0 155.0 148.0 106.0 116.0 123.0 112.0 130.0 120.0 120.0 119.0 75.0 37.0 48.0 65.0 69.0 59.0 110.0 90.0 88.0 85.0 148.0 141.0 142.0 166.0 156.0 160.0 154.0 175.0 219.0 211.0 200.0
13 42.0 52.0 27.0 19.0 0.0 29.0 50.0 19.0 92.0 93.0 84.0 89.0 96.0 88.0 111.0 110.0 113.0 124.0 152.0 160.0 154.0 113.0 120.0 127.0 116.0 148.0 138.0 138.0 137.0 93.0 55.0 66.0 83.0 87.0 77.0 128.0 108.0 106.0 103.0 166.0 159.0 160.0 184.0 174.0 178.0 172.0 193.0 237.0 229.0 218.0
15 52.0 62.0 37.0 11.0 30.0 0.0 71.0 41.0 76.0 74.0 66.0 70.0 100.0 69.0 103.0 106.0 109.0 117.0 146.0 154.0 147.0 105.0 115.0 123.0 111.0 129.0 119.0 119.0 118.0 74.0 36.0 48.0 65.0 68.0 58.0 110.0 89.0 88.0 84.0 147.0 140.0 141.0 166.0 155.0 159.0 154.0 174.0 218.0 210.0 199.0
16 48.0 19.0 45.0 60.0 49.0 70.0 0.0 31.0 98.0 115.0 108.0 112.0 72.0 109.0 87.0 86.0 89.0 100.0 128.0 136.0 130.0 89.0 96.0 103.0 92.0 189.0 179.0 179.0 178.0 134.0 96.0 107.0 124.0 128.0 118.0 170.0 149.0 147.0 144.0 207.0 200.0 201.0 226.0 215.0 219.0 213.0 234.0 278.0 270.0 259.0
17 35.0 46.0 20.0 30.0 19.0 40.0 31.0 0.0 85.0 103.0 95.0 100.0 90.0 99.0 104.0 104.0 107.0 118.0 146.0 154.0 147.0 106.0 114.0 121.0 110.0 159.0 149.0 149.0 148.0 103.0 66.0 77.0 94.0 98.0 88.0 139.0 118.0 117.0 114.0 176.0 169.0 170.0 195.0 185.0 189.0 183.0 203.0 247.0 239.0 229.0
22 50.0 79.0 66.0 76.0 92.0 75.0 98.0 85.0 0.0 20.0 13.0 17.0 32.0 13.0 40.0 43.0 46.0 54.0 82.0 91.0 84.0 42.0 52.0 59.0 48.0 119.0 109.0 109.0 113.0 68.0 76.0 70.0 75.0 80.0 72.0 107.0 83.0 82.0 79.0 137.0 130.0 131.0 155.0 145.0 149.0 143.0 164.0 208.0 200.0 189.0
25 70.0 96.0 85.0 74.0 92.0 74.0 115.0 104.0 20.0 0.0 10.0 7.0 43.0 12.0 46.0 48.0 52.0 53.0 88.0 97.0 90.0 48.0 58.0 65.0 54.0 118.0 108.0 108.0 112.0 67.0 75.0 69.0 74.0 79.0 70.0 106.0 82.0 81.0 78.0 135.0 128.0 130.0 154.0 144.0 148.0 142.0 162.0 206.0 199.0 188.0
26 69.0 96.0 85.0 73.0 92.0 73.0 114.0 103.0 20.0 9.0 0.0 5.0 42.0 12.0 46.0 48.0 52.0 58.0 88.0 96.0 90.0 48.0 58.0 65.0 54.0 117.0 107.0 107.0 111.0 66.0 74.0 68.0 73.0 78.0 69.0 105.0 81.0 80.0 77.0 134.0 127.0 129.0 153.0 143.0 147.0 141.0 161.0 205.0 198.0 187.0
28 66.0 93.0 82.0 71.0 89.0 70.0 111.0 100.0 17.0 7.0 5.0 0.0 39.0 9.0 43.0 45.0 49.0 55.0 85.0 93.0 87.0 45.0 55.0 62.0 51.0 114.0 104.0 104.0 108.0 63.0 71.0 65.0 70.0 75.0 67.0 102.0 78.0 77.0 74.0 132.0 125.0 126.0 150.0 140.0 144.0 138.0 159.0 203.0 195.0 184.0
35 54.0 54.0 70.0 99.0 96.0 99.0 72.0 90.0 32.0 43.0 36.0 40.0 0.0 37.0 15.0 14.0 17.0 28.0 56.0 64.0 58.0 17.0 24.0 31.0 20.0 143.0 133.0 133.0 137.0 93.0 100.0 94.0 100.0 104.0 96.0 132.0 108.0 107.0 103.0 161.0 154.0 155.0 173.0 169.0 174.0 168.0 188.0 226.0 212.0 214.0
36 64.0 91.0 79.0 68.0 86.0 67.0 109.0 97.0 14.0 12.0 4.0 8.0 37.0 0.0 40.0 43.0 46.0 54.0 83.0 91.0 84.0 42.0 52.0 60.0 48.0 111.0 101.0 101.0 105.0 60.0 68.0 62.0 67.0 72.0 64.0 99.0 76.0 74.0 71.0 129.0 122.0 123.0 148.0 137.0 141.0 135.0 156.0 200.0 192.0 181.0
37 69.0 69.0 84.0 104.0 111.0 103.0 87.0 104.0 40.0 47.0 40.0 43.0 15.0 40.0 0.0 17.0 21.0 17.0 47.0 55.0 49.0 3.0 20.0 27.0 23.0 143.0 137.0 137.0 141.0 96.0 104.0 98.0 103.0 108.0 100.0 135.0 111.0 110.0 107.0 165.0 158.0 159.0 162.0 169.0 174.0 171.0 178.0 214.0 200.0 204.0
39 68.0 67.0 83.0 106.0 110.0 105.0 86.0 103.0 42.0 49.0 42.0 46.0 14.0 42.0 17.0 0.0 6.0 22.0 48.0 56.0 50.0 20.0 11.0 18.0 6.0 149.0 139.0 139.0 143.0 99.0 106.0 100.0 106.0 110.0 102.0 137.0 114.0 113.0 109.0 167.0 160.0 161.0 176.0 175.0 180.0 174.0 191.0 228.0 214.0 219.0
44 71.0 71.0 87.0 109.0 113.0 108.0 89.0 106.0 45.0 52.0 45.0 49.0 17.0 45.0 20.0 6.0 0.0 18.0 44.0 53.0 46.0 23.0 8.0 15.0 3.0 152.0 142.0 142.0 146.0 102.0 109.0 103.0 109.0 113.0 105.0 140.0 117.0 116.0 112.0 170.0 163.0 164.0 172.0 178.0 183.0 177.0 188.0 225.0 211.0 215.0
48 83.0 82.0 98.0 117.0 124.0 117.0 100.0 118.0 54.0 52.0 53.0 54.0 28.0 54.0 17.0 21.0 18.0 0.0 40.0 48.0 42.0 16.0 15.0 22.0 18.0 141.0 141.0 141.0 146.0 110.0 117.0 112.0 117.0 122.0 113.0 146.0 121.0 124.0 120.0 169.0 162.0 163.0 160.0 167.0 172.0 173.0 176.0 212.0 198.0 202.0
49 135.0 135.0 151.0 171.0 177.0 171.0 153.0 171.0 108.0 115.0 107.0 111.0 81.0 108.0 73.0 73.0 69.0 66.0 0.0 8.0 2.0 73.0 65.0 72.0 69.0 203.0 203.0 203.0 209.0 164.0 171.0 166.0 171.0 176.0 167.0 203.0 179.0 178.0 174.0 231.0 224.0 225.0 222.0 229.0 234.0 235.0 238.0 274.0 260.0 264.0
50 118.0 117.0 133.0 154.0 160.0 153.0 136.0 153.0 91.0 97.0 90.0 94.0 64.0 91.0 55.0 56.0 52.0 48.0 12.0 0.0 14.0 56.0 48.0 55.0 52.0 186.0 186.0 186.0 191.0 147.0 154.0 149.0 154.0 159.0 150.0 186.0 162.0 161.0 157.0 214.0 207.0 208.0 205.0 212.0 217.0 218.0 221.0 257.0 243.0 247.0
52 133.0 133.0 149.0 170.0 175.0 169.0 151.0 169.0 106.0 113.0 106.0 109.0 79.0 106.0 71.0 71.0 68.0 64.0 2.0 7.0 0.0 71.0 63.0 70.0 67.0 201.0 201.0 202.0 207.0 162.0 170.0 164.0 169.0 174.0 166.0 201.0 177.0 176.0 173.0 229.0 222.0 223.0 220.0 228.0 232.0 233.0 236.0 272.0 259.0 263.0
59 71.0 70.0 86.0 106.0 113.0 105.0 89.0 106.0 42.0 48.0 42.0 45.0 17.0 42.0 3.0 20.0 23.0 16.0 47.0 56.0 49.0 0.0 20.0 27.0 23.0 141.0 139.0 139.0 143.0 98.0 106.0 100.0 105.0 110.0 102.0 137.0 113.0 112.0 109.0 166.0 159.0 161.0 160.0 167.0 172.0 173.0 176.0 212.0 198.0 202.0
62 78.0 78.0 94.0 116.0 120.0 115.0 96.0 114.0 52.0 58.0 52.0 55.0 24.0 52.0 20.0 11.0 8.0 15.0 40.0 48.0 41.0 20.0 0.0 7.0 5.0 151.0 149.0 149.0 153.0 108.0 116.0 110.0 115.0 120.0 112.0 147.0 123.0 122.0 119.0 176.0 169.0 171.0 169.0 177.0 181.0 183.0 185.0 222.0 208.0 212.0
63 85.0 85.0 101.0 123.0 127.0 122.0 103.0 121.0 59.0 65.0 59.0 62.0 31.0 59.0 27.0 18.0 15.0 22.0 47.0 55.0 49.0 27.0 7.0 0.0 12.0 158.0 156.0 156.0 160.0 115.0 123.0 117.0 122.0 127.0 119.0 154.0 130.0 129.0 126.0 183.0 176.0 178.0 176.0 184.0 188.0 190.0 192.0 229.0 215.0 219.0
64 73.0 73.0 89.0 111.0 115.0 110.0 91.0 109.0 48.0 54.0 47.0 51.0 19.0 48.0 23.0 6.0 3.0 18.0 44.0 52.0 46.0 23.0 5.0 12.0 0.0 153.0 144.0 144.0 148.0 104.0 111.0 106.0 111.0 116.0 107.0 143.0 119.0 118.0 114.0 172.0 165.0 166.0 172.0 180.0 184.0 179.0 188.0 225.0 211.0 215.0
69 168.0 180.0 155.0 130.0 148.0 129.0 189.0 159.0 118.0 117.0 108.0 113.0 143.0 112.0 146.0 148.0 152.0 143.0 180.0 189.0 182.0 144.0 153.0 160.0 154.0 0.0 16.0 10.0 37.0 67.0 106.0 100.0 77.0 74.0 83.0 54.0 53.0 56.0 57.0 36.0 34.0 33.0 40.0 30.0 34.0 37.0 48.0 92.0 84.0 74.0
70 158.0 170.0 144.0 119.0 138.0 119.0 179.0 149.0 108.0 106.0 98.0 103.0 133.0 102.0 136.0 138.0 142.0 142.0 178.0 186.0 180.0 138.0 148.0 155.0 144.0 16.0 0.0 10.0 25.0 56.0 95.0 89.0 66.0 63.0 72.0 43.0 41.0 45.0 46.0 28.0 21.0 22.0 47.0 36.0 40.0 35.0 55.0 99.0 91.0 80.0
71 158.0 170.0 145.0 120.0 138.0 119.0 179.0 149.0 108.0 107.0 98.0 103.0 133.0 102.0 136.0 138.0 142.0 142.0 178.0 187.0 180.0 138.0 148.0 155.0 144.0 10.0 10.0 0.0 27.0 57.0 96.0 90.0 67.0 64.0 73.0 44.0 43.0 46.0 47.0 37.0 30.0 31.0 48.0 37.0 42.0 43.0 56.0 100.0 92.0 81.0
73 160.0 170.0 145.0 120.0 138.0 119.0 179.0 149.0 112.0 110.0 102.0 106.0 137.0 106.0 140.0 142.0 146.0 147.0 182.0 190.0 184.0 142.0 152.0 159.0 148.0 36.0 25.0 27.0 0.0 44.0 83.0 77.0 54.0 51.0 60.0 31.0 29.0 33.0 34.0 36.0 29.0 30.0 72.0 61.0 57.0 43.0 73.0 117.0 109.0 99.0
76 116.0 126.0 101.0 76.0 94.0 75.0 135.0 105.0 68.0 67.0 58.0 63.0 93.0 62.0 96.0 98.0 102.0 110.0 138.0 147.0 140.0 98.0 108.0 115.0 104.0 68.0 57.0 58.0 44.0 0.0 39.0 33.0 10.0 14.0 16.0 39.0 15.0 14.0 10.0 80.0 73.0 74.0 103.0 93.0 97.0 87.0 111.0 155.0 147.0 137.0
80 77.0 88.0 62.0 37.0 55.0 36.0 96.0 66.0 75.0 73.0 65.0 69.0 99.0 68.0 102.0 105.0 108.0 116.0 145.0 153.0 146.0 104.0 114.0 122.0 110.0 106.0 94.0 96.0 82.0 38.0 0.0 11.0 28.0 32.0 22.0 74.0 53.0 51.0 48.0 117.0 110.0 112.0 141.0 130.0 135.0 124.0 149.0 193.0 185.0 175.0
81 96.0 107.0 81.0 56.0 74.0 55.0 115.0 85.0 77.0 75.0 67.0 71.0 101.0 70.0 105.0 107.0 111.0 118.0 147.0 155.0 148.0 106.0 117.0 124.0 113.0 108.0 97.0 98.0 85.0 40.0 19.0 0.0 31.0 35.0 24.0 76.0 55.0 54.0 51.0 120.0 113.0 114.0 143.0 133.0 137.0 127.0 152.0 196.0 188.0 177.0
84 107.0 117.0 91.0 66.0 84.0 65.0 125.0 95.0 75.0 73.0 65.0 70.0 100.0 69.0 103.0 105.0 109.0 117.0 145.0 153.0 147.0 105.0 115.0 122.0 111.0 77.0 66.0 68.0 54.0 10.0 29.0 23.0 0.0 5.0 6.0 45.0 25.0 23.0 20.0 89.0 82.0 83.0 113.0 102.0 106.0 96.0 121.0 165.0 157.0 146.0
86 111.0 121.0 95.0 70.0 88.0 69.0 130.0 99.0 78.0 77.0 68.0 73.0 103.0 72.0 106.0 109.0 112.0 120.0 148.0 157.0 150.0 108.0 118.0 125.0 114.0 74.0 62.0 64.0 50.0 13.0 33.0 27.0 6.0 0.0 12.0 42.0 21.0 20.0 17.0 85.0 78.0 80.0 109.0 98.0 103.0 92.0 117.0 161.0 153.0 143.0
88 100.0 110.0 85.0 60.0 78.0 59.0 119.0 89.0 71.0 69.0 61.0 65.0 95.0 65.0 99.0 101.0 105.0 112.0 141.0 149.0 143.0 101.0 111.0 118.0 107.0 84.0 72.0 74.0 60.0 16.0 23.0 17.0 6.0 11.0 0.0 52.0 31.0 30.0 26.0 95.0 88.0 90.0 119.0 108.0 113.0 102.0 127.0 171.0 163.0 153.0
89 153.0 163.0 137.0 112.0 130.0 111.0 171.0 141.0 107.0 105.0 97.0 102.0 132.0 101.0 135.0 137.0 141.0 147.0 177.0 186.0 179.0 137.0 147.0 154.0 143.0 51.0 40.0 42.0 28.0 39.0 75.0 69.0 46.0 43.0 53.0 0.0 27.0 28.0 29.0 63.0 56.0 57.0 87.0 76.0 81.0 70.0 95.0 139.0 131.0 120.0
93 131.0 141.0 115.0 90.0 108.0 89.0 150.0 119.0 83.0 81.0 73.0 77.0 107.0 77.0 111.0 113.0 117.0 123.0 153.0 161.0 155.0 113.0 123.0 130.0 119.0 53.0 42.0 43.0 30.0 15.0 53.0 47.0 24.0 21.0 31.0 27.0 0.0 4.0 4.0 65.0 58.0 59.0 88.0 78.0 82.0 72.0 97.0 141.0 133.0 122.0
96 127.0 137.0 112.0 87.0 105.0 86.0 146.0 116.0 80.0 78.0 70.0 74.0 104.0 74.0 108.0 110.0 114.0 121.0 150.0 158.0 152.0 110.0 120.0 127.0 116.0 59.0 48.0 49.0 36.0 12.0 50.0 44.0 21.0 18.0 27.0 30.0 6.0 0.0 2.0 71.0 64.0 65.0 94.0 84.0 88.0 78.0 103.0 147.0 139.0 128.0
98 126.0 137.0 111.0 86.0 104.0 85.0 145.0 115.0 79.0 77.0 69.0 73.0 103.0 72.0 106.0 109.0 112.0 120.0 149.0 157.0 150.0 108.0 118.0 126.0 115.0 58.0 46.0 48.0 34.0 10.0 49.0 43.0 20.0 17.0 26.0 28.0 5.0 4.0 0.0 69.0 62.0 64.0 93.0 82.0 87.0 76.0 101.0 145.0 137.0 127.0
100 185.0 198.0 172.0 147.0 165.0 146.0 207.0 176.0 136.0 134.0 126.0 130.0 160.0 129.0 164.0 166.0 170.0 169.0 206.0 214.0 208.0 166.0 176.0 183.0 172.0 35.0 28.0 37.0 36.0 79.0 118.0 112.0 88.0 85.0 95.0 66.0 64.0 68.0 68.0 0.0 7.0 6.0 45.0 28.0 21.0 7.0 37.0 81.0 73.0 62.0
101 179.0 191.0 165.0 140.0 158.0 140.0 200.0 169.0 129.0 127.0 119.0 123.0 153.0 123.0 157.0 159.0 163.0 162.0 199.0 207.0 201.0 159.0 169.0 176.0 165.0 36.0 21.0 30.0 29.0 72.0 111.0 105.0 82.0 79.0 88.0 59.0 57.0 61.0 62.0 7.0 0.0 1.0 51.0 34.0 28.0 14.0 44.0 88.0 80.0 70.0
103 180.0 192.0 166.0 141.0 159.0 141.0 201.0 171.0 130.0 128.0 120.0 125.0 155.0 124.0 158.0 160.0 164.0 163.0 200.0 208.0 202.0 160.0 170.0 177.0 166.0 34.0 22.0 31.0 30.0 73.0 112.0 106.0 83.0 80.0 89.0 60.0 58.0 62.0 63.0 6.0 1.0 0.0 50.0 33.0 27.0 13.0 43.0 87.0 79.0 69.0
104 205.0 217.0 191.0 166.0 184.0 166.0 226.0 195.0 155.0 153.0 145.0 149.0 179.0 149.0 175.0 185.0 185.0 172.0 209.0 217.0 211.0 173.0 182.0 189.0 185.0 40.0 47.0 48.0 72.0 103.0 142.0 136.0 112.0 109.0 119.0 90.0 88.0 92.0 92.0 45.0 49.0 48.0 0.0 18.0 24.0 38.0 19.0 71.0 63.0 53.0
105 193.0 206.0 180.0 155.0 173.0 154.0 214.0 184.0 144.0 142.0 134.0 138.0 168.0 137.0 171.0 174.0 177.0 169.0 206.0 214.0 208.0 170.0 179.0 186.0 180.0 29.0 36.0 37.0 61.0 91.0 130.0 125.0 101.0 98.0 107.0 78.0 77.0 81.0 81.0 28.0 33.0 32.0 18.0 0.0 7.0 21.0 22.0 66.0 58.0 48.0
106 198.0 211.0 185.0 160.0 178.0 159.0 219.0 189.0 149.0 147.0 139.0 143.0 173.0 142.0 177.0 179.0 183.0 174.0 211.0 219.0 213.0 175.0 184.0 191.0 185.0 34.0 41.0 42.0 56.0 96.0 135.0 130.0 106.0 103.0 113.0 84.0 82.0 86.0 86.0 21.0 27.0 26.0 25.0 7.0 0.0 14.0 16.0 60.0 52.0 42.0
108 192.0 205.0 179.0 154.0 172.0 153.0 213.0 183.0 143.0 141.0 133.0 137.0 167.0 136.0 170.0 173.0 177.0 175.0 211.0 220.0 213.0 172.0 183.0 190.0 179.0 36.0 35.0 42.0 43.0 86.0 124.0 119.0 95.0 92.0 102.0 72.0 71.0 75.0 75.0 7.0 14.0 13.0 39.0 21.0 14.0 0.0 30.0 74.0 66.0 55.0
110 212.0 224.0 198.0 173.0 191.0 173.0 233.0 203.0 162.0 160.0 152.0 157.0 187.0 156.0 180.0 192.0 190.0 178.0 214.0 223.0 216.0 178.0 187.0 194.0 190.0 48.0 54.0 55.0 73.0 110.0 149.0 143.0 120.0 117.0 126.0 97.0 95.0 99.0 100.0 37.0 44.0 43.0 19.0 22.0 17.0 30.0 0.0 52.0 45.0 34.0
115 256.0 268.0 243.0 218.0 236.0 217.0 277.0 247.0 206.0 205.0 196.0 201.0 230.0 200.0 218.0 231.0 228.0 215.0 252.0 260.0 254.0 216.0 225.0 232.0 228.0 92.0 98.0 99.0 117.0 154.0 193.0 187.0 164.0 161.0 170.0 141.0 139.0 143.0 144.0 81.0 88.0 87.0 71.0 66.0 61.0 74.0 52.0 0.0 14.0 18.0
116 247.0 260.0 234.0 209.0 227.0 208.0 268.0 238.0 198.0 196.0 188.0 192.0 216.0 191.0 204.0 218.0 214.0 201.0 238.0 247.0 240.0 202.0 211.0 218.0 214.0 83.0 89.0 90.0 109.0 145.0 184.0 179.0 155.0 152.0 161.0 132.0 131.0 134.0 135.0 73.0 79.0 78.0 62.0 57.0 52.0 66.0 44.0 14.0 0.0 10.0
119 237.0 250.0 224.0 199.0 217.0 198.0 259.0 228.0 188.0 186.0 178.0 182.0 212.0 181.0 208.0 218.0 218.0 205.0 242.0 250.0 244.0 205.0 215.0 222.0 218.0 73.0 80.0 81.0 99.0 136.0 174.0 169.0 145.0 142.0 152.0 123.0 121.0 125.0 125.0 63.0 70.0 68.0 53.0 47.0 42.0 56.0 34.0 18.0 11.0 0.0

#distancia viaje entre puentes y alojamientos
: 123 124 126 127 128 130 131 134 137 143 144 147:=
2 78.0 93.0 54.0 55.0 24.0 216.0 214.0 208.0 119.0 108.0 109.0 164.0
3 106.0 93.0 32.0 31.0 34.0 228.0 226.0 220.0 129.0 118.0 120.0 177.0
4 86.0 109.0 39.0 40.0 8.0 202.0 200.0 194.0 103.0 92.0 94.0 151.0
10 61.0 130.0 49.0 49.0 21.0 177.0 175.0 169.0 78.0 67.0 69.0 126.0
13 79.0 135.0 38.0 39.0 21.0 195.0 193.0 187.0 96.0 85.0 87.0 144.0
15 60.0 129.0 59.0 60.0 28.0 176.0 174.0 168.0 78.0 67.0 68.0 125.0
16 120.0 111.0 12.0 12.0 45.0 236.0 234.0 228.0 137.0 126.0 128.0 185.0
17 89.0 129.0 20.0 20.0 14.0 206.0 204.0 198.0 107.0 96.0 98.0 155.0
22 29.0 66.0 104.0 105.0 74.0 166.0 164.0 158.0 77.0 82.0 83.0 115.0
25 26.0 71.0 122.0 123.0 91.0 165.0 163.0 157.0 75.0 81.0 82.0 114.0
26 25.0 71.0 121.0 122.0 90.0 164.0 162.0 156.0 74.0 80.0 81.0 113.0
28 22.0 68.0 118.0 119.0 87.0 161.0 159.0 153.0 72.0 77.0 78.0 110.0
35 52.0 39.0 84.0 84.0 78.0 191.0 189.0 183.0 101.0 106.0 108.0 139.0
36 19.0 66.0 116.0 116.0 85.0 158.0 156.0 150.0 69.0 74.0 75.0 107.0
37 55.0 30.0 99.0 99.0 93.0 180.0 187.0 183.0 105.0 110.0 111.0 141.0
39 58.0 31.0 98.0 98.0 92.0 194.0 195.0 188.0 107.0 112.0 114.0 145.0
44 61.0 27.0 101.0 101.0 95.0 191.0 197.0 192.0 110.0 115.0 117.0 148.0
48 69.0 23.0 113.0 113.0 106.0 178.0 185.0 180.0 118.0 124.0 125.0 139.0
49 123.0 43.0 165.0 165.0 159.0 240.0 247.0 243.0 172.0 178.0 179.0 201.0
50 106.0 26.0 148.0 148.0 142.0 223.0 230.0 226.0 155.0 160.0 162.0 184.0
52 121.0 42.0 164.0 163.0 157.0 239.0 245.0 241.0 171.0 176.0 177.0 199.0
59 57.0 31.0 101.0 101.0 95.0 178.0 185.0 181.0 106.0 112.0 113.0 139.0
62 67.0 23.0 109.0 108.0 102.0 188.0 194.0 190.0 116.0 122.0 123.0 148.0
63 74.0 30.0 115.0 115.0 109.0 195.0 201.0 197.0 123.0 129.0 130.0 155.0
64 63.0 27.0 103.0 103.0 97.0 191.0 197.0 193.0 112.0 117.0 119.0 151.0
69 102.0 163.0 177.0 178.0 146.0 51.0 49.0 43.0 63.0 88.0 89.0 9.0
70 92.0 161.0 167.0 168.0 136.0 57.0 55.0 49.0 52.0 76.0 78.0 12.0
71 92.0 161.0 168.0 168.0 136.0 59.0 57.0 50.0 53.0 78.0 79.0 7.0
73 95.0 165.0 168.0 168.0 137.0 76.0 74.0 68.0 39.0 64.0 66.0 32.0
76 51.0 121.0 124.0 124.0 93.0 114.0 112.0 106.0 8.0 27.0 28.0 64.0
80 59.0 128.0 85.0 85.0 54.0 152.0 150.0 144.0 41.0 30.0 32.0 101.0
81 61.0 130.0 104.0 104.0 73.0 154.0 152.0 146.0 44.0 33.0 35.0 104.0
84 58.0 128.0 114.0 115.0 83.0 123.0 121.0 115.0 13.0 17.0 19.0 73.0
86 62.0 132.0 118.0 119.0 87.0 120.0 118.0 112.0 9.0 15.0 16.0 69.0
88 55.0 124.0 108.0 108.0 77.0 130.0 128.0 122.0 19.0 11.0 12.0 79.0
89 90.0 160.0 160.0 161.0 129.0 98.0 96.0 89.0 34.0 57.0 58.0 47.0
93 66.0 136.0 138.0 139.0 107.0 99.0 97.0 91.0 14.0 35.0 36.0 49.0
96 63.0 133.0 135.0 135.0 104.0 105.0 103.0 97.0 10.0 31.0 33.0 55.0
98 61.0 132.0 134.0 134.0 103.0 104.0 102.0 96.0 9.0 30.0 32.0 53.0
100 119.0 189.0 195.0 196.0 164.0 39.0 38.0 31.0 74.0 99.0 101.0 39.0
101 112.0 182.0 188.0 189.0 157.0 47.0 45.0 39.0 67.0 92.0 94.0 32.0
103 114.0 183.0 189.0 190.0 158.0 46.0 44.0 38.0 69.0 93.0 95.0 33.0
104 138.0 192.0 214.0 215.0 183.0 21.0 28.0 24.0 98.0 123.0 125.0 46.0
105 127.0 189.0 203.0 204.0 172.0 25.0 23.0 17.0 87.0 112.0 113.0 35.0
106 132.0 194.0 208.0 209.0 177.0 19.0 17.0 11.0 92.0 117.0 118.0 40.0
108 126.0 195.0 202.0 203.0 171.0 32.0 30.0 24.0 81.0 106.0 107.0 40.0
110 146.0 198.0 221.0 222.0 190.0 3.0 9.0 6.0 106.0 130.0 132.0 53.0
115 190.0 235.0 265.0 266.0 234.0 55.0 48.0 50.0 150.0 174.0 176.0 97.0
116 181.0 222.0 257.0 257.0 226.0 47.0 39.0 41.0 141.0 166.0 167.0 89.0
119 171.0 225.0 247.0 248.0 216.0 37.0 30.0 31.0 131.0 156.0 157.0 79.0

#distancia entre alojamientos y puentes
: 2 3 4 10 13 15 16 17 22 25 26 28 35 36 37 39 44 48 49 50 52 59 62 63 64 69 70 71 73 76 80 81 84 86 88 89 93 96 98 100 101 103 104 105 106 108 110 115 116 119:=
123 79.0 106.0 85.0 60.0 78.0 60.0 120.0 89.0 29.0 26.0 18.0 22.0 52.0 21.0 55.0 58.0 61.0 69.0 98.0 106.0 99.0 57.0 68.0 75.0 64.0 102.0 92.0 92.0 96.0 52.0 60.0 54.0 59.0 63.0 56.0 90.0 67.0 65.0 62.0 120.0 113.0 114.0 139.0 128.0 132.0 127.0 147.0 191.0 183.0 172.0
124 93.0 92.0 108.0 129.0 135.0 128.0 111.0 128.0 65.0 72.0 65.0 69.0 39.0 65.0 30.0 31.0 27.0 23.0 18.0 26.0 19.0 31.0 23.0 30.0 27.0 161.0 161.0 161.0 166.0 122.0 129.0 123.0 129.0 133.0 125.0 160.0 137.0 136.0 132.0 189.0 182.0 183.0 179.0 187.0 191.0 193.0 195.0 232.0 218.0 222.0
126 54.0 32.0 39.0 48.0 38.0 59.0 13.0 19.0 104.0 122.0 114.0 118.0 85.0 117.0 99.0 99.0 102.0 113.0 140.0 149.0 142.0 101.0 109.0 116.0 105.0 177.0 167.0 167.0 166.0 122.0 84.0 96.0 112.0 116.0 106.0 158.0 137.0 136.0 132.0 195.0 188.0 189.0 214.0 203.0 208.0 202.0 222.0 266.0 258.0 247.0
127 55.0 31.0 40.0 49.0 38.0 59.0 12.0 20.0 105.0 123.0 115.0 119.0 84.0 118.0 99.0 99.0 102.0 112.0 140.0 148.0 142.0 101.0 109.0 116.0 104.0 178.0 168.0 168.0 167.0 123.0 85.0 96.0 113.0 117.0 107.0 159.0 138.0 137.0 133.0 196.0 189.0 190.0 215.0 204.0 208.0 203.0 223.0 267.0 259.0 248.0
128 24.0 34.0 8.0 21.0 21.0 28.0 45.0 14.0 74.0 91.0 83.0 88.0 78.0 87.0 93.0 92.0 95.0 106.0 134.0 142.0 135.0 94.0 102.0 109.0 98.0 147.0 137.0 137.0 136.0 91.0 54.0 65.0 82.0 86.0 76.0 127.0 106.0 105.0 102.0 164.0 157.0 159.0 183.0 173.0 177.0 171.0 191.0 235.0 228.0 217.0
130 214.0 227.0 201.0 176.0 194.0 175.0 236.0 205.0 165.0 163.0 155.0 159.0 189.0 158.0 183.0 195.0 193.0 180.0 217.0 225.0 219.0 181.0 190.0 197.0 193.0 50.0 57.0 58.0 76.0 113.0 151.0 146.0 122.0 119.0 129.0 100.0 98.0 102.0 102.0 40.0 47.0 45.0 21.0 24.0 19.0 33.0 3.0 55.0 47.0 37.0
131 212.0 225.0 199.0 174.0 192.0 173.0 234.0 203.0 163.0 161.0 153.0 157.0 187.0 156.0 189.0 193.0 197.0 186.0 223.0 232.0 225.0 187.0 196.0 203.0 199.0 48.0 55.0 56.0 74.0 111.0 149.0 144.0 120.0 117.0 127.0 98.0 96.0 100.0 100.0 38.0 45.0 43.0 28.0 22.0 17.0 31.0 9.0 48.0 40.0 30.0
134 206.0 219.0 193.0 168.0 186.0 167.0 227.0 197.0 157.0 155.0 147.0 151.0 181.0 150.0 184.0 187.0 190.0 182.0 219.0 227.0 221.0 183.0 192.0 199.0 192.0 42.0 48.0 49.0 68.0 104.0 143.0 137.0 114.0 111.0 120.0 91.0 90.0 93.0 94.0 32.0 38.0 37.0 24.0 16.0 11.0 25.0 6.0 50.0 42.0 31.0
137 120.0 130.0 104.0 79.0 97.0 79.0 139.0 108.0 76.0 75.0 66.0 71.0 101.0 70.0 104.0 107.0 110.0 118.0 146.0 155.0 148.0 106.0 116.0 123.0 112.0 63.0 52.0 53.0 40.0 8.0 42.0 37.0 14.0 10.0 20.0 34.0 14.0 12.0 10.0 75.0 68.0 69.0 99.0 88.0 92.0 82.0 107.0 151.0 143.0 132.0
143 109.0 119.0 94.0 69.0 87.0 68.0 128.0 98.0 81.0 80.0 71.0 76.0 106.0 75.0 109.0 111.0 115.0 123.0 151.0 160.0 153.0 111.0 121.0 128.0 117.0 88.0 77.0 79.0 65.0 27.0 32.0 26.0 17.0 15.0 11.0 56.0 36.0 34.0 31.0 100.0 93.0 94.0 124.0 113.0 117.0 107.0 132.0 176.0 168.0 157.0
144 110.0 121.0 95.0 70.0 88.0 69.0 129.0 99.0 82.0 81.0 73.0 77.0 107.0 76.0 110.0 113.0 116.0 124.0 153.0 161.0 154.0 112.0 122.0 129.0 118.0 90.0 78.0 80.0 66.0 28.0 33.0 27.0 19.0 16.0 12.0 58.0 37.0 36.0 33.0 101.0 94.0 96.0 125.0 114.0 119.0 108.0 133.0 177.0 169.0 159.0
147 163.0 175.0 150.0 125.0 143.0 124.0 184.0 154.0 113.0 112.0 103.0 108.0 138.0 107.0 141.0 143.0 147.0 142.0 179.0 187.0 181.0 143.0 152.0 159.0 149.0 9.0 12.0 5.0 32.0 62.0 101.0 95.0 72.0 69.0 78.0 49.0 48.0 51.0 52.0 39.0 32.0 33.0 46.0 35.0 40.0 41.0 54.0 98.0 90.0 80.0

#distancia entre depositos y puentes
: 2 3 4 10 13 15 16 17 22 25 26 28 35 36 37 39 44 48 49 50 52 59 62 63 64 69 70 71 73 76 80 81 84 86 88 89 93 96 98 100 101 103 104 105 106 108 110 115 116 119:=
0 60.0 59.0 75.0 96.0 101.0 96.0 77.0 95.0 33.0 39.0 32.0 36.0 5.0 33.0 11.0 10.0 14.0 23.0 51.0 60.0 53.0 13.0 20.0 27.0 16.0 140.0 129.0 130.0 133.0 89.0 96.0 91.0 96.0 101.0 92.0 128.0 104.0 103.0 99.0 157.0 150.0 151.0 170.0 165.0 170.0 164.0 184.0 222.0 208.0 210.0
1 141.0 151.0 125.0 100.0 118.0 100.0 160.0 130.0 96.0 94.0 86.0 90.0 120.0 89.0 123.0 126.0 129.0 135.0 166.0 174.0 167.0 125.0 135.0 143.0 131.0 50.0 38.0 40.0 26.0 27.0 63.0 58.0 35.0 31.0 41.0 12.0 15.0 16.0 17.0 61.0 54.0 55.0 85.0 74.0 79.0 68.0 93.0 137.0 129.0 119.0

#distancia entre puentes y depositos
: 0 1:=
2 59.0 140.0
3 59.0 150.0
4 75.0 124.0
10 97.0 99.0
13 101.0 117.0
15 96.0 99.0
16 77.0 158.0
17 95.0 128.0
22 33.0 96.0
25 38.0 94.0
26 38.0 93.0
28 35.0 91.0
35 5.0 120.0
36 33.0 88.0
37 11.0 124.0
39 10.0 126.0
44 13.0 129.0
48 24.0 134.0
49 77.0 191.0
50 59.0 174.0
52 75.0 190.0
59 12.0 126.0
62 20.0 136.0
63 27.0 143.0
64 15.0 131.0
69 138.0 49.0
70 128.0 38.0
71 129.0 39.0
73 132.0 26.0
76 89.0 27.0
80 95.0 62.0
81 97.0 65.0
84 95.0 34.0
86 99.0 30.0
88 91.0 40.0
89 127.0 12.0
93 103.0 15.0
96 100.0 18.0
98 99.0 17.0
100 156.0 60.0
101 149.0 54.0
103 150.0 55.0
104 175.0 85.0
105 164.0 73.0
106 169.0 78.0
108 163.0 67.0
110 182.0 92.0
115 225.0 136.0
116 212.0 127.0
119 208.0 118.0

;