set O:= 0 1;
set N:= 2 8 13 14 16 26 28 29 33 35 36 37 39 44 45 48 49 50 51 64 69 74 75 76 81 84 86 87 89 92 93 98 100 101 103 107 110 115 116 119;
set M:= 124 127 128 129 134 137 143 144 146 147;
set K:= 1 2 3 4 5;
param D:= 100;
param Q:= 540;
param v:= 2000000;
param f:= 
124 63000
127 25694
128 39740
129 42028
134 96841
137 27856
143 48720
144 52000
146 78000
147 45000
;
param:	xcoord ycoord w q:=
0 -32.75044 -70.72613 0 1 
1 -33.0433 -71.624 0 1 
2 -32.5191 -70.92373 38 1 
8 -32.44708 -71.19315 110 1 
13 -32.34055 -71.17481 99 1 
14 -32.51115 -71.42049 30 1 
16 -32.21823 -70.82151 78 1 
26 -32.84855 -70.98046 116 1 
28 -32.86292 -70.94795 99 1 
29 -32.58297 -70.73334 108 1 
33 -32.62252 -70.72251 72 1 
35 -32.7126 -70.74393 65 1 
36 -32.83944 -71.00021 66 1 
37 -32.81691 -70.71195 53 1 
39 -32.74002 -70.64044 105 1 
44 -32.76742 -70.61154 38 1 
45 -32.74039 -70.64 42 1 
48 -32.88608 -70.59211 103 1 
49 -32.90731 -70.28602 104 1 
50 -32.87857 -70.20821 39 1 
51 -32.90645 -70.28716 50 1 
64 -32.75022 -70.59169 119 1 
69 -33.37956 -71.38904 76 1 
74 -32.91961 -71.50488 57 1 
75 -32.91508 -71.49869 66 1 
76 -32.93269 -71.43975 112 1 
81 -32.68399 -71.39191 70 1 
84 -32.86028 -71.45447 70 1 
86 -32.86452 -71.49062 87 1 
87 -32.83144 -71.47526 89 1 
89 -33.10385 -71.66487 64 1 
92 -33.58655 -71.52943 57 1 
93 -33.01883 -71.50131 58 1 
98 -32.98749 -71.50073 83 1 
100 -33.38903 -71.69158 108 1 
101 -33.34522 -71.64882 59 1 
103 -33.35491 -71.65289 40 1 
107 -33.42116 -71.69462 116 1 
110 -33.63989 -71.57131 49 1 
115 -33.93803 -71.7365 56 1 
116 -33.88859 -71.64141 97 1 
119 -33.8283 -71.64323 81 1 
124 -32.85659 -70.41855 0 1 
127 -32.24898 -70.9333 0 1 
128 -32.43019 -71.07467 0 1 
129 -32.44456 -71.22894 0 1 
134 -33.61172 -71.60733 0 1 
137 -32.91915 -71.52057 0 1 
143 -32.78349 -71.53032 0 1 
144 -32.77144 -71.53401 0 1 
146 -33.38843 -71.53636 0 1 
147 -33.32534 -71.38598 0 1 
;
param d[*,*]
#distancia de viaje entre puentes
: 2 8 13 14 16 26 28 29 33 35 36 37 39 44 45 48 49 50 51 64 69 74 75 76 81 84 86 87 89 92 93 98 100 101 103 107 110 115 116 119:=
2 0.0 41.0 42.0 64.0 48.0 63.0 66.0 41.0 43.0 54.0 63.0 69.0 69.0 72.0 68.0 82.0 110.0 118.0 110.0 74.0 169.0 117.0 116.0 115.0 89.0 106.0 109.0 105.0 151.0 200.0 130.0 126.0 186.0 179.0 180.0 190.0 213.0 257.0 249.0 239.0
8 41.0 0.0 20.0 26.0 62.0 69.0 73.0 82.0 84.0 95.0 73.0 107.0 109.0 112.0 109.0 120.0 149.0 157.0 149.0 115.0 132.0 79.0 78.0 77.0 51.0 68.0 71.0 67.0 113.0 164.0 92.0 88.0 150.0 143.0 144.0 154.0 177.0 221.0 213.0 203.0
13 42.0 20.0 0.0 41.0 50.0 84.0 89.0 83.0 85.0 96.0 88.0 111.0 110.0 113.0 110.0 124.0 152.0 160.0 152.0 116.0 148.0 94.0 94.0 93.0 66.0 83.0 87.0 83.0 128.0 179.0 108.0 103.0 166.0 159.0 160.0 169.0 193.0 237.0 229.0 218.0
14 64.0 26.0 42.0 0.0 83.0 78.0 82.0 105.0 108.0 112.0 81.0 115.0 118.0 121.0 118.0 129.0 158.0 166.0 157.0 123.0 130.0 64.0 63.0 62.0 35.0 52.0 56.0 52.0 98.0 160.0 77.0 72.0 142.0 135.0 136.0 145.0 173.0 217.0 209.0 199.0
16 48.0 62.0 49.0 83.0 0.0 108.0 112.0 59.0 61.0 72.0 109.0 87.0 86.0 89.0 86.0 100.0 128.0 136.0 128.0 92.0 189.0 135.0 135.0 134.0 107.0 124.0 128.0 124.0 170.0 220.0 149.0 144.0 207.0 200.0 201.0 210.0 234.0 278.0 270.0 259.0
26 69.0 76.0 92.0 85.0 114.0 0.0 5.0 59.0 53.0 42.0 12.0 46.0 48.0 52.0 48.0 58.0 88.0 96.0 88.0 54.0 117.0 73.0 74.0 66.0 68.0 73.0 78.0 76.0 105.0 148.0 81.0 77.0 134.0 127.0 129.0 138.0 161.0 205.0 198.0 187.0
28 66.0 73.0 89.0 82.0 111.0 5.0 0.0 56.0 50.0 39.0 9.0 43.0 45.0 49.0 45.0 55.0 85.0 93.0 85.0 51.0 114.0 70.0 71.0 63.0 65.0 70.0 75.0 73.0 102.0 145.0 78.0 74.0 132.0 125.0 126.0 135.0 159.0 203.0 195.0 184.0
29 41.0 82.0 83.0 105.0 59.0 53.0 57.0 0.0 6.0 17.0 54.0 32.0 31.0 34.0 31.0 45.0 73.0 81.0 73.0 37.0 160.0 117.0 117.0 110.0 111.0 117.0 121.0 120.0 148.0 191.0 125.0 120.0 178.0 171.0 172.0 181.0 205.0 243.0 229.0 230.0
33 43.0 84.0 85.0 107.0 61.0 47.0 51.0 6.0 0.0 11.0 47.0 26.0 25.0 28.0 25.0 39.0 67.0 75.0 67.0 31.0 154.0 111.0 112.0 104.0 105.0 111.0 115.0 114.0 143.0 186.0 119.0 114.0 172.0 165.0 166.0 176.0 199.0 237.0 223.0 225.0
35 54.0 95.0 96.0 112.0 72.0 36.0 40.0 17.0 11.0 0.0 37.0 15.0 14.0 17.0 14.0 28.0 56.0 64.0 56.0 20.0 143.0 100.0 101.0 93.0 94.0 100.0 104.0 103.0 132.0 175.0 108.0 103.0 161.0 154.0 155.0 165.0 188.0 226.0 212.0 214.0
36 64.0 70.0 86.0 79.0 109.0 4.0 8.0 54.0 48.0 37.0 0.0 40.0 43.0 46.0 43.0 54.0 83.0 91.0 82.0 48.0 111.0 67.0 68.0 60.0 62.0 67.0 72.0 71.0 99.0 142.0 76.0 71.0 129.0 122.0 123.0 132.0 156.0 200.0 192.0 181.0
37 69.0 106.0 111.0 115.0 87.0 40.0 43.0 32.0 26.0 15.0 40.0 0.0 17.0 21.0 17.0 17.0 47.0 55.0 47.0 23.0 143.0 103.0 104.0 96.0 98.0 103.0 108.0 107.0 135.0 175.0 111.0 107.0 165.0 158.0 159.0 168.0 178.0 214.0 200.0 204.0
39 68.0 109.0 110.0 117.0 86.0 42.0 46.0 30.0 25.0 14.0 42.0 17.0 0.0 6.0 0.0 22.0 48.0 56.0 48.0 6.0 149.0 106.0 106.0 99.0 100.0 106.0 110.0 109.0 137.0 180.0 114.0 109.0 167.0 160.0 161.0 171.0 191.0 228.0 214.0 219.0
44 71.0 112.0 113.0 121.0 89.0 45.0 49.0 34.0 28.0 17.0 45.0 20.0 6.0 0.0 6.0 18.0 44.0 53.0 44.0 3.0 152.0 109.0 110.0 102.0 103.0 109.0 113.0 112.0 140.0 183.0 117.0 112.0 170.0 163.0 164.0 174.0 188.0 225.0 211.0 215.0
45 68.0 109.0 110.0 117.0 86.0 42.0 45.0 30.0 25.0 14.0 42.0 17.0 0.0 6.0 0.0 21.0 48.0 56.0 48.0 6.0 149.0 106.0 106.0 99.0 100.0 106.0 110.0 109.0 137.0 180.0 114.0 109.0 167.0 160.0 161.0 171.0 191.0 228.0 214.0 219.0
48 83.0 120.0 124.0 129.0 100.0 53.0 54.0 45.0 39.0 28.0 54.0 17.0 21.0 18.0 21.0 0.0 40.0 48.0 40.0 18.0 141.0 117.0 118.0 110.0 112.0 117.0 122.0 120.0 146.0 172.0 121.0 120.0 169.0 162.0 163.0 172.0 176.0 212.0 198.0 202.0
49 135.0 174.0 177.0 183.0 153.0 107.0 111.0 98.0 92.0 81.0 108.0 73.0 73.0 69.0 73.0 66.0 0.0 8.0 1.0 69.0 203.0 171.0 172.0 164.0 166.0 171.0 176.0 174.0 203.0 235.0 179.0 174.0 231.0 224.0 225.0 234.0 238.0 274.0 260.0 264.0
50 118.0 157.0 160.0 166.0 136.0 90.0 94.0 80.0 75.0 64.0 91.0 55.0 56.0 52.0 56.0 48.0 12.0 0.0 8.0 52.0 186.0 154.0 155.0 147.0 149.0 154.0 159.0 157.0 186.0 217.0 162.0 157.0 214.0 207.0 208.0 217.0 221.0 257.0 243.0 247.0
51 109.0 148.0 151.0 157.0 127.0 82.0 85.0 72.0 66.0 55.0 82.0 47.0 47.0 44.0 47.0 40.0 4.0 8.0 0.0 43.0 177.0 146.0 146.0 139.0 140.0 145.0 150.0 149.0 177.0 209.0 154.0 149.0 205.0 198.0 199.0 208.0 212.0 249.0 235.0 239.0
64 73.0 114.0 115.0 123.0 91.0 47.0 51.0 36.0 30.0 19.0 48.0 23.0 6.0 3.0 6.0 18.0 44.0 52.0 44.0 0.0 153.0 111.0 112.0 104.0 106.0 111.0 116.0 114.0 143.0 185.0 119.0 114.0 172.0 165.0 166.0 176.0 188.0 225.0 211.0 215.0
69 168.0 132.0 148.0 130.0 189.0 108.0 113.0 159.0 154.0 143.0 112.0 146.0 148.0 152.0 148.0 143.0 180.0 189.0 180.0 154.0 0.0 66.0 66.0 67.0 100.0 77.0 74.0 77.0 54.0 35.0 53.0 57.0 36.0 34.0 33.0 36.0 48.0 92.0 84.0 74.0
74 118.0 80.0 96.0 64.0 137.0 65.0 70.0 116.0 111.0 100.0 69.0 103.0 106.0 109.0 105.0 117.0 145.0 154.0 145.0 111.0 66.0 0.0 1.0 7.0 35.0 12.0 8.0 12.0 34.0 96.0 13.0 9.0 78.0 71.0 72.0 82.0 110.0 154.0 146.0 135.0
75 117.0 79.0 95.0 64.0 136.0 66.0 71.0 117.0 112.0 101.0 70.0 104.0 106.0 110.0 106.0 118.0 146.0 154.0 146.0 112.0 67.0 1.0 0.0 8.0 34.0 11.0 8.0 11.0 35.0 97.0 14.0 10.0 79.0 72.0 73.0 82.0 110.0 154.0 146.0 136.0
76 116.0 78.0 94.0 63.0 135.0 58.0 63.0 109.0 104.0 93.0 62.0 96.0 98.0 102.0 98.0 110.0 138.0 147.0 138.0 104.0 68.0 7.0 8.0 0.0 33.0 10.0 14.0 18.0 39.0 98.0 15.0 10.0 80.0 73.0 74.0 83.0 111.0 155.0 147.0 137.0
81 96.0 59.0 74.0 43.0 115.0 67.0 71.0 118.0 112.0 101.0 70.0 105.0 107.0 111.0 107.0 118.0 147.0 155.0 147.0 113.0 108.0 42.0 41.0 40.0 0.0 31.0 35.0 31.0 76.0 138.0 55.0 51.0 120.0 113.0 114.0 124.0 152.0 196.0 188.0 177.0
84 107.0 69.0 84.0 53.0 125.0 65.0 70.0 116.0 111.0 100.0 69.0 103.0 105.0 109.0 105.0 117.0 145.0 153.0 145.0 111.0 77.0 11.0 10.0 10.0 23.0 0.0 5.0 8.0 45.0 107.0 25.0 20.0 89.0 82.0 83.0 93.0 121.0 165.0 157.0 146.0
86 111.0 73.0 88.0 57.0 130.0 68.0 73.0 119.0 114.0 103.0 72.0 106.0 109.0 112.0 108.0 120.0 148.0 157.0 148.0 114.0 74.0 7.0 7.0 13.0 27.0 6.0 0.0 4.0 42.0 104.0 21.0 17.0 85.0 78.0 80.0 89.0 117.0 161.0 153.0 143.0
87 106.0 69.0 84.0 53.0 125.0 68.0 72.0 119.0 113.0 102.0 71.0 106.0 108.0 112.0 108.0 119.0 148.0 156.0 148.0 114.0 78.0 12.0 11.0 17.0 23.0 10.0 4.0 0.0 46.0 108.0 25.0 21.0 90.0 83.0 84.0 93.0 121.0 165.0 157.0 147.0
89 153.0 115.0 130.0 99.0 171.0 97.0 102.0 148.0 143.0 132.0 101.0 135.0 137.0 141.0 137.0 147.0 177.0 186.0 177.0 143.0 51.0 35.0 35.0 39.0 69.0 46.0 43.0 46.0 0.0 81.0 27.0 29.0 63.0 56.0 57.0 67.0 95.0 139.0 131.0 120.0
92 199.0 163.0 178.0 160.0 220.0 139.0 143.0 190.0 184.0 174.0 143.0 177.0 179.0 183.0 179.0 175.0 211.0 220.0 211.0 185.0 35.0 95.0 96.0 97.0 130.0 107.0 104.0 107.0 84.0 0.0 82.0 87.0 32.0 37.0 36.0 29.0 19.0 63.0 56.0 45.0
93 131.0 93.0 108.0 77.0 150.0 73.0 77.0 124.0 118.0 107.0 77.0 111.0 113.0 117.0 113.0 123.0 153.0 161.0 153.0 119.0 53.0 13.0 13.0 15.0 47.0 24.0 21.0 24.0 27.0 83.0 0.0 4.0 65.0 58.0 59.0 69.0 97.0 141.0 133.0 122.0
98 126.0 89.0 104.0 73.0 145.0 69.0 73.0 119.0 114.0 103.0 72.0 106.0 109.0 112.0 109.0 120.0 149.0 157.0 148.0 115.0 58.0 8.0 9.0 10.0 43.0 20.0 17.0 20.0 28.0 88.0 5.0 0.0 69.0 62.0 64.0 73.0 101.0 145.0 137.0 127.0
100 185.0 150.0 165.0 141.0 207.0 126.0 130.0 177.0 171.0 160.0 129.0 164.0 166.0 170.0 166.0 169.0 206.0 214.0 206.0 172.0 35.0 77.0 78.0 79.0 112.0 88.0 85.0 89.0 66.0 32.0 64.0 68.0 0.0 7.0 6.0 4.0 37.0 81.0 73.0 62.0
101 179.0 143.0 158.0 135.0 200.0 119.0 123.0 170.0 164.0 153.0 123.0 157.0 159.0 163.0 159.0 162.0 199.0 207.0 199.0 165.0 36.0 70.0 71.0 72.0 105.0 82.0 79.0 82.0 59.0 37.0 57.0 62.0 7.0 0.0 1.0 11.0 44.0 88.0 80.0 70.0
103 180.0 144.0 159.0 136.0 201.0 120.0 125.0 171.0 165.0 155.0 124.0 158.0 160.0 164.0 160.0 163.0 200.0 208.0 200.0 166.0 34.0 71.0 72.0 73.0 106.0 83.0 80.0 83.0 60.0 36.0 58.0 63.0 6.0 1.0 0.0 10.0 43.0 87.0 79.0 69.0
107 189.0 154.0 169.0 145.0 210.0 130.0 134.0 180.0 175.0 164.0 133.0 167.0 170.0 173.0 170.0 173.0 210.0 218.0 209.0 176.0 36.0 81.0 82.0 82.0 116.0 92.0 89.0 92.0 69.0 29.0 68.0 72.0 4.0 11.0 9.0 0.0 33.0 77.0 69.0 59.0
110 212.0 176.0 191.0 173.0 233.0 152.0 157.0 203.0 198.0 187.0 156.0 180.0 192.0 190.0 192.0 178.0 214.0 223.0 214.0 190.0 48.0 108.0 109.0 110.0 143.0 120.0 117.0 120.0 97.0 19.0 95.0 100.0 37.0 44.0 43.0 33.0 0.0 52.0 45.0 34.0
115 256.0 220.0 236.0 217.0 277.0 196.0 201.0 247.0 241.0 230.0 200.0 218.0 231.0 228.0 231.0 215.0 252.0 260.0 252.0 228.0 92.0 152.0 153.0 154.0 187.0 164.0 161.0 164.0 141.0 63.0 139.0 144.0 81.0 88.0 87.0 77.0 52.0 0.0 14.0 18.0
116 247.0 212.0 227.0 208.0 268.0 188.0 192.0 233.0 227.0 216.0 191.0 204.0 218.0 214.0 218.0 201.0 238.0 247.0 238.0 214.0 83.0 144.0 145.0 145.0 179.0 155.0 152.0 155.0 132.0 54.0 131.0 135.0 73.0 79.0 78.0 69.0 44.0 14.0 0.0 10.0
119 237.0 202.0 217.0 198.0 259.0 178.0 182.0 229.0 223.0 212.0 181.0 208.0 218.0 218.0 218.0 205.0 242.0 250.0 242.0 218.0 73.0 134.0 135.0 136.0 169.0 145.0 142.0 146.0 123.0 44.0 121.0 125.0 63.0 70.0 68.0 59.0 34.0 18.0 11.0 0.0

#distancia viaje entre puentes y alojamientos
: 124 127 128 129 134 137 143 144 146 147:=
2 93.0 55.0 24.0 43.0 208.0 119.0 108.0 109.0 180.0 164.0
8 132.0 51.0 17.0 5.0 172.0 81.0 70.0 71.0 144.0 128.0
13 135.0 39.0 21.0 21.0 187.0 96.0 85.0 87.0 159.0 144.0
14 141.0 72.0 40.0 22.0 168.0 65.0 55.0 56.0 140.0 126.0
16 111.0 12.0 45.0 62.0 228.0 137.0 126.0 128.0 200.0 185.0
26 71.0 122.0 90.0 72.0 156.0 74.0 80.0 81.0 128.0 113.0
28 68.0 119.0 87.0 69.0 153.0 72.0 77.0 78.0 125.0 110.0
29 56.0 71.0 65.0 84.0 199.0 118.0 123.0 125.0 171.0 156.0
33 50.0 73.0 67.0 86.0 194.0 112.0 117.0 119.0 165.0 150.0
35 39.0 84.0 78.0 97.0 183.0 101.0 106.0 108.0 155.0 139.0
36 66.0 116.0 85.0 66.0 150.0 69.0 74.0 75.0 122.0 107.0
37 30.0 99.0 93.0 102.0 183.0 105.0 110.0 111.0 156.0 141.0
39 31.0 98.0 92.0 105.0 188.0 107.0 112.0 114.0 160.0 145.0
44 27.0 101.0 95.0 108.0 192.0 110.0 115.0 117.0 163.0 148.0
45 31.0 98.0 92.0 104.0 188.0 107.0 112.0 114.0 160.0 145.0
48 23.0 113.0 106.0 116.0 180.0 118.0 124.0 125.0 154.0 139.0
49 43.0 165.0 159.0 170.0 243.0 172.0 178.0 179.0 216.0 201.0
50 26.0 148.0 142.0 153.0 226.0 155.0 160.0 162.0 199.0 184.0
51 18.0 139.0 133.0 144.0 217.0 147.0 152.0 153.0 191.0 175.0
64 27.0 103.0 97.0 110.0 193.0 112.0 117.0 119.0 166.0 151.0
69 163.0 178.0 146.0 128.0 43.0 63.0 88.0 89.0 18.0 9.0
74 129.0 126.0 94.0 76.0 104.0 2.0 22.0 23.0 76.0 62.0
75 129.0 125.0 94.0 75.0 105.0 2.0 21.0 23.0 77.0 63.0
76 121.0 124.0 93.0 74.0 106.0 8.0 27.0 28.0 78.0 64.0
81 130.0 104.0 73.0 54.0 146.0 44.0 33.0 35.0 118.0 104.0
84 128.0 115.0 83.0 65.0 115.0 13.0 17.0 19.0 87.0 73.0
86 132.0 119.0 87.0 69.0 112.0 9.0 15.0 16.0 83.0 69.0
87 131.0 114.0 83.0 64.0 116.0 13.0 10.0 12.0 88.0 74.0
89 160.0 161.0 129.0 111.0 89.0 34.0 57.0 58.0 61.0 47.0
92 195.0 209.0 177.0 159.0 14.0 92.0 117.0 119.0 36.0 40.0
93 136.0 139.0 107.0 89.0 91.0 14.0 35.0 36.0 63.0 49.0
98 132.0 134.0 103.0 84.0 96.0 9.0 30.0 32.0 67.0 53.0
100 189.0 196.0 164.0 146.0 31.0 74.0 99.0 101.0 17.0 39.0
101 182.0 189.0 157.0 139.0 39.0 67.0 92.0 94.0 17.0 32.0
103 183.0 190.0 158.0 140.0 38.0 69.0 93.0 95.0 16.0 33.0
107 193.0 199.0 168.0 149.0 28.0 78.0 103.0 104.0 18.0 41.0
110 198.0 222.0 190.0 172.0 6.0 106.0 130.0 132.0 43.0 53.0
115 235.0 266.0 234.0 216.0 50.0 150.0 174.0 176.0 87.0 97.0
116 222.0 257.0 226.0 207.0 41.0 141.0 166.0 167.0 79.0 89.0
119 225.0 248.0 216.0 198.0 31.0 131.0 156.0 157.0 69.0 79.0

#distancia entre alojamientos y puentes
: 2 8 13 14 16 26 28 29 33 35 36 37 39 44 45 48 49 50 51 64 69 74 75 76 81 84 86 87 89 92 93 98 100 101 103 107 110 115 116 119:=
124 93.0 132.0 135.0 141.0 111.0 65.0 69.0 55.0 50.0 39.0 65.0 30.0 31.0 27.0 31.0 23.0 18.0 26.0 18.0 27.0 161.0 129.0 130.0 122.0 123.0 129.0 133.0 132.0 160.0 192.0 137.0 132.0 189.0 182.0 183.0 192.0 195.0 232.0 218.0 222.0
127 55.0 51.0 38.0 72.0 12.0 115.0 119.0 71.0 73.0 84.0 118.0 99.0 99.0 102.0 98.0 112.0 140.0 148.0 140.0 104.0 178.0 124.0 124.0 123.0 96.0 113.0 117.0 113.0 159.0 209.0 138.0 133.0 196.0 189.0 190.0 199.0 223.0 267.0 259.0 248.0
128 24.0 17.0 21.0 40.0 45.0 83.0 88.0 65.0 67.0 78.0 87.0 93.0 92.0 95.0 92.0 106.0 134.0 142.0 134.0 98.0 147.0 93.0 92.0 91.0 65.0 82.0 86.0 82.0 127.0 178.0 106.0 102.0 164.0 157.0 159.0 168.0 191.0 235.0 228.0 217.0
129 43.0 5.0 20.0 22.0 62.0 65.0 69.0 84.0 86.0 97.0 68.0 103.0 105.0 109.0 105.0 116.0 145.0 153.0 145.0 111.0 128.0 75.0 74.0 73.0 47.0 64.0 67.0 63.0 109.0 160.0 88.0 83.0 146.0 139.0 140.0 150.0 173.0 217.0 209.0 199.0
134 206.0 170.0 186.0 167.0 227.0 147.0 151.0 197.0 192.0 181.0 150.0 184.0 187.0 190.0 187.0 182.0 219.0 227.0 219.0 192.0 42.0 103.0 103.0 104.0 137.0 114.0 111.0 114.0 91.0 13.0 90.0 94.0 32.0 38.0 37.0 28.0 6.0 50.0 42.0 31.0
137 120.0 82.0 97.0 66.0 139.0 66.0 71.0 117.0 112.0 101.0 70.0 104.0 107.0 110.0 107.0 118.0 146.0 155.0 146.0 112.0 63.0 2.0 2.0 8.0 37.0 14.0 10.0 13.0 34.0 93.0 14.0 10.0 75.0 68.0 69.0 79.0 107.0 151.0 143.0 132.0
143 109.0 71.0 87.0 56.0 128.0 71.0 76.0 122.0 117.0 106.0 75.0 109.0 111.0 115.0 111.0 123.0 151.0 160.0 151.0 117.0 88.0 22.0 21.0 27.0 26.0 17.0 15.0 11.0 56.0 118.0 36.0 31.0 100.0 93.0 94.0 104.0 132.0 176.0 168.0 157.0
144 110.0 73.0 88.0 57.0 129.0 73.0 77.0 123.0 118.0 107.0 76.0 110.0 113.0 116.0 113.0 124.0 153.0 161.0 152.0 118.0 90.0 23.0 23.0 28.0 27.0 19.0 16.0 12.0 58.0 120.0 37.0 33.0 101.0 94.0 96.0 105.0 133.0 177.0 169.0 159.0
146 180.0 144.0 160.0 141.0 201.0 120.0 125.0 171.0 166.0 155.0 124.0 158.0 160.0 164.0 160.0 157.0 194.0 202.0 194.0 166.0 18.0 76.0 77.0 78.0 111.0 88.0 85.0 88.0 65.0 36.0 63.0 68.0 18.0 16.0 15.0 18.0 43.0 87.0 80.0 69.0
147 163.0 127.0 143.0 125.0 184.0 103.0 108.0 154.0 149.0 138.0 107.0 141.0 143.0 147.0 143.0 142.0 179.0 187.0 179.0 149.0 9.0 61.0 61.0 62.0 95.0 72.0 69.0 72.0 49.0 41.0 48.0 52.0 39.0 32.0 33.0 40.0 54.0 98.0 90.0 80.0

#distancia entre depositos y puentes
: 2 8 13 14 16 26 28 29 33 35 36 37 39 44 45 48 49 50 51 64 69 74 75 76 81 84 86 87 89 92 93 98 100 101 103 107 110 115 116 119:=
0 60.0 99.0 101.0 108.0 77.0 32.0 36.0 22.0 16.0 5.0 33.0 11.0 10.0 14.0 10.0 23.0 51.0 60.0 51.0 16.0 140.0 96.0 97.0 89.0 91.0 96.0 101.0 99.0 128.0 171.0 104.0 99.0 157.0 150.0 151.0 161.0 184.0 222.0 208.0 210.0
1 141.0 103.0 118.0 87.0 160.0 86.0 90.0 136.0 131.0 120.0 89.0 123.0 126.0 129.0 126.0 135.0 166.0 174.0 165.0 131.0 50.0 23.0 24.0 27.0 58.0 35.0 31.0 35.0 12.0 80.0 15.0 17.0 61.0 54.0 55.0 65.0 93.0 137.0 129.0 119.0

#distancia entre puentes y depositos
: 0 1:=
2 59.0 140.0
8 99.0 102.0
13 101.0 117.0
14 108.0 86.0
16 77.0 158.0
26 38.0 93.0
28 35.0 91.0
29 22.0 137.0
33 16.0 131.0
35 5.0 120.0
36 33.0 88.0
37 11.0 124.0
39 10.0 126.0
44 13.0 129.0
45 10.0 126.0
48 24.0 134.0
49 77.0 191.0
50 59.0 174.0
51 51.0 166.0
64 15.0 131.0
69 138.0 49.0
74 96.0 23.0
75 96.0 24.0
76 89.0 27.0
81 97.0 65.0
84 95.0 34.0
86 99.0 30.0
87 98.0 34.0
89 127.0 12.0
92 169.0 79.0
93 103.0 15.0
98 99.0 17.0
100 156.0 60.0
101 149.0 54.0
103 150.0 55.0
107 160.0 64.0
110 182.0 92.0
115 225.0 136.0
116 212.0 127.0
119 208.0 118.0

;