set O:= 0 1;
set N:= 2 28 29 33 35 36 37 44 45 48 49 64 69 74 75 81 87 89 92 93 100 101 103 110 115;
set M:= 122 124 127 128 129 137 140 143 144 147;
set K:= 1 2 3 4 5;
param D:= 100;
param Q:= 540;
param v:= 2000000;
param f:= 
122 24000
124 63000
127 25694
128 39740
129 42028
137 27856
140 48596
143 48720
144 52000
147 45000
;
param:	xcoord ycoord w q:=
0 -32.75044 -70.72613 0 1 
1 -33.0433 -71.624 0 1 
2 -32.5191 -70.92373 38 1 
28 -32.86292 -70.94795 99 1 
29 -32.58297 -70.73334 108 1 
33 -32.62252 -70.72251 72 1 
35 -32.7126 -70.74393 65 1 
36 -32.83944 -71.00021 66 1 
37 -32.81691 -70.71195 53 1 
44 -32.76742 -70.61154 38 1 
45 -32.74039 -70.64 42 1 
48 -32.88608 -70.59211 103 1 
49 -32.90731 -70.28602 104 1 
64 -32.75022 -70.59169 119 1 
69 -33.37956 -71.38904 76 1 
74 -32.91961 -71.50488 57 1 
75 -32.91508 -71.49869 66 1 
81 -32.68399 -71.39191 70 1 
87 -32.83144 -71.47526 89 1 
89 -33.10385 -71.66487 64 1 
92 -33.58655 -71.52943 57 1 
93 -33.01883 -71.50131 58 1 
100 -33.38903 -71.69158 108 1 
101 -33.34522 -71.64882 59 1 
103 -33.35491 -71.65289 40 1 
110 -33.63989 -71.57131 49 1 
115 -33.93803 -71.7365 56 1 
122 -32.77961 -70.95976 0 1 
124 -32.85659 -70.41855 0 1 
127 -32.24898 -70.9333 0 1 
128 -32.43019 -71.07467 0 1 
129 -32.44456 -71.22894 0 1 
137 -32.91915 -71.52057 0 1 
140 -32.93024 -71.55027 0 1 
143 -32.78349 -71.53032 0 1 
144 -32.77144 -71.53401 0 1 
147 -33.32534 -71.38598 0 1 
;
param d[*,*]
#distancia de viaje entre puentes
: 2 28 29 33 35 36 37 44 45 48 49 64 69 74 75 81 87 89 92 93 100 101 103 110 115:=
2 0.0 66.0 41.0 43.0 54.0 63.0 69.0 72.0 68.0 82.0 110.0 74.0 169.0 117.0 116.0 89.0 105.0 151.0 200.0 130.0 186.0 179.0 180.0 213.0 257.0
28 66.0 0.0 56.0 50.0 39.0 9.0 43.0 49.0 45.0 55.0 85.0 51.0 114.0 70.0 71.0 65.0 73.0 102.0 145.0 78.0 132.0 125.0 126.0 159.0 203.0
29 41.0 57.0 0.0 6.0 17.0 54.0 32.0 34.0 31.0 45.0 73.0 37.0 160.0 117.0 117.0 111.0 120.0 148.0 191.0 125.0 178.0 171.0 172.0 205.0 243.0
33 43.0 51.0 6.0 0.0 11.0 47.0 26.0 28.0 25.0 39.0 67.0 31.0 154.0 111.0 112.0 105.0 114.0 143.0 186.0 119.0 172.0 165.0 166.0 199.0 237.0
35 54.0 40.0 17.0 11.0 0.0 37.0 15.0 17.0 14.0 28.0 56.0 20.0 143.0 100.0 101.0 94.0 103.0 132.0 175.0 108.0 161.0 154.0 155.0 188.0 226.0
36 64.0 8.0 54.0 48.0 37.0 0.0 40.0 46.0 43.0 54.0 83.0 48.0 111.0 67.0 68.0 62.0 71.0 99.0 142.0 76.0 129.0 122.0 123.0 156.0 200.0
37 69.0 43.0 32.0 26.0 15.0 40.0 0.0 21.0 17.0 17.0 47.0 23.0 143.0 103.0 104.0 98.0 107.0 135.0 175.0 111.0 165.0 158.0 159.0 178.0 214.0
44 71.0 49.0 34.0 28.0 17.0 45.0 20.0 0.0 6.0 18.0 44.0 3.0 152.0 109.0 110.0 103.0 112.0 140.0 183.0 117.0 170.0 163.0 164.0 188.0 225.0
45 68.0 45.0 30.0 25.0 14.0 42.0 17.0 6.0 0.0 21.0 48.0 6.0 149.0 106.0 106.0 100.0 109.0 137.0 180.0 114.0 167.0 160.0 161.0 191.0 228.0
48 83.0 54.0 45.0 39.0 28.0 54.0 17.0 18.0 21.0 0.0 40.0 18.0 141.0 117.0 118.0 112.0 120.0 146.0 172.0 121.0 169.0 162.0 163.0 176.0 212.0
49 135.0 111.0 98.0 92.0 81.0 108.0 73.0 69.0 73.0 66.0 0.0 69.0 203.0 171.0 172.0 166.0 174.0 203.0 235.0 179.0 231.0 224.0 225.0 238.0 274.0
64 73.0 51.0 36.0 30.0 19.0 48.0 23.0 3.0 6.0 18.0 44.0 0.0 153.0 111.0 112.0 106.0 114.0 143.0 185.0 119.0 172.0 165.0 166.0 188.0 225.0
69 168.0 113.0 159.0 154.0 143.0 112.0 146.0 152.0 148.0 143.0 180.0 154.0 0.0 66.0 66.0 100.0 77.0 54.0 35.0 53.0 36.0 34.0 33.0 48.0 92.0
74 118.0 70.0 116.0 111.0 100.0 69.0 103.0 109.0 105.0 117.0 145.0 111.0 66.0 0.0 1.0 35.0 12.0 34.0 96.0 13.0 78.0 71.0 72.0 110.0 154.0
75 117.0 71.0 117.0 112.0 101.0 70.0 104.0 110.0 106.0 118.0 146.0 112.0 67.0 1.0 0.0 34.0 11.0 35.0 97.0 14.0 79.0 72.0 73.0 110.0 154.0
81 96.0 71.0 118.0 112.0 101.0 70.0 105.0 111.0 107.0 118.0 147.0 113.0 108.0 42.0 41.0 0.0 31.0 76.0 138.0 55.0 120.0 113.0 114.0 152.0 196.0
87 106.0 72.0 119.0 113.0 102.0 71.0 106.0 112.0 108.0 119.0 148.0 114.0 78.0 12.0 11.0 23.0 0.0 46.0 108.0 25.0 90.0 83.0 84.0 121.0 165.0
89 153.0 102.0 148.0 143.0 132.0 101.0 135.0 141.0 137.0 147.0 177.0 143.0 51.0 35.0 35.0 69.0 46.0 0.0 81.0 27.0 63.0 56.0 57.0 95.0 139.0
92 199.0 143.0 190.0 184.0 174.0 143.0 177.0 183.0 179.0 175.0 211.0 185.0 35.0 95.0 96.0 130.0 107.0 84.0 0.0 82.0 32.0 37.0 36.0 19.0 63.0
93 131.0 77.0 124.0 118.0 107.0 77.0 111.0 117.0 113.0 123.0 153.0 119.0 53.0 13.0 13.0 47.0 24.0 27.0 83.0 0.0 65.0 58.0 59.0 97.0 141.0
100 185.0 130.0 177.0 171.0 160.0 129.0 164.0 170.0 166.0 169.0 206.0 172.0 35.0 77.0 78.0 112.0 89.0 66.0 32.0 64.0 0.0 7.0 6.0 37.0 81.0
101 179.0 123.0 170.0 164.0 153.0 123.0 157.0 163.0 159.0 162.0 199.0 165.0 36.0 70.0 71.0 105.0 82.0 59.0 37.0 57.0 7.0 0.0 1.0 44.0 88.0
103 180.0 125.0 171.0 165.0 155.0 124.0 158.0 164.0 160.0 163.0 200.0 166.0 34.0 71.0 72.0 106.0 83.0 60.0 36.0 58.0 6.0 1.0 0.0 43.0 87.0
110 212.0 157.0 203.0 198.0 187.0 156.0 180.0 190.0 192.0 178.0 214.0 190.0 48.0 108.0 109.0 143.0 120.0 97.0 19.0 95.0 37.0 44.0 43.0 0.0 52.0
115 256.0 201.0 247.0 241.0 230.0 200.0 218.0 228.0 231.0 215.0 252.0 228.0 92.0 152.0 153.0 187.0 164.0 141.0 63.0 139.0 81.0 88.0 87.0 52.0 0.0

#distancia viaje entre puentes y alojamientos
: 122 124 127 128 129 137 140 143 144 147:=
2 53.0 93.0 55.0 24.0 43.0 119.0 123.0 108.0 109.0 164.0
28 13.0 68.0 119.0 87.0 69.0 72.0 75.0 77.0 78.0 110.0
29 44.0 56.0 71.0 65.0 84.0 118.0 122.0 123.0 125.0 156.0
33 38.0 50.0 73.0 67.0 86.0 112.0 116.0 117.0 119.0 150.0
35 28.0 39.0 84.0 78.0 97.0 101.0 105.0 106.0 108.0 139.0
36 11.0 66.0 116.0 85.0 66.0 69.0 73.0 74.0 75.0 107.0
37 37.0 30.0 99.0 93.0 102.0 105.0 109.0 110.0 111.0 141.0
44 42.0 27.0 101.0 95.0 108.0 110.0 114.0 115.0 117.0 148.0
45 39.0 31.0 98.0 92.0 104.0 107.0 111.0 112.0 114.0 145.0
48 50.0 23.0 113.0 106.0 116.0 118.0 122.0 124.0 125.0 139.0
49 104.0 43.0 165.0 159.0 170.0 172.0 176.0 178.0 179.0 201.0
64 44.0 27.0 103.0 97.0 110.0 112.0 116.0 117.0 119.0 151.0
69 115.0 163.0 178.0 146.0 128.0 63.0 60.0 88.0 89.0 9.0
74 72.0 129.0 126.0 94.0 76.0 2.0 6.0 22.0 23.0 62.0
75 73.0 129.0 125.0 94.0 75.0 2.0 6.0 21.0 23.0 63.0
81 74.0 130.0 104.0 73.0 54.0 44.0 48.0 33.0 35.0 104.0
87 75.0 131.0 114.0 83.0 64.0 13.0 17.0 10.0 12.0 74.0
89 104.0 160.0 161.0 129.0 111.0 34.0 31.0 57.0 58.0 47.0
92 146.0 195.0 209.0 177.0 159.0 92.0 90.0 117.0 119.0 40.0
93 80.0 136.0 139.0 107.0 89.0 14.0 15.0 35.0 36.0 49.0
100 133.0 189.0 196.0 164.0 146.0 74.0 72.0 99.0 101.0 39.0
101 126.0 182.0 189.0 157.0 139.0 67.0 65.0 92.0 94.0 32.0
103 127.0 183.0 190.0 158.0 140.0 69.0 66.0 93.0 95.0 33.0
110 159.0 198.0 222.0 190.0 172.0 106.0 103.0 130.0 132.0 53.0
115 203.0 235.0 266.0 234.0 216.0 150.0 147.0 174.0 176.0 97.0

#distancia entre alojamientos y puentes
: 2 28 29 33 35 36 37 44 45 48 49 64 69 74 75 81 87 89 92 93 100 101 103 110 115:=
122 53.0 13.0 44.0 38.0 28.0 10.0 37.0 43.0 39.0 50.0 79.0 45.0 116.0 73.0 73.0 67.0 76.0 104.0 147.0 81.0 134.0 127.0 128.0 161.0 205.0
124 93.0 69.0 55.0 50.0 39.0 65.0 30.0 27.0 31.0 23.0 18.0 27.0 161.0 129.0 130.0 123.0 132.0 160.0 192.0 137.0 189.0 182.0 183.0 195.0 232.0
127 55.0 119.0 71.0 73.0 84.0 118.0 99.0 102.0 98.0 112.0 140.0 104.0 178.0 124.0 124.0 96.0 113.0 159.0 209.0 138.0 196.0 189.0 190.0 223.0 267.0
128 24.0 88.0 65.0 67.0 78.0 87.0 93.0 95.0 92.0 106.0 134.0 98.0 147.0 93.0 92.0 65.0 82.0 127.0 178.0 106.0 164.0 157.0 159.0 191.0 235.0
129 43.0 69.0 84.0 86.0 97.0 68.0 103.0 109.0 105.0 116.0 145.0 111.0 128.0 75.0 74.0 47.0 63.0 109.0 160.0 88.0 146.0 139.0 140.0 173.0 217.0
137 120.0 71.0 117.0 112.0 101.0 70.0 104.0 110.0 107.0 118.0 146.0 112.0 63.0 2.0 2.0 37.0 13.0 34.0 93.0 14.0 75.0 68.0 69.0 107.0 151.0
140 123.0 75.0 121.0 116.0 105.0 74.0 108.0 114.0 110.0 122.0 150.0 116.0 61.0 5.0 6.0 40.0 17.0 31.0 91.0 14.0 73.0 66.0 67.0 104.0 148.0
143 109.0 76.0 122.0 117.0 106.0 75.0 109.0 115.0 111.0 123.0 151.0 117.0 88.0 22.0 21.0 26.0 11.0 56.0 118.0 36.0 100.0 93.0 94.0 132.0 176.0
144 110.0 77.0 123.0 118.0 107.0 76.0 110.0 116.0 113.0 124.0 153.0 118.0 90.0 23.0 23.0 27.0 12.0 58.0 120.0 37.0 101.0 94.0 96.0 133.0 177.0
147 163.0 108.0 154.0 149.0 138.0 107.0 141.0 147.0 143.0 142.0 179.0 149.0 9.0 61.0 61.0 95.0 72.0 49.0 41.0 48.0 39.0 32.0 33.0 54.0 98.0

#distancia entre depositos y puentes
: 2 28 29 33 35 36 37 44 45 48 49 64 69 74 75 81 87 89 92 93 100 101 103 110 115:=
0 60.0 36.0 22.0 16.0 5.0 33.0 11.0 14.0 10.0 23.0 51.0 16.0 140.0 96.0 97.0 91.0 99.0 128.0 171.0 104.0 157.0 150.0 151.0 184.0 222.0
1 141.0 90.0 136.0 131.0 120.0 89.0 123.0 129.0 126.0 135.0 166.0 131.0 50.0 23.0 24.0 58.0 35.0 12.0 80.0 15.0 61.0 54.0 55.0 93.0 137.0

#distancia entre puentes y depositos
: 0 1:=
2 59.0 140.0
28 35.0 91.0
29 22.0 137.0
33 16.0 131.0
35 5.0 120.0
36 33.0 88.0
37 11.0 124.0
44 13.0 129.0
45 10.0 126.0
48 24.0 134.0
49 77.0 191.0
64 15.0 131.0
69 138.0 49.0
74 96.0 23.0
75 96.0 24.0
81 97.0 65.0
87 98.0 34.0
89 127.0 12.0
92 169.0 79.0
93 103.0 15.0
100 156.0 60.0
101 149.0 54.0
103 150.0 55.0
110 182.0 92.0
115 225.0 136.0

;