set O:= 0 1;
set N:= 10 62 70 81 87 101 103 105 108 109;
set M:= 123 129 134 147;
set K:= 1 2 3;
param D:= 100;
param Q:= 540;
param v:= 2000000;
param f:= 
123 26037
129 42028
134 96841
147 45000
;
param:	xcoord ycoord w q:=
0 -32.75044 -70.72613 0 1 
1 -33.0433 -71.624 0 1 
10 -32.43335 -71.23322 48 1 
62 -32.76924 -70.56035 84 1 
70 -33.29115 -71.47716 94 1 
81 -32.68399 -71.39191 70 1 
87 -32.83144 -71.47526 89 1 
101 -33.34522 -71.64882 59 1 
103 -33.35491 -71.65289 40 1 
105 -33.53115 -71.54035 119 1 
108 -33.44564 -71.67852 41 1 
109 -33.44473 -71.67916 117 1 
123 -32.88254 -71.09009 0 1 
129 -32.44456 -71.22894 0 1 
134 -33.61172 -71.60733 0 1 
147 -33.32534 -71.38598 0 1 
;
param d[*,*]
#distancia de viaje entre puentes
: 10 62 70 81 87 101 103 105 108 109:=
10 0.0 116.0 120.0 48.0 65.0 141.0 142.0 156.0 154.0 154.0
62 116.0 0.0 149.0 110.0 118.0 169.0 171.0 177.0 183.0 183.0
70 119.0 148.0 0.0 89.0 66.0 21.0 22.0 36.0 35.0 35.0
81 56.0 117.0 97.0 0.0 31.0 113.0 114.0 133.0 127.0 127.0
87 66.0 118.0 66.0 23.0 0.0 83.0 84.0 102.0 96.0 96.0
101 140.0 169.0 21.0 105.0 82.0 0.0 1.0 34.0 14.0 14.0
103 141.0 170.0 22.0 106.0 83.0 1.0 0.0 33.0 13.0 13.0
105 155.0 179.0 36.0 125.0 101.0 33.0 32.0 0.0 21.0 21.0
108 154.0 183.0 35.0 119.0 96.0 14.0 13.0 21.0 0.0 0.0
109 154.0 183.0 34.0 119.0 95.0 14.0 13.0 21.0 0.0 0.0

#distancia viaje entre puentes y alojamientos
: 123 129 134 147:=
10 61.0 3.0 169.0 126.0
62 67.0 114.0 190.0 148.0
70 92.0 118.0 49.0 12.0
81 61.0 54.0 146.0 104.0
87 62.0 64.0 116.0 74.0
101 112.0 139.0 39.0 32.0
103 114.0 140.0 38.0 33.0
105 127.0 154.0 17.0 35.0
108 126.0 153.0 24.0 40.0
109 126.0 152.0 25.0 40.0

#distancia entre alojamientos y puentes
: 10 62 70 81 87 101 103 105 108 109:=
123 60.0 68.0 92.0 54.0 62.0 113.0 114.0 128.0 127.0 127.0
129 2.0 115.0 118.0 47.0 63.0 139.0 140.0 154.0 153.0 153.0
134 168.0 192.0 48.0 137.0 114.0 38.0 37.0 16.0 25.0 25.0
147 125.0 152.0 12.0 95.0 72.0 32.0 33.0 35.0 41.0 41.0

#distancia entre depositos y puentes
: 10 62 70 81 87 101 103 105 108 109:=
0 96.0 20.0 129.0 91.0 99.0 150.0 151.0 165.0 164.0 164.0
1 100.0 135.0 38.0 58.0 35.0 54.0 55.0 74.0 68.0 68.0

#distancia entre puentes y depositos
: 0 1:=
10 97.0 99.0
62 20.0 136.0
70 128.0 38.0
81 97.0 65.0
87 98.0 34.0
101 149.0 54.0
103 150.0 55.0
105 164.0 73.0
108 163.0 67.0
109 163.0 67.0

;