set O:= 0 1;
set N:= 2 3 4 8 10 13 14 15 16 17 20 21 22 25 26 28 29 32 33 35 36 37 39 44 45 48 49 50 51 52 57 59 62 63 64 69 70 71 73 74 75 76 77 78 80 81 84 85 86 87 88 89 92 93 96 98 100 101 103 104 105 106 107 108 109 110 111 114 115 116 119;
set M:= 122 123 124 126 127 128 129 130 131 134 137 140 143 144 146 147;
set K:= 1 2 3 4 5 6 7 8 9 10 11 12 13 14 15;
param D:= 100;
param Q:= 540;
param v:= 2000000;
param f:= 
122 24000
123 26037
124 63000
126 68517
127 25694
128 39740
129 42028
130 45000
131 73862
134 96841
137 27856
140 48596
143 48720
144 52000
146 78000
147 45000
;
param:	xcoord ycoord w q:=
0 -32.75044 -70.72613 0 1 
1 -33.0433 -71.624 0 1 
2 -32.5191 -70.92373 38 1 
3 -32.35092 -70.79153 105 1 
4 -32.44056 -71.00665 106 1 
8 -32.44708 -71.19315 110 1 
10 -32.43335 -71.23322 48 1 
13 -32.34055 -71.17481 99 1 
14 -32.51115 -71.42049 30 1 
15 -32.44511 -71.32299 71 1 
16 -32.21823 -70.82151 78 1 
17 -32.34859 -71.07237 51 1 
20 -32.69998 -70.93128 51 1 
21 -32.80094 -70.95847 94 1 
22 -32.75643 -70.94537 48 1 
25 -32.86219 -70.89013 69 1 
26 -32.84855 -70.98046 116 1 
28 -32.86292 -70.94795 99 1 
29 -32.58297 -70.73334 108 1 
32 -32.66447 -70.697 94 1 
33 -32.62252 -70.72251 72 1 
35 -32.7126 -70.74393 65 1 
36 -32.83944 -71.00021 66 1 
37 -32.81691 -70.71195 53 1 
39 -32.74002 -70.64044 105 1 
44 -32.76742 -70.61154 38 1 
45 -32.74039 -70.64 42 1 
48 -32.88608 -70.59211 103 1 
49 -32.90731 -70.28602 104 1 
50 -32.87857 -70.20821 39 1 
51 -32.90645 -70.28716 50 1 
52 -32.90338 -70.26912 86 1 
57 -32.89552 -70.6746 98 1 
59 -32.83316 -70.70835 85 1 
62 -32.76924 -70.56035 84 1 
63 -32.76227 -70.50125 44 1 
64 -32.75022 -70.59169 119 1 
69 -33.37956 -71.38904 76 1 
70 -33.29115 -71.47716 94 1 
71 -33.29475 -71.41066 32 1 
73 -33.20765 -71.57225 80 1 
74 -32.91961 -71.50488 57 1 
75 -32.91508 -71.49869 66 1 
76 -32.93269 -71.43975 112 1 
77 -32.9314 -71.47561 30 1 
78 -32.93288 -71.46643 63 1 
80 -32.63102 -71.41979 41 1 
81 -32.68399 -71.39191 70 1 
84 -32.86028 -71.45447 70 1 
85 -32.8625 -71.46772 106 1 
86 -32.86452 -71.49062 87 1 
87 -32.83144 -71.47526 89 1 
88 -32.80869 -71.44189 36 1 
89 -33.10385 -71.66487 64 1 
92 -33.58655 -71.52943 57 1 
93 -33.01883 -71.50131 58 1 
96 -32.99633 -71.50138 105 1 
98 -32.98749 -71.50073 83 1 
100 -33.38903 -71.69158 108 1 
101 -33.34522 -71.64882 59 1 
103 -33.35491 -71.65289 40 1 
104 -33.61332 -71.40226 39 1 
105 -33.53115 -71.54035 119 1 
106 -33.53398 -71.59339 54 1 
107 -33.42116 -71.69462 116 1 
108 -33.44564 -71.67852 41 1 
109 -33.44473 -71.67916 117 1 
110 -33.63989 -71.57131 49 1 
111 -33.77523 -71.42462 65 1 
114 -33.63163 -71.61037 97 1 
115 -33.93803 -71.7365 56 1 
116 -33.88859 -71.64141 97 1 
119 -33.8283 -71.64323 81 1 
122 -32.77961 -70.95976 0 1 
123 -32.88254 -71.09009 0 1 
124 -32.85659 -70.41855 0 1 
126 -32.25311 -70.93619 0 1 
127 -32.24898 -70.9333 0 1 
128 -32.43019 -71.07467 0 1 
129 -32.44456 -71.22894 0 1 
130 -33.65802 -71.56785 0 1 
131 -33.65502 -71.62965 0 1 
134 -33.61172 -71.60733 0 1 
137 -32.91915 -71.52057 0 1 
140 -32.93024 -71.55027 0 1 
143 -32.78349 -71.53032 0 1 
144 -32.77144 -71.53401 0 1 
146 -33.38843 -71.53636 0 1 
147 -33.32534 -71.38598 0 1 
;
param d[*,*]
#distancia de viaje entre puentes
: 2 3 4 8 10 13 14 15 16 17 20 21 22 25 26 28 29 32 33 35 36 37 39 44 45 48 49 50 51 52 57 59 62 63 64 69 70 71 73 74 75 76 77 78 80 81 84 85 86 87 88 89 92 93 96 98 100 101 103 104 105 106 107 108 109 110 111 114 115 116 119:=
2 0 28.718 15.57 40.906 44.958 41.836 64.081 51.84 47.851 35.463 46.461 55.587 50.003 69.587 62.815 66.303 40.941 50.177 43.334 54.264 63.077 68.817 68.552 71.549 68.172 82.448 110.051 118.357 109.943 111.724 77.021 70.725 78.578 85.599 74.159 168.601 158.459 158.604 159.596 116.931 116.163 115.191 118.649 117.769 77.519 88.822 105.69 107.246 109.463 105.312 99.417 151.129 199.807 130.224 129 125.511 186.262 179.247 180.401 205.14 194.465 198.888 189.981 193.116 192.998 213.246 231.625 210.007 257.247 249.412 238.858
3 28.718 0 25.632 51.071 55.123 51.898 74.246 62.005 19.132 45.525 75.18 82.953 78.722 96.839 90.067 93.555 40.562 49.798 42.955 53.885 90.344 68.438 68.173 71.17 67.793 82.069 109.672 117.978 109.564 111.345 76.642 70.346 78.199 85.22 73.78 180.67 170.528 170.673 169.761 127.096 126.328 125.356 128.814 127.934 87.684 98.987 115.855 117.411 119.628 115.477 109.582 161.294 211.876 140.389 139.165 135.676 198.331 191.316 192.47 217.209 206.534 210.957 202.05 205.185 205.067 225.315 237.858 222.076 269.316 261.481 250.927
4 15.57 25.632 0 25.438 29.49 26.861 48.613 36.372 44.765 20.488 62.032 71.158 65.574 85.158 78.386 81.874 56.512 65.748 58.905 69.835 78.648 84.388 84.123 87.12 83.743 98.019 125.622 133.928 125.514 127.295 92.592 86.296 94.149 101.17 89.73 155.037 144.895 145.04 144.128 101.463 100.695 99.723 103.181 102.301 62.051 73.354 90.222 91.778 93.995 89.844 83.949 135.661 186.243 114.756 113.532 110.043 172.698 165.683 166.837 191.576 180.901 185.324 176.417 179.552 179.434 199.682 218.061 196.443 243.683 235.848 225.294
8 40.819 50.984 25.351 0 4.348 20.442 26.009 13.768 61.835 31.526 85.766 74.771 78.891 77.207 68.942 73.346 81.842 91.078 84.235 95.165 72.553 106.711 109.453 112.45 109.073 120.342 148.954 157.26 148.846 150.627 114.915 108.619 118.852 125.873 115.06 132.494 122.352 122.497 121.585 78.92 78.152 77.18 80.638 79.758 39.508 50.811 67.679 69.235 71.452 67.301 61.406 113.118 163.7 92.213 90.989 87.5 150.155 143.14 144.294 169.033 158.358 162.781 153.874 157.009 156.891 177.139 195.518 173.9 221.14 213.305 202.751
10 45.168 55.333 29.7 4.348 0 18.774 23.379 11.138 60.14 29.831 83.136 72.141 76.261 74.577 66.312 70.716 86.191 95.427 88.584 99.514 69.923 104.081 106.499 110.112 106.4 117.712 146.324 154.63 146.216 147.997 112.285 105.989 116.222 123.243 112.228 129.864 119.722 119.867 118.955 76.29 75.522 74.55 78.008 77.128 36.878 48.181 65.049 66.605 68.822 64.671 58.776 110.488 161.07 89.583 88.359 84.87 147.525 140.51 141.664 166.403 155.728 160.151 151.244 154.379 154.261 174.509 192.888 171.27 218.51 210.675 200.121
13 41.844 51.906 26.869 20.432 18.764 0 41.442 29.201 49.528 19.219 88.306 90.143 91.848 92.579 84.314 88.718 82.786 92.022 85.179 96.109 87.925 110.662 110.397 113.394 110.017 124.293 151.896 160.202 151.788 153.569 118.866 112.57 120.423 127.444 116.004 147.866 137.724 137.869 136.957 94.292 93.524 92.552 96.01 95.13 54.88 66.183 83.051 84.607 86.824 82.673 76.778 128.49 179.072 107.585 106.361 102.872 165.527 158.512 159.666 184.405 173.73 178.153 169.246 172.381 172.263 192.511 210.89 189.272 236.512 228.677 218.123
14 64.102 74.267 48.634 26.059 23.418 41.543 0 12.261 82.909 52.6 94.331 83.336 87.456 85.772 77.507 81.911 105.125 114.361 107.518 111.963 81.118 115.276 117.694 121.307 117.595 128.907 157.519 165.825 157.411 159.192 123.48 117.184 127.417 134.438 123.423 129.651 118.34 119.834 106.221 63.549 62.781 61.816 65.274 64.394 24.144 35.447 52.315 53.871 56.088 51.937 46.042 97.754 159.688 76.849 75.625 72.136 141.532 134.517 135.671 165.021 154.346 158.769 145.251 148.386 148.268 173.127 191.506 169.888 217.128 209.293 198.739
15 52.17 62.335 36.702 14.127 11.486 29.611 12.24 0 70.977 40.668 82.399 71.404 75.524 73.84 65.575 69.979 93.193 102.429 95.586 100.031 69.186 103.344 105.762 109.375 105.663 116.975 145.587 153.893 145.479 147.26 111.548 105.252 115.485 122.506 111.491 129.127 118.985 119.13 118.462 75.797 75.029 74.057 77.515 76.635 36.385 47.688 64.556 66.112 68.329 64.178 58.283 109.995 160.333 89.09 87.866 84.377 146.788 139.773 140.927 165.666 154.991 159.414 150.507 153.642 153.524 173.772 192.151 170.533 217.773 209.938 199.384
16 47.851 19.132 44.765 61.541 59.873 49.253 82.551 70.31 0 31.155 94.313 101.211 97.855 115.097 108.325 111.813 58.82 68.056 61.213 72.143 108.602 86.696 86.431 89.428 86.051 100.327 127.93 136.236 127.822 129.603 94.9 88.604 96.457 103.478 92.038 188.975 178.833 178.978 178.066 135.401 134.633 133.661 137.119 136.239 95.989 107.292 124.16 125.716 127.933 123.782 117.887 169.599 220.181 148.694 147.47 143.981 206.636 199.621 200.775 225.514 214.839 219.262 210.355 213.49 213.372 233.62 251.999 230.381 277.621 269.786 259.232
17 35.463 45.525 20.488 31.219 29.551 18.931 52.229 39.988 31.142 0 81.925 91.051 85.467 103.366 95.101 99.505 76.405 85.641 78.798 89.728 98.541 104.281 104.016 107.013 103.636 117.912 145.515 153.821 145.407 147.188 112.485 106.189 114.042 121.063 109.623 158.653 148.511 148.656 147.744 105.079 104.311 103.339 106.797 105.917 65.667 76.97 93.838 95.394 97.611 93.46 87.565 139.277 189.859 118.372 117.148 113.659 176.314 169.299 170.453 195.192 184.517 188.94 180.033 183.168 183.05 203.298 221.677 200.059 247.299 239.464 228.91
20 46.461 75.18 62.032 85.217 82.564 88.298 94.134 81.893 94.313 81.925 0 12.815 7.231 26.815 20.043 23.531 54.38 47.528 48.673 38.611 20.305 47.137 49.555 53.168 49.456 60.768 89.38 97.686 89.272 91.053 55.341 49.045 59.278 66.299 55.284 125.829 115.687 115.832 119.722 82.302 83.07 75.317 78.775 77.895 82.657 76.936 82.275 83.682 86.9 85.475 78.578 113.978 157.035 90.35 89.126 85.637 143.49 136.475 137.629 162.368 151.693 156.116 147.209 150.344 150.226 170.474 188.853 167.235 214.475 206.64 196.086
21 55.469 82.953 71.04 73.75 71.097 89.142 82.667 70.426 101.211 90.933 12.697 0 5.822 13.999 7.227 10.715 46.054 39.202 40.361 30.285 7.489 34.321 36.739 40.352 36.64 47.952 76.564 84.87 76.456 78.237 42.525 36.229 46.462 53.483 42.468 114.393 104.251 104.396 108.286 70.866 71.634 63.881 67.339 66.459 71.19 65.469 70.839 72.246 75.464 74.008 67.111 102.542 145.599 78.914 77.69 74.201 132.054 125.039 126.193 150.932 140.257 144.68 135.773 138.908 138.79 159.038 177.417 155.799 203.039 195.204 184.65
22 50.015 78.734 65.586 78.33 75.677 91.852 87.247 75.006 97.867 85.479 7.243 5.928 0 19.928 13.156 16.644 47.493 40.641 41.8 31.724 13.418 40.25 42.668 46.281 42.569 53.881 82.493 90.799 82.385 84.166 48.454 42.158 52.391 59.412 48.397 118.942 108.8 108.945 112.835 75.415 76.183 68.43 71.888 71.008 75.77 70.049 75.388 76.795 80.013 78.588 71.691 107.091 150.148 83.463 82.239 78.75 136.603 129.588 130.742 155.481 144.806 149.229 140.322 143.457 143.339 163.587 181.966 160.348 207.588 199.753 189.199
25 69.542 96.447 85.113 77.066 74.413 92.458 85.983 73.742 114.705 103.515 26.77 14.072 19.895 0 9.939 7.05 59.425 51.541 53.636 42.699 11.92 46.012 48.43 52.043 48.331 52.751 88.255 96.561 88.147 89.928 44.126 47.92 58.153 65.174 54.159 117.709 107.567 107.712 111.602 74.182 74.95 67.197 70.655 69.775 74.506 68.785 74.155 75.562 78.78 77.324 70.427 105.858 148.915 82.23 81.006 77.517 135.37 128.355 129.509 154.248 143.573 147.996 139.089 142.224 142.106 162.354 176.236 159.115 206.355 198.52 187.966
26 69.147 96.052 84.718 76.122 73.469 91.514 85.039 72.798 114.31 102.571 26.375 13.677 19.5 9.169 0 5.267 59.03 51.146 53.241 42.304 11.525 45.617 48.035 51.648 47.936 57.86 87.86 96.166 87.752 89.533 49.235 47.525 57.758 64.779 53.764 116.765 106.623 106.768 110.658 73.238 74.006 66.253 69.711 68.831 73.562 67.841 73.211 74.618 77.836 76.38 69.483 104.914 147.971 81.286 80.062 76.573 134.426 127.411 128.565 153.304 142.629 147.052 138.145 141.28 141.162 161.41 179.789 158.171 205.411 197.576 187.022
28 66.258 93.163 81.829 73.233 70.58 88.625 82.15 69.909 111.421 99.682 23.486 10.788 16.611 6.717 5.267 0 56.141 48.257 50.352 39.415 8.636 42.728 45.146 48.759 45.047 55.408 84.971 93.277 84.863 86.644 46.783 44.636 54.869 61.89 50.875 113.876 103.734 103.879 107.769 70.349 71.117 63.364 66.822 65.942 70.673 64.952 70.322 71.729 74.947 73.491 66.594 102.025 145.082 78.397 77.173 73.684 131.537 124.522 125.676 150.415 139.74 144.163 135.256 138.391 138.273 158.521 176.9 155.282 202.522 194.687 184.133
29 40.941 40.562 56.512 81.848 85.9 82.778 105.023 92.782 58.82 76.405 54.262 46.054 47.387 60.022 53.25 56.738 0 12.899 6.056 17.068 53.527 31.621 31.356 34.353 30.976 45.252 72.855 81.161 72.747 74.528 39.825 33.529 41.382 48.403 36.963 160.111 149.969 150.114 154.004 116.584 117.352 109.599 113.057 112.177 116.939 111.218 116.557 117.964 121.182 119.757 112.86 148.26 191.317 124.632 123.408 119.919 177.772 170.757 171.911 190.486 185.975 190.398 181.491 184.626 184.508 204.756 201.041 201.517 242.839 229.026 230.368
32 50.177 49.798 65.748 91.084 95.136 92.014 114.259 102.018 68.056 85.641 47.48 39.272 40.605 51.94 45.168 48.656 12.754 0 6.842 8.986 45.445 23.539 23.274 26.271 22.894 37.17 64.773 73.079 64.665 66.446 31.743 25.447 33.3 40.321 28.881 152.334 142.192 142.337 146.227 108.807 109.575 101.822 105.28 104.4 109.131 103.41 108.78 110.187 113.405 111.949 105.052 140.483 183.54 116.855 115.631 112.142 169.995 162.98 164.134 182.404 178.198 182.621 173.714 176.849 176.731 196.979 192.959 193.74 234.757 220.944 222.591
33 43.334 42.955 58.905 84.241 88.293 85.171 107.416 95.175 61.213 78.798 48.555 40.361 41.694 53.965 47.193 50.681 6.056 6.842 0 11.011 47.47 25.564 25.299 28.296 24.919 39.195 66.798 75.104 66.69 68.471 33.768 27.472 35.325 42.346 30.906 154.359 144.217 144.362 148.252 110.832 111.6 103.847 107.305 106.425 111.156 105.435 110.805 112.212 115.43 113.974 107.077 142.508 185.565 118.88 117.656 114.167 172.02 165.005 166.159 184.429 180.223 184.646 175.739 178.874 178.756 199.004 194.984 195.765 236.782 222.969 224.616
35 54.201 53.822 69.772 95.108 99.16 96.038 111.696 99.455 72.08 89.665 38.493 30.285 31.618 43.028 36.256 39.744 16.8 8.916 11.011 0 36.533 14.627 14.362 17.359 13.982 28.258 55.861 64.167 55.753 57.534 22.831 16.535 24.388 31.409 19.969 143.422 133.28 133.425 137.315 99.895 100.663 92.91 96.368 95.488 100.219 94.498 99.868 101.275 104.493 103.037 96.14 131.571 174.628 107.943 106.719 103.23 161.083 154.068 155.222 173.492 169.286 173.709 164.802 167.937 167.819 188.067 184.047 184.828 225.845 212.032 213.679
36 63.874 90.779 79.445 70.341 67.688 85.733 79.258 67.017 109.037 96.79 21.102 8.404 14.227 12.083 3.818 8.222 53.757 45.873 47.968 37.031 0 40.344 42.762 46.375 42.663 53.975 82.587 90.893 82.479 84.26 48.548 42.252 52.485 59.506 48.491 110.984 100.842 100.987 104.877 67.457 68.225 60.472 63.93 63.05 67.781 62.06 67.43 68.837 72.055 70.599 63.702 99.133 142.19 75.505 74.281 70.792 128.645 121.63 122.784 147.523 136.848 141.271 132.364 135.499 135.381 155.629 174.008 152.39 199.63 191.795 181.241
37 68.911 68.532 84.482 106.275 103.622 110.748 115.192 102.951 86.79 104.375 46.869 34.171 39.994 46.524 39.752 43.24 31.51 23.626 25.721 14.784 40.029 0 17.247 20.754 17.148 16.593 46.988 55.294 46.88 48.661 11.166 3.128 19.71 26.731 22.558 142.947 136.776 136.921 140.811 103.391 104.159 96.406 99.864 98.984 103.715 97.994 103.364 104.771 107.989 106.533 99.636 135.067 174.692 111.439 110.215 106.726 164.579 157.564 158.718 161.827 169.35 173.773 168.298 171.433 171.315 177.771 172.382 182.864 214.18 200.367 204.385
39 67.867 67.488 83.438 108.774 105.923 109.704 117.493 105.252 85.746 103.331 49.17 36.472 42.295 48.825 42.053 45.541 30.466 22.582 24.677 13.74 42.33 17.293 0 5.586 0.098 21.541 47.891 56.197 47.783 49.564 24.869 19.704 10.675 17.623 5.607 149.219 139.077 139.222 143.112 105.692 106.46 98.707 102.165 101.285 106.016 100.295 105.665 107.072 110.29 108.834 101.937 137.368 180.425 113.74 112.516 109.027 166.88 159.865 161.019 175.53 175.083 179.506 170.599 173.734 173.616 191.474 186.085 190.625 227.883 214.07 219.476
44 70.934 70.555 86.505 111.841 108.99 112.771 120.56 108.319 88.813 106.398 52.237 39.539 45.362 51.892 45.12 48.608 33.533 25.649 27.744 16.807 45.397 20.36 5.586 0 5.562 18.016 44.281 52.587 44.173 45.954 21.619 22.773 8.195 15.143 3.127 152.286 142.144 142.289 146.179 108.759 109.527 101.774 105.232 104.352 109.083 103.362 108.732 110.139 113.357 111.901 105.004 140.435 183.492 116.807 115.583 112.094 169.947 162.932 164.086 172.211 178.15 182.573 173.666 176.801 176.683 188.155 182.766 193.248 224.564 210.751 214.769
45 67.768 67.389 83.339 108.675 105.824 109.605 117.394 105.153 85.647 103.232 49.071 36.373 42.196 48.726 41.954 45.442 30.367 22.483 24.578 13.641 42.231 17.194 0.098 5.562 0 21.442 47.792 56.098 47.684 49.465 24.77 19.605 10.651 17.599 5.583 149.12 138.978 139.123 143.013 105.593 106.361 98.608 102.066 101.186 105.917 100.196 105.566 106.973 110.191 108.735 101.838 137.269 180.326 113.641 112.417 108.928 166.781 159.766 160.92 175.431 174.984 179.407 170.5 173.635 173.517 191.375 185.986 190.526 227.784 213.971 219.377
48 82.559 82.18 98.13 119.923 117.27 124.396 128.84 116.599 100.438 118.023 60.517 47.819 53.642 52.373 53.4 54.422 45.158 37.274 39.369 28.432 53.677 16.593 21.332 17.807 21.233 0 40.03 48.336 39.922 41.703 8.98 15.658 14.974 21.995 17.822 140.692 140.821 140.966 146.339 117.039 117.807 110.054 113.512 112.632 117.363 111.642 117.012 118.419 121.637 120.181 113.284 145.554 172.437 121.008 123.863 120.374 168.624 161.609 162.763 159.572 167.095 171.518 171.863 172.823 172.705 175.516 170.127 180.609 211.925 198.112 202.13
49 135.037 134.658 150.608 173.992 171.339 176.874 182.909 170.668 152.916 170.501 114.586 101.888 107.711 114.596 107.469 110.957 97.636 89.752 91.847 80.91 107.746 72.541 72.973 69.337 72.874 65.546 0 8.317 0.942 1.672 71.203 72.818 64.881 71.902 68.924 202.915 203.044 203.189 208.528 171.108 171.876 164.123 167.581 166.701 171.432 165.711 171.081 172.488 175.706 174.25 167.353 202.784 234.66 179.156 177.932 174.443 230.847 223.832 224.986 221.795 229.318 233.741 234.086 235.046 234.928 237.739 232.35 242.832 274.148 260.335 264.353
50 117.844 117.465 133.415 156.799 154.146 159.681 165.716 153.475 135.723 153.308 97.393 84.695 90.518 97.403 90.276 93.764 80.443 72.559 74.654 63.717 90.553 55.348 55.78 52.144 55.681 48.353 12.036 0 8.411 13.709 54.01 55.625 47.688 54.709 51.731 185.722 185.851 185.996 191.335 153.915 154.683 146.93 150.388 149.508 154.239 148.518 153.888 155.295 158.513 157.057 150.16 185.591 217.467 161.963 160.739 157.25 213.654 206.639 207.793 204.602 212.125 216.548 216.893 217.853 217.735 220.546 215.157 225.639 256.955 243.142 247.16
51 109.432 109.053 125.003 148.387 145.734 151.269 157.304 145.063 127.311 144.896 88.981 76.283 82.106 88.991 81.864 85.352 72.031 64.147 66.242 55.305 82.141 46.936 47.368 43.732 47.269 39.941 3.718 8.413 0 2.046 45.598 47.213 39.276 46.297 43.319 177.31 177.439 177.584 182.923 145.503 146.271 138.518 141.976 141.096 145.827 140.106 145.476 146.883 150.101 148.645 141.748 177.179 209.055 153.551 152.327 148.838 205.242 198.227 199.381 196.19 203.713 208.136 208.481 209.441 209.323 212.134 206.745 217.227 248.543 234.73 238.748
52 133.365 132.986 148.936 172.32 169.667 175.202 181.237 168.996 151.244 168.829 112.914 100.216 106.039 112.924 105.797 109.285 95.964 88.08 90.175 79.238 106.074 70.869 71.301 67.665 71.202 63.874 1.672 6.645 2.615 0 69.531 71.146 63.209 70.23 67.252 201.243 201.372 201.517 206.856 169.436 170.204 162.451 165.909 165.029 169.76 164.039 169.409 170.816 174.034 172.578 165.681 201.112 232.988 177.484 176.26 172.771 229.175 222.16 223.314 220.123 227.646 232.069 232.414 233.374 233.256 236.067 230.678 241.16 272.476 258.663 262.681
57 77.123 76.744 92.694 114.487 111.834 118.96 123.404 111.163 95.002 112.587 55.081 42.383 48.206 43.567 47.964 45.616 39.722 31.838 33.933 22.996 48.241 11.18 24.814 22.104 24.715 9.386 46.211 54.517 46.103 47.884 0 9.092 19.271 26.292 22.119 131.886 132.015 132.16 137.533 111.603 112.371 104.618 108.076 107.196 111.927 106.206 111.576 112.983 116.201 114.745 107.848 136.748 163.631 112.202 115.848 114.938 159.818 152.803 153.957 150.766 158.289 162.712 163.057 164.017 163.899 166.71 161.321 171.803 203.119 189.306 193.324
59 70.819 70.44 86.39 108.183 105.53 112.656 117.1 104.859 88.698 106.283 48.777 36.079 41.902 48.432 41.66 45.148 33.418 25.534 27.629 16.692 41.937 3.128 19.658 23.165 19.559 16.051 47.395 55.701 47.287 49.068 9.101 0 20.117 27.138 22.965 140.882 138.684 138.829 142.719 105.299 106.067 98.314 101.772 100.892 105.623 99.902 105.272 106.679 109.897 108.441 101.544 136.975 172.627 113.347 112.123 108.634 166.487 159.472 160.626 159.762 167.285 171.708 170.206 173.341 173.223 175.706 170.317 180.799 212.115 198.302 202.32
62 78.248 77.869 93.819 118.158 115.505 120.085 127.075 114.834 96.127 113.712 58.752 46.054 51.877 58.407 51.635 55.123 40.847 32.963 35.058 24.121 51.912 19.748 10.675 8.195 10.651 15.268 39.807 48.113 39.699 41.48 18.871 20.025 0 7.02 5.216 150.583 148.659 148.804 152.694 115.274 116.042 108.289 111.747 110.867 115.598 109.877 115.247 116.654 119.872 118.416 111.519 146.95 182.328 123.322 122.098 118.609 176.462 169.447 170.601 169.463 176.986 181.409 180.181 182.714 182.596 185.407 180.018 190.5 221.816 208.003 212.021
63 85.128 84.749 100.699 125.179 122.526 126.965 134.096 121.855 103.007 120.592 65.773 53.075 58.898 65.428 58.656 62.144 47.727 39.843 41.938 31.001 58.933 26.769 17.623 15.143 17.599 22.289 46.828 55.134 46.72 48.501 25.892 27.046 7.02 0 12.164 157.604 155.68 155.825 159.715 122.295 123.063 115.31 118.768 117.888 122.619 116.898 122.268 123.675 126.893 125.437 118.54 153.971 189.349 130.343 129.119 125.63 183.483 176.468 177.622 176.484 184.007 188.43 187.202 189.735 189.617 192.428 187.039 197.521 228.837 215.024 219.042
64 73.112 72.733 88.683 114.019 111.168 114.949 122.738 110.497 90.991 108.576 54.415 41.717 47.54 54.07 47.298 50.786 35.711 27.827 29.922 18.985 47.575 22.514 5.607 3.127 5.583 18.034 43.85 52.156 43.742 45.523 21.637 22.791 5.216 12.164 0 153.349 144.322 144.467 148.357 110.937 111.705 103.952 107.41 106.53 111.261 105.54 110.91 112.317 115.535 114.079 107.182 142.613 185.094 118.985 117.761 114.272 172.125 165.11 166.264 172.229 179.752 184.175 175.844 178.979 178.861 188.173 182.784 193.266 224.582 210.769 214.787
69 167.835 180.203 154.57 132.184 129.531 147.576 129.931 128.86 188.942 158.633 125.063 114.068 118.188 116.504 108.239 112.643 159.051 151.537 153.632 142.695 111.85 146.008 148.426 152.039 148.327 143.461 180.286 188.592 180.178 181.959 134.836 143.929 153.346 160.367 154.155 0 16.044 10.439 36.673 65.588 66.356 67.159 68.778 65.364 106.088 100.367 76.963 75.266 73.895 77.207 83.236 54.235 34.857 52.613 56.259 56.918 35.847 34.071 32.917 40.19 29.515 33.938 36.078 37.038 36.92 48.296 66.675 45.057 92.297 84.462 73.908
70 157.76 170.128 144.495 122.109 119.456 137.501 118.656 118.785 178.867 148.558 114.988 103.993 108.113 106.429 98.164 102.568 148.976 141.462 143.557 132.62 101.775 135.933 138.351 141.964 138.252 141.501 178.176 186.482 178.068 179.849 132.876 137.841 148.074 155.095 144.08 16.044 0 10.288 25.398 54.313 55.081 55.884 57.503 54.089 94.813 89.092 65.688 63.991 62.62 65.932 71.961 42.96 41.348 41.338 44.984 45.643 27.803 20.788 21.942 46.681 36.006 40.429 31.522 34.657 34.539 54.787 73.166 51.548 98.788 90.953 80.399
71 157.889 170.257 144.624 122.238 119.585 137.63 120.034 118.914 178.996 148.687 115.117 104.122 108.242 106.558 98.293 102.697 149.105 141.591 143.686 132.749 101.904 136.062 138.48 142.093 138.381 141.63 178.305 186.611 178.197 179.978 133.005 137.97 148.203 155.224 144.209 10.439 10.288 0 26.776 55.691 56.459 57.262 58.881 55.467 96.191 90.47 67.066 65.369 63.998 67.31 73.339 44.338 42.438 42.716 46.362 47.021 37.064 30.049 31.203 47.771 37.096 41.519 40.783 42.824 42.706 55.877 74.256 52.638 99.878 92.043 81.489
73 160.185 170.35 144.717 122.331 119.678 137.723 106.552 119.007 179.089 148.78 118.87 107.875 111.995 110.311 102.046 106.45 152.858 145.344 147.439 136.502 105.657 139.815 142.233 145.846 142.134 146.761 182.058 190.364 181.95 183.731 138.136 141.723 151.956 158.977 147.962 36.373 25.062 26.556 0 42.209 42.977 43.78 45.399 41.985 82.709 76.988 53.584 51.887 50.516 53.828 59.857 30.638 66.175 29.234 32.88 33.539 36.165 29.15 30.304 71.743 61.068 56.951 39.884 43.019 42.901 73.273 97.924 70.034 117.274 109.439 98.885
74 117.975 128.14 102.507 80.121 77.468 95.513 64.342 76.797 136.879 106.57 82.225 71.23 75.35 73.666 65.401 69.805 116.213 108.699 110.794 99.857 69.012 103.17 105.588 109.201 105.489 116.801 145.413 153.719 145.305 147.086 111.374 105.078 115.311 122.332 111.317 66.081 54.77 56.264 42.651 0 0.767 7.135 4.803 4.557 40.499 34.778 11.868 9.677 8.306 11.618 18.141 34.204 96.118 13.279 12.055 9.171 77.962 70.947 72.101 101.451 90.776 95.199 81.681 84.816 84.698 109.557 127.936 106.318 153.558 145.723 135.169
75 117.207 127.372 101.739 79.353 76.7 94.745 63.574 76.029 136.111 105.802 82.993 71.998 76.118 74.434 66.169 70.573 116.981 109.467 111.562 100.625 69.78 103.938 106.356 109.969 106.257 117.569 146.181 154.487 146.073 147.854 112.142 105.846 116.079 123.1 112.085 66.849 55.538 57.032 43.419 0.767 0 7.903 5.571 5.325 39.731 34.01 11.1 8.909 7.538 10.85 17.373 34.972 96.886 14.047 12.823 9.939 78.73 71.715 72.869 102.219 91.544 95.967 82.449 85.584 85.466 110.325 128.704 107.086 154.326 146.491 135.937
76 116.322 126.487 100.854 78.468 75.815 93.86 62.689 75.144 135.226 104.917 75.089 64.094 68.214 66.53 58.265 62.669 109.077 101.563 103.658 92.721 61.876 96.034 98.452 102.065 98.353 109.665 138.277 146.583 138.169 139.95 104.238 97.942 108.175 115.196 104.181 67.834 56.523 58.017 44.404 6.984 7.752 0 3.457 2.577 38.846 33.125 9.803 11.21 14.428 17.74 16.076 38.66 97.871 15.032 13.808 10.319 79.715 72.7 73.854 103.204 92.529 96.952 83.434 86.569 86.451 111.31 129.689 108.071 155.311 147.476 136.922
77 119.871 130.036 104.403 82.017 79.364 97.409 66.238 78.693 138.775 108.466 78.638 67.643 71.763 70.079 61.814 66.218 112.626 105.112 107.207 96.27 65.425 99.583 102.001 105.614 101.902 113.214 141.826 150.132 141.718 143.499 107.787 101.491 111.724 118.745 107.73 69.518 58.207 59.701 46.088 8.708 9.476 3.548 0 0.97 42.395 36.674 13.352 14.759 17.015 20.327 19.625 40.344 99.555 16.716 15.492 12.003 81.399 74.384 75.538 104.888 94.213 98.636 85.118 88.253 88.135 112.994 131.373 109.755 156.995 149.16 138.606
78 118.9 129.065 103.432 81.046 78.393 96.438 65.267 77.722 137.804 107.495 77.667 66.672 70.792 69.108 60.843 65.247 111.655 104.141 106.236 95.299 64.454 98.612 101.03 104.643 100.931 112.243 140.855 149.161 140.747 142.528 106.816 100.52 110.753 117.774 106.759 65.854 54.543 56.037 42.424 4.406 5.174 2.577 0.879 0 41.424 35.703 12.381 14.084 12.713 16.025 18.654 36.68 95.891 13.052 11.828 8.944 77.735 70.72 71.874 101.224 90.549 94.972 81.454 84.589 84.471 109.33 127.709 106.091 153.331 145.496 134.942
80 77.475 87.64 62.007 39.621 36.968 55.013 23.842 36.297 96.379 66.07 81.406 70.411 74.531 72.847 64.582 68.986 115.394 107.88 109.975 99.038 68.193 102.351 104.769 108.382 104.67 115.982 144.594 152.9 144.486 146.267 110.555 104.259 114.492 121.513 110.498 105.506 94.195 95.689 82.076 39.411 38.643 37.671 41.129 40.249 0 11.302 28.17 29.726 31.943 27.792 21.897 73.609 135.543 52.704 51.48 47.991 117.387 110.372 111.526 140.876 130.201 134.624 121.106 124.241 124.123 148.982 167.361 145.743 192.983 185.148 174.594
81 96.404 106.569 80.936 58.55 55.897 73.942 42.771 55.226 115.308 84.999 83.57 72.575 76.695 75.011 66.746 71.15 117.558 110.044 112.139 101.202 70.357 104.515 106.933 110.546 106.834 118.146 146.758 155.064 146.65 148.431 112.719 106.423 116.656 123.677 112.662 108.069 96.758 98.252 84.639 41.967 41.199 40.234 43.692 42.812 18.928 0 30.733 32.289 34.766 30.615 24.46 76.172 138.106 55.267 54.043 50.554 119.95 112.935 114.089 143.439 132.764 137.187 123.669 126.804 126.686 151.545 169.924 148.306 195.546 187.711 177.157
84 106.518 116.683 91.05 68.664 66.011 84.056 52.885 65.34 125.422 95.113 81.965 70.97 75.09 73.406 65.141 69.545 115.953 108.439 110.534 99.597 68.752 102.91 105.328 108.941 105.229 116.541 145.153 153.459 145.045 146.826 111.114 104.818 115.051 122.072 111.057 77.335 66.024 67.518 53.905 11.233 10.465 9.5 12.958 12.078 29.042 23.321 0 1.555 4.773 8.085 6.272 45.438 107.372 24.533 23.309 19.82 89.216 82.201 83.355 112.705 102.03 106.453 92.935 96.07 95.952 120.811 139.19 117.572 164.812 156.977 146.423
85 110.368 120.533 94.9 72.514 69.861 87.906 56.735 69.19 129.272 98.963 82.822 71.827 75.947 74.263 65.998 70.402 116.81 109.296 111.391 100.454 69.609 103.767 106.185 109.798 106.086 117.398 146.01 154.316 145.902 147.683 111.971 105.675 115.908 122.929 111.914 75.759 64.448 65.942 52.329 9.677 8.909 10.357 13.815 12.935 32.892 27.171 3.849 0 3.217 6.529 10.122 43.882 105.796 22.957 21.733 18.849 87.64 80.625 81.779 111.129 100.454 104.877 91.359 94.494 94.376 119.235 137.614 115.996 163.236 155.401 144.847
86 110.676 120.841 95.208 72.822 70.169 88.214 57.043 69.498 129.58 99.271 85.201 74.206 78.326 76.642 68.377 72.781 119.189 111.675 113.77 102.833 71.988 106.146 108.564 112.177 108.465 119.777 148.389 156.695 148.281 150.062 114.35 108.054 118.287 125.308 114.293 73.549 62.238 63.732 50.119 7.467 6.699 12.736 12.271 12.025 33.2 27.479 6.228 2.378 0 4.319 11.859 41.672 103.586 20.747 19.523 16.639 85.43 78.415 79.569 108.919 98.244 102.667 89.149 92.284 92.166 117.025 135.404 113.786 161.026 153.191 142.637
87 106.356 116.521 90.888 68.502 65.849 83.894 52.723 65.178 125.26 94.951 84.624 73.629 77.749 76.065 67.8 72.204 118.612 111.098 113.193 102.256 71.411 105.569 107.987 111.6 107.888 119.2 147.812 156.118 147.704 149.485 113.773 107.477 117.71 124.731 113.716 77.7 66.389 67.883 54.27 11.618 10.85 16.887 16.422 16.176 28.88 23.159 10.379 6.529 4.15 0 7.539 45.823 107.737 24.898 23.674 20.79 89.581 82.566 83.72 113.07 102.395 106.818 93.3 96.435 96.317 121.176 139.555 117.937 165.177 157.342 146.788
88 100.245 110.41 84.777 62.391 59.738 77.783 46.612 59.067 119.149 88.84 77.727 66.732 70.852 69.168 60.903 65.307 111.715 104.201 106.296 95.359 64.514 98.672 101.09 104.703 100.991 112.303 140.915 149.221 140.807 142.588 106.876 100.58 110.813 117.834 106.819 83.608 72.297 73.791 60.178 17.506 16.738 15.773 19.231 18.351 22.769 17.048 6.272 7.828 11.046 7.539 0 51.711 113.645 30.806 29.582 26.093 95.489 88.474 89.628 118.978 108.303 112.726 99.208 102.343 102.225 127.084 145.463 123.845 171.085 163.25 152.696
89 152.569 162.734 137.101 114.715 112.062 130.107 98.936 111.391 171.473 141.164 114.028 103.033 107.153 105.469 97.204 101.608 148.016 140.502 142.597 131.66 100.815 134.973 137.391 141.004 137.292 146.881 177.216 185.522 177.108 178.889 138.256 136.881 147.114 154.135 143.12 51.401 40.09 41.584 27.879 34.593 35.361 38.938 38.652 36.758 75.093 69.372 46.462 44.271 42.9 46.212 52.735 0 81.438 27.047 27.653 28.697 63.19 56.175 57.329 86.771 76.096 80.519 66.909 70.044 69.926 94.877 113.256 91.638 138.878 131.043 120.489
92 198.658 211.026 185.393 163.007 160.354 178.399 159.554 159.683 219.765 189.456 155.886 144.891 149.011 147.327 139.062 143.466 189.874 182.36 184.455 173.518 142.673 176.831 179.249 182.862 179.15 174.639 211.464 219.77 211.356 213.137 166.014 175.107 184.524 191.545 184.978 34.635 40.898 41.876 65.914 95.211 95.979 96.782 98.401 94.987 135.711 129.99 106.586 104.889 103.518 106.83 112.859 83.858 0 82.236 85.882 86.541 32.446 36.721 35.567 18.709 7.483 11.666 28.727 25.592 25.71 19.349 36.044 16.11 63.35 55.515 44.961
93 130.665 140.83 115.197 92.811 90.158 108.203 77.032 89.487 149.569 119.26 89.719 78.724 82.844 81.16 72.895 77.299 123.707 116.193 118.288 107.351 76.506 110.664 113.082 116.695 112.983 122.898 152.907 161.213 152.799 154.58 114.273 112.572 122.805 129.826 118.811 53.055 41.744 43.238 29.625 12.689 13.457 14.629 16.248 12.465 53.189 47.468 24.433 22.367 20.996 24.308 30.706 26.894 83.092 0 3.719 4.388 64.936 57.921 59.075 88.425 77.75 82.173 68.655 71.79 71.672 96.531 114.91 93.292 140.532 132.697 122.143
96 127.304 137.469 111.836 89.45 86.797 104.842 73.671 86.126 146.208 115.899 86.772 75.777 79.897 78.213 69.948 74.352 120.76 113.246 115.341 104.404 73.559 107.717 110.135 113.748 110.036 121.348 149.96 158.266 149.852 151.633 115.921 109.625 119.858 126.879 115.864 59.062 47.751 49.245 35.632 9.328 10.096 11.682 13.315 9.104 49.828 44.107 21.197 19.006 17.635 20.947 27.47 29.888 89.099 6.26 0 1.547 70.943 63.928 65.082 94.432 83.757 88.18 74.662 77.797 77.679 102.538 120.917 99.299 146.539 138.704 128.15
98 126.367 136.532 110.899 88.513 85.86 103.905 72.734 85.189 145.271 114.962 85.408 74.413 78.533 76.849 68.584 72.988 119.396 111.882 113.977 103.04 72.195 106.353 108.771 112.384 108.672 119.984 148.596 156.902 148.488 150.269 114.557 108.261 118.494 125.515 114.5 57.541 46.23 47.724 34.111 8.391 9.159 10.318 11.937 8.167 48.891 43.17 20.122 18.069 16.698 20.01 26.395 28.367 87.578 4.739 3.515 0 69.422 62.407 63.561 92.911 82.236 86.659 73.141 76.276 76.158 101.017 119.396 97.778 145.018 137.183 126.629
100 185.471 197.839 172.206 149.82 147.167 165.212 141.459 146.496 206.578 176.269 142.699 131.704 135.824 134.14 125.875 130.279 176.687 169.173 171.268 160.331 129.486 163.644 166.062 169.675 165.963 169.212 205.887 214.193 205.779 207.56 160.587 165.552 175.785 182.806 171.791 34.878 27.711 36.972 36.115 77.116 77.884 78.687 80.306 76.892 117.616 111.895 88.491 86.794 85.423 88.735 94.764 65.545 32.308 64.141 67.787 68.446 0 6.922 5.768 45.456 27.614 20.778 3.718 6.853 6.735 36.655 64.057 33.416 80.656 72.821 62.267
101 178.548 190.916 165.283 142.897 140.244 158.289 134.536 139.573 199.655 169.346 135.776 124.781 128.901 127.217 118.952 123.356 169.764 162.25 164.345 153.408 122.563 156.721 159.139 162.752 159.04 162.289 198.964 207.27 198.856 200.637 153.664 158.629 168.862 175.883 164.868 35.513 20.788 30.049 29.192 70.193 70.961 71.764 73.383 69.969 110.693 104.972 81.568 79.871 78.5 81.812 87.841 58.622 37.024 57.218 60.864 61.523 7.014 0 1.153 51.438 34.254 27.8 10.733 13.868 13.75 44.122 68.773 40.883 88.123 80.288 69.734
103 179.702 192.07 166.437 144.051 141.398 159.443 135.69 140.727 200.809 170.5 136.93 125.935 130.055 128.371 120.106 124.51 170.918 163.404 165.499 154.562 123.717 157.875 160.293 163.906 160.194 163.443 200.118 208.424 200.01 201.791 154.818 159.783 170.016 177.037 166.022 34.359 21.942 31.203 30.346 71.347 72.115 72.918 74.537 71.123 111.847 106.126 82.722 81.025 79.654 82.966 88.995 59.776 35.87 58.372 62.018 62.677 5.86 1.153 0 50.284 33.1 26.646 9.579 12.714 12.596 42.968 67.619 39.729 86.969 79.134 68.58
104 204.501 216.869 191.236 168.85 166.197 184.242 165.397 165.526 225.608 195.299 161.729 150.734 154.854 153.17 144.905 149.309 195.717 188.203 190.298 179.361 148.516 174.708 185.092 184.87 184.993 172.152 208.977 217.283 208.869 210.65 163.527 172.62 182.037 189.058 184.885 40.478 46.741 47.719 72.139 101.054 101.822 102.625 104.244 100.83 141.554 135.833 112.429 110.732 109.361 112.673 118.702 89.701 17.813 88.079 91.725 92.384 45.275 49.248 48.094 0 17.897 24.495 41.556 38.421 38.539 18.596 30.595 23.689 70.929 63.094 52.54
105 193.29 205.658 180.025 157.639 154.986 173.031 154.186 154.315 214.397 184.088 150.518 139.523 143.643 141.959 133.694 138.098 184.506 176.992 179.087 168.15 137.305 171.463 173.881 177.494 173.782 169.271 206.096 214.402 205.988 207.769 160.646 169.739 179.156 186.177 179.61 29.267 35.53 36.508 60.928 89.843 90.611 91.414 93.033 89.619 130.343 124.622 101.218 99.521 98.15 101.462 107.491 78.49 7.565 76.868 80.514 81.173 27.619 33.494 32.34 18.413 0 7.197 23.9 20.765 20.883 22.005 39.383 18.766 66.006 58.171 47.617
106 198.333 210.701 185.068 162.682 160.029 178.074 159.229 159.358 219.44 189.131 155.561 144.566 148.686 147.002 138.737 143.141 189.549 182.035 184.13 173.193 142.348 176.506 178.924 182.537 178.825 174.314 211.139 219.445 211.031 212.812 165.689 174.782 184.199 191.22 184.653 34.31 40.573 41.551 56.427 94.886 95.654 96.457 98.076 94.662 135.386 129.665 106.261 104.564 103.193 106.505 112.534 83.533 11.53 81.911 85.557 86.216 20.78 27.234 26.08 25.036 7.194 0 17.061 13.926 14.044 16.046 43.279 12.807 60.047 52.212 41.658
107 189.19 201.558 175.925 153.539 150.886 168.931 145.178 150.215 210.297 179.988 146.418 135.423 139.543 137.859 129.594 133.998 180.406 172.892 174.987 164.05 133.205 167.363 169.781 173.394 169.682 172.931 209.606 217.912 209.498 211.279 164.306 169.271 179.504 186.525 175.51 36.104 31.43 40.691 39.834 80.835 81.603 82.406 84.025 80.611 121.335 115.614 92.21 90.513 89.142 92.454 98.483 69.264 28.589 67.86 71.506 72.165 3.718 10.641 9.487 41.737 23.895 17.059 0 3.134 3.016 32.936 60.338 29.697 76.937 69.102 58.548
108 192.325 204.693 179.06 156.674 154.021 172.066 148.313 153.35 213.432 183.123 149.553 138.558 142.678 140.994 132.729 137.133 183.541 176.027 178.122 167.185 136.34 170.498 172.916 176.529 172.817 174.637 211.462 219.768 211.354 213.135 166.012 172.406 182.639 189.66 178.645 35.715 34.565 41.874 42.969 83.97 84.738 85.541 87.16 83.746 124.47 118.749 95.345 93.648 92.277 95.589 101.618 72.399 25.454 70.995 74.641 75.3 6.853 13.776 12.622 38.602 20.76 13.924 3.134 0 0.117 29.801 57.203 26.562 73.802 65.967 55.413
109 192.207 204.575 178.942 156.556 153.903 171.948 148.195 153.232 213.314 183.005 149.435 138.44 142.56 140.876 132.611 137.015 183.423 175.909 178.004 167.067 136.222 170.38 172.798 176.411 172.699 174.519 211.344 219.65 211.236 213.017 165.894 172.288 182.521 189.542 178.527 35.597 34.447 41.756 42.851 83.852 84.62 85.423 87.042 83.628 124.352 118.631 95.227 93.53 92.159 95.471 101.5 72.281 25.572 70.877 74.523 75.182 6.735 13.658 12.504 38.72 20.878 14.042 3.016 0.117 0 29.919 57.321 26.68 73.92 66.085 55.531
110 211.734 224.102 198.469 176.083 173.43 191.475 172.63 172.759 232.841 202.532 168.962 157.967 162.087 160.403 152.138 156.542 202.95 195.436 197.531 186.594 155.749 180.092 192.325 190.254 192.226 177.536 214.361 222.667 214.253 216.034 168.911 178.004 187.421 194.442 190.269 47.711 53.974 54.952 73.098 108.287 109.055 109.858 111.477 108.063 148.787 143.066 119.662 117.965 116.594 119.906 125.935 96.934 18.525 95.312 98.958 99.617 37.086 43.905 42.751 18.634 21.718 16.525 33.367 30.232 30.35 0 30.773 5.249 52.489 44.654 34.1
111 229.619 240.519 216.354 193.968 191.315 209.36 190.515 190.644 250.726 220.417 186.847 175.852 179.972 178.288 170.023 174.427 203.497 195.613 197.708 186.771 173.634 174.955 188.642 185.117 188.543 172.399 209.224 217.53 209.116 210.897 163.774 172.867 182.284 189.305 185.132 65.596 71.859 72.837 96.663 126.172 126.94 127.743 129.362 125.948 166.672 160.951 137.547 135.85 134.479 137.791 143.82 114.819 35.733 113.197 116.843 117.502 63.195 67.47 66.316 26.675 38.444 42.415 59.476 56.341 56.459 30.773 0 35.866 83.106 75.271 64.717
114 208.584 220.952 195.319 172.933 170.28 188.325 169.48 169.609 229.691 199.382 165.812 154.817 158.937 157.253 148.988 153.392 199.8 192.286 194.381 183.444 152.599 185.185 189.175 192.788 189.076 182.629 219.454 227.76 219.346 221.127 174.004 183.097 192.514 199.535 194.904 44.561 50.824 51.802 69.948 105.137 105.905 106.708 108.327 104.913 145.637 139.916 116.512 114.815 113.444 116.756 122.785 93.784 15.375 92.162 95.808 96.467 33.936 40.755 39.601 23.727 18.568 13.375 30.217 27.082 27.2 5.249 35.866 0 47.239 39.404 28.85
115 255.832 268.2 242.567 220.181 217.528 235.573 216.728 216.857 276.939 246.63 213.06 202.065 206.185 204.501 196.236 200.64 247.048 238.424 240.519 229.582 199.847 217.766 231.453 227.928 231.354 215.21 252.035 260.341 251.927 253.708 206.585 215.678 225.095 232.116 227.943 91.809 98.072 99.05 117.196 152.385 153.153 153.956 155.575 152.161 192.885 187.164 163.76 162.063 160.692 164.004 170.033 141.032 62.623 139.41 143.056 143.715 81.184 88.003 86.849 70.975 65.816 60.623 77.465 74.33 74.448 52.497 83.114 47.247 0 13.719 18.388
116 247.215 259.583 233.95 211.564 208.911 226.956 208.111 208.24 268.322 238.013 204.443 193.448 197.568 195.884 187.619 192.023 232.588 224.704 226.799 215.862 191.23 204.046 217.733 214.208 217.634 201.49 238.315 246.621 238.207 239.988 192.865 201.958 211.375 218.396 214.223 83.192 89.455 90.433 108.579 143.768 144.536 145.339 146.958 143.544 184.268 178.547 155.143 153.446 152.075 155.387 161.416 132.415 54.006 130.793 134.439 135.098 72.567 79.386 78.232 62.358 57.199 52.006 68.848 65.713 65.831 43.88 74.497 38.63 13.812 0 9.771
119 237.443 249.811 224.178 201.792 199.139 217.184 198.339 198.468 258.55 228.241 194.671 183.676 187.796 186.112 177.847 182.251 228.659 221.145 223.24 212.303 181.458 207.587 218.034 217.749 217.935 205.031 241.856 250.162 241.748 243.529 196.406 205.499 214.916 221.937 217.764 73.42 79.683 80.661 98.807 133.996 134.764 135.567 137.186 133.772 174.496 168.775 145.371 143.674 142.303 145.615 151.644 122.643 44.234 121.021 124.667 125.326 62.795 69.614 68.46 52.586 47.427 42.234 59.076 55.941 56.059 34.108 64.725 28.858 18.388 10.553 0

#distancia viaje entre puentes y alojamientos
: 122 123 124 126 127 128 129 130 131 134 137 140 143 144 146 147:=
2 53.208 78.364 93.242 54.279 54.89 23.751 43.16 215.923 213.92 207.84 118.64 122.595 107.94 109.363 179.713 164.478
3 80.842 105.616 92.863 31.528 31.227 33.916 53.325 227.992 225.989 219.909 128.805 132.76 118.105 119.528 191.782 176.547
4 68.779 85.785 108.813 39.304 39.915 8.283 27.692 202.359 200.356 194.276 103.172 107.127 92.472 93.895 166.149 150.914
8 75.81 63.242 132.145 50.342 50.953 17.148 4.602 179.816 177.813 171.733 80.629 84.584 69.929 71.352 143.606 128.371
10 73.18 60.612 129.515 48.647 49.258 21.497 2.803 177.186 175.183 169.103 77.999 81.954 67.299 68.722 140.976 125.741
13 91.182 78.614 135.087 38.035 38.646 20.758 20.869 195.188 193.185 187.105 96.001 99.956 85.301 86.724 158.978 143.743
14 84.375 71.807 140.71 71.416 72.027 40.431 21.996 175.804 173.831 167.721 65.265 69.22 54.565 55.988 139.594 125.528
15 72.443 59.875 128.778 59.484 60.095 28.499 10.064 176.449 174.446 168.366 77.506 81.461 66.806 68.229 140.239 125.004
16 99.1 119.723 111.121 12.448 12.147 44.699 61.978 236.297 234.294 228.214 137.11 141.065 126.41 127.833 200.087 184.852
17 88.672 89.401 128.706 19.649 20.26 14.377 31.656 205.975 203.972 197.892 106.788 110.743 96.088 97.511 169.765 154.53
20 10.436 35.592 72.571 100.741 101.352 70.213 81.144 173.151 171.148 165.068 83.484 87.439 88.819 90.242 136.941 121.706
21 2.378 22.776 59.755 109.749 110.36 79.221 69.677 161.715 159.712 153.632 72.048 76.003 77.352 78.775 125.505 110.27
22 3.549 28.705 65.684 104.295 104.906 73.767 74.257 166.264 164.261 158.181 76.597 80.552 81.932 83.355 130.054 114.819
25 16.451 26.092 71.446 122.331 122.942 91.249 72.993 165.031 163.028 156.948 75.364 79.319 80.668 82.091 128.821 113.586
26 16.056 25.148 71.051 121.387 121.998 90.305 72.049 164.087 162.084 156.004 74.42 78.375 79.724 81.147 127.877 112.642
28 13.167 22.259 68.162 118.498 119.109 87.416 69.16 161.198 159.195 153.115 71.531 75.486 76.835 78.258 124.988 109.753
29 43.943 68.799 56.046 71.216 70.915 64.693 84.102 207.433 205.43 199.35 117.766 121.721 123.101 124.524 171.223 155.988
32 37.161 60.717 47.964 80.452 80.151 73.929 93.338 199.656 197.653 191.573 109.989 113.944 115.293 116.716 163.446 148.211
33 38.25 62.742 49.989 73.609 73.308 67.086 86.495 201.681 199.678 193.598 112.014 115.969 117.318 118.741 165.471 150.236
35 28.174 51.805 39.052 84.476 84.175 77.953 97.362 190.744 188.741 182.661 101.077 105.032 106.381 107.804 154.534 139.299
36 10.783 19.367 65.778 115.606 116.217 84.524 66.268 158.306 156.303 150.223 68.639 72.594 73.943 75.366 122.096 106.861
37 36.55 55.301 30.179 99.186 98.885 92.663 102.202 180.448 186.777 182.725 104.573 108.528 109.877 111.3 156.371 140.813
39 38.851 57.602 31.082 98.142 97.841 91.619 104.503 194.151 194.538 188.458 106.874 110.829 112.178 113.601 160.331 145.096
44 41.918 60.669 27.472 101.209 100.908 94.686 107.57 190.832 197.161 191.525 109.941 113.896 115.245 116.668 163.398 148.163
45 38.752 57.503 30.983 98.043 97.742 91.52 104.404 194.052 194.439 188.359 106.775 110.73 112.079 113.502 160.232 144.997
48 50.198 68.949 23.221 112.834 112.533 106.311 115.85 178.193 184.522 180.47 118.221 122.176 123.525 124.948 154.116 138.558
49 104.267 123.018 43.176 165.312 165.011 158.789 169.919 240.416 246.745 242.693 172.29 176.245 177.594 179.017 216.339 200.781
50 87.074 105.825 25.983 148.119 147.818 141.596 152.726 223.223 229.552 225.5 155.097 159.052 160.401 161.824 199.146 183.588
51 78.662 97.413 17.571 139.707 139.406 133.184 144.314 214.811 221.14 217.088 146.685 150.64 151.989 153.412 190.734 175.176
52 102.595 121.346 41.504 163.64 163.339 157.117 168.247 238.744 245.073 241.021 170.618 174.573 175.922 177.345 214.667 199.109
57 44.762 63.513 29.402 107.398 107.097 100.875 110.414 169.387 175.716 171.664 112.785 116.74 118.089 119.512 145.31 129.752
59 38.458 57.209 30.586 101.094 100.793 94.571 104.11 178.383 184.712 180.66 106.481 110.436 111.785 113.208 154.306 138.748
62 48.433 67.184 22.998 108.523 108.222 102 114.085 188.084 194.413 190.361 116.456 120.411 121.76 123.183 164.007 148.449
63 55.454 74.205 30.019 115.403 115.102 108.88 121.106 195.105 201.434 197.382 123.477 127.432 128.781 130.204 171.028 155.47
64 44.096 62.847 27.041 103.387 103.086 96.864 109.748 190.85 197.179 193.127 112.119 116.074 117.423 118.846 165.576 151.215
69 115.107 101.661 163.477 177.449 178.06 146.367 128.111 50.973 48.97 42.89 62.831 60.47 87.664 89.087 18.331 9.046
70 105.032 91.586 161.367 167.374 167.985 136.292 118.036 57.464 55.461 49.381 51.556 49.195 76.389 77.812 21.254 12.427
71 105.161 91.715 161.496 167.503 168.114 136.421 118.165 58.554 56.551 50.471 52.934 50.573 77.767 79.19 24.117 6.822
73 108.914 94.891 165.249 167.596 168.207 136.514 118.258 75.95 73.947 67.867 39.452 37.091 64.285 65.708 46.316 32.25
74 72.269 58.246 128.604 125.386 125.997 94.304 76.048 112.234 110.231 104.151 1.715 5.67 22.075 23.498 76.024 61.958
75 73.037 59.014 129.372 124.618 125.229 93.536 75.28 113.002 110.999 104.919 2.483 6.438 21.307 22.73 76.792 62.726
76 65.133 51.11 121.468 123.733 124.344 92.651 74.395 113.987 111.984 105.904 8.166 12.121 26.96 28.383 77.777 63.711
77 68.682 54.659 125.017 127.282 127.893 96.2 77.944 115.671 113.668 107.588 9.89 13.845 30.509 31.932 79.461 65.395
78 67.711 53.688 124.046 126.311 126.922 95.229 76.973 112.007 110.034 103.924 5.588 9.543 26.482 27.905 75.797 61.731
80 71.45 58.774 127.785 84.886 85.497 53.804 35.548 151.659 149.656 143.576 41.12 45.075 30.42 31.843 115.449 101.383
81 73.614 60.938 129.949 103.815 104.426 72.733 54.477 154.222 152.219 146.139 43.683 47.638 33.243 34.666 118.012 103.946
84 72.009 58.392 128.344 113.929 114.54 82.847 64.591 123.488 121.485 115.405 12.949 16.904 17.156 18.579 87.278 73.212
85 72.866 59.249 129.201 117.779 118.39 86.697 68.441 121.912 119.909 113.829 11.393 15.348 16.986 18.409 85.702 71.636
86 75.245 61.628 131.58 118.087 118.698 87.005 68.749 119.702 117.699 111.619 9.183 13.138 14.776 16.199 83.492 69.426
87 74.668 61.992 131.003 113.767 114.378 82.685 64.429 123.853 121.85 115.77 13.334 17.289 10.456 11.879 87.643 73.577
88 67.771 55.095 124.106 107.656 108.267 76.574 58.318 129.761 127.758 121.678 19.222 23.177 10.883 12.306 93.551 79.485
89 104.072 90.049 160.407 159.98 160.591 128.898 110.642 97.554 95.581 89.471 33.662 31.301 56.669 58.092 61.344 47.278
92 145.93 132.484 194.655 208.272 208.883 177.19 158.934 22.026 20.023 13.943 92.454 90.093 117.287 118.71 36.053 40.224
93 79.763 65.74 136.098 138.076 138.687 106.994 88.738 99.208 97.205 91.125 13.794 14.591 34.765 36.188 62.998 48.932
96 76.816 62.793 133.151 134.715 135.326 103.633 85.377 105.215 103.212 97.132 10.433 12.124 31.404 32.827 69.005 54.939
98 75.452 61.429 131.787 133.778 134.389 102.696 84.44 103.694 101.691 95.611 9.496 11.187 30.467 31.89 67.484 53.418
100 132.743 119.297 189.078 195.085 195.696 164.003 145.747 39.332 37.514 31.249 74.359 71.998 99.192 100.615 16.541 39.385
101 125.82 112.374 182.155 188.162 188.773 157.08 138.824 46.799 44.796 38.716 67.436 65.075 92.269 93.692 17.176 32.188
103 126.974 113.528 183.309 189.316 189.927 158.234 139.978 45.645 43.642 37.562 68.59 66.229 93.423 94.846 16.022 33.342
104 151.773 138.327 192.168 214.115 214.726 183.033 164.777 21.273 27.632 24.013 98.297 95.936 123.13 124.553 43.754 46.067
105 140.562 127.116 189.287 202.904 203.515 171.822 153.566 24.682 22.679 16.599 87.086 84.725 111.919 113.342 32.543 34.856
106 145.605 132.159 194.33 207.947 208.558 176.865 158.609 18.723 16.72 10.64 92.129 89.768 116.962 118.385 27.07 39.899
107 136.462 123.016 192.797 198.804 199.415 167.722 149.466 35.613 33.795 27.53 78.078 75.717 102.911 104.334 17.767 40.611
108 139.597 126.151 194.653 201.939 202.55 170.857 152.601 32.478 30.475 24.395 81.213 78.852 106.046 107.469 17.378 40.222
109 139.479 126.033 194.535 201.821 202.432 170.739 152.483 32.596 30.593 24.513 81.095 78.734 105.928 107.351 17.26 40.104
110 159.006 145.56 197.552 221.348 221.959 190.266 172.01 2.676 9.347 5.584 105.53 103.169 130.363 131.786 43.237 53.3
111 176.891 163.445 192.415 239.233 239.844 208.151 189.895 33.45 39.964 36.19 123.415 121.054 148.248 149.671 66.802 71.185
114 155.856 142.41 202.645 218.198 218.809 187.116 168.86 7.926 4.097 2.434 102.38 100.019 127.213 128.636 40.087 50.15
115 203.104 189.658 235.226 265.446 266.057 234.364 216.108 55.174 48.042 49.671 149.628 147.267 174.461 175.884 87.335 97.398
116 194.487 181.041 221.506 256.829 257.44 225.747 207.491 46.557 39.425 41.054 141.011 138.65 165.844 167.267 78.718 88.781
119 184.715 171.269 225.047 247.057 247.668 215.975 197.719 36.785 29.653 31.282 131.239 128.878 156.072 157.495 68.946 79.009

#distancia entre alojamientos y puentes
: 2 3 4 8 10 13 14 15 16 17 20 21 22 25 26 28 29 32 33 35 36 37 39 44 45 48 49 50 51 52 57 59 62 63 64 69 70 71 73 74 75 76 77 78 80 81 84 85 86 87 88 89 92 93 96 98 100 101 103 104 105 106 107 108 109 110 111 114 115 116 119:=
122 53.09 80.842 68.661 75.555 72.902 90.947 84.472 72.231 99.1 88.554 10.318 2.378 3.443 16.378 9.606 13.094 43.943 37.091 38.25 28.174 9.868 36.7 39.118 42.731 39.019 50.331 78.943 87.249 78.835 80.616 44.904 38.608 48.841 55.862 44.847 116.167 106.025 106.17 110.06 72.64 73.408 65.655 69.113 68.233 72.995 67.274 72.613 74.02 77.238 75.813 68.916 104.316 147.373 80.688 79.464 75.975 133.828 126.813 127.967 152.706 142.031 146.454 137.547 140.682 140.564 160.812 179.191 157.573 204.813 196.978 186.424
123 78.654 105.872 85.351 62.965 60.312 78.357 71.882 59.641 119.723 89.414 35.882 23.497 29.007 25.933 17.668 22.072 68.85 60.966 63.061 52.124 21.279 55.437 57.855 61.468 57.756 69.068 97.68 105.986 97.572 99.353 63.641 57.345 67.578 74.599 63.584 102.134 91.992 92.137 96.027 58.607 59.375 51.622 55.08 54.2 59.604 53.883 58.53 59.937 63.155 62.422 55.525 90.283 133.34 66.655 65.431 61.942 119.795 112.78 113.934 138.673 127.998 132.421 123.514 126.649 126.531 146.779 165.158 143.54 190.78 182.945 172.391
124 92.731 92.352 108.302 131.686 129.033 134.568 140.603 128.362 110.61 128.195 72.28 59.582 65.405 72.29 65.163 68.651 55.33 47.446 49.541 38.604 65.44 30.235 30.667 27.031 30.568 23.24 17.679 25.985 17.571 19.352 28.897 30.512 22.575 29.596 26.618 160.609 160.738 160.883 166.222 128.802 129.57 121.817 125.275 124.395 129.126 123.405 128.775 130.182 133.4 131.944 125.047 160.478 192.354 136.85 135.626 132.137 188.541 181.526 182.68 179.489 187.012 191.435 191.78 192.74 192.622 195.433 190.044 200.526 231.842 218.029 222.047
126 54.044 31.662 39.069 49.8 48.132 37.512 70.81 58.569 12.582 19.414 100.506 109.632 104.048 121.947 113.682 118.086 71.35 80.586 73.743 84.673 117.122 99.226 98.961 101.958 98.581 112.857 140.46 148.766 140.352 142.133 107.43 101.134 108.987 116.008 104.568 177.234 167.092 167.237 166.325 123.66 122.892 121.92 125.378 124.498 84.248 95.551 112.419 113.975 116.192 112.041 106.146 157.858 208.44 136.953 135.729 132.24 194.895 187.88 189.034 213.773 203.098 207.521 198.614 201.749 201.631 221.879 240.258 218.64 265.88 258.045 247.491
127 54.878 31.249 39.903 50.634 48.966 38.346 71.644 59.403 12.169 20.248 101.34 110.466 104.882 122.781 114.516 118.92 70.937 80.173 73.33 84.26 117.956 98.813 98.548 101.545 98.168 112.444 140.047 148.353 139.939 141.72 107.017 100.721 108.574 115.595 104.155 178.068 167.926 168.071 167.159 124.494 123.726 122.754 126.212 125.332 85.082 96.385 113.253 114.809 117.026 112.875 106.98 158.692 209.274 137.787 136.563 133.074 195.729 188.714 189.868 214.607 203.932 208.355 199.448 202.583 202.465 222.713 241.092 219.474 266.714 258.879 248.325
128 23.751 33.916 8.283 17.148 21.2 20.75 40.323 28.082 44.686 14.377 70.213 79.339 73.755 91.46 83.195 87.599 64.693 73.929 67.086 78.016 86.829 92.569 92.304 95.301 91.924 106.2 133.803 142.109 133.695 135.476 100.773 94.477 102.33 109.351 97.911 146.747 136.605 136.75 135.838 93.173 92.405 91.433 94.891 94.011 53.761 65.064 81.932 83.488 85.705 81.554 75.659 127.371 177.953 106.466 105.242 101.753 164.408 157.393 158.547 183.286 172.611 177.034 168.127 171.262 171.144 191.392 209.771 188.153 235.393 227.558 217.004
129 43.079 53.244 27.611 4.611 2.342 20.418 21.953 9.712 61.784 31.475 81.71 70.715 74.835 73.151 64.886 69.29 84.102 93.338 86.495 97.425 68.497 102.655 105.073 108.686 104.974 116.286 144.898 153.204 144.79 146.571 110.859 104.563 114.796 121.817 110.802 128.438 118.296 118.441 117.529 74.864 74.096 73.124 76.582 75.702 35.452 46.755 63.623 65.179 67.396 63.245 57.35 109.062 159.644 88.157 86.933 83.444 146.099 139.084 140.238 164.977 154.302 158.725 149.818 152.953 152.835 173.083 191.462 169.844 217.084 209.249 198.695
130 214.411 226.779 201.146 178.76 176.107 194.152 175.307 175.436 235.518 205.209 171.639 160.644 164.764 163.08 154.815 159.219 205.627 198.113 200.208 189.271 158.426 182.769 195.002 192.931 194.903 180.213 217.038 225.344 216.93 218.711 171.588 180.681 190.098 197.119 192.946 50.388 56.651 57.629 75.775 110.964 111.732 112.535 114.154 110.74 151.464 145.743 122.339 120.642 119.271 122.583 128.612 99.611 21.202 97.989 101.635 102.294 39.763 46.582 45.428 21.311 24.395 19.202 36.044 32.909 33.027 2.676 33.45 7.926 55.166 47.331 36.777
131 212.403 224.771 199.138 176.752 174.099 192.144 173.299 173.428 233.51 203.201 169.631 158.636 162.756 161.072 152.807 157.211 203.619 196.105 198.2 187.263 156.418 189.004 192.994 196.607 192.895 186.448 223.273 231.579 223.165 224.946 177.823 186.916 196.333 203.354 198.723 48.38 54.643 55.621 73.767 108.956 109.724 110.527 112.146 108.732 149.456 143.735 120.331 118.634 117.263 120.575 126.604 97.603 19.194 95.981 99.627 100.286 37.755 44.574 43.42 27.546 22.387 17.194 34.036 30.901 31.019 9.068 39.685 3.818 48.029 40.194 29.64
134 206.149 218.517 192.884 170.498 167.845 185.89 167.045 167.174 227.256 196.947 163.377 152.382 156.502 154.818 146.553 150.957 197.365 189.851 191.946 181.009 150.164 184.322 186.74 190.353 186.641 182.13 218.955 227.261 218.847 220.628 173.505 182.598 192.015 199.036 192.469 42.126 48.389 49.367 67.513 102.702 103.47 104.273 105.892 102.478 143.202 137.481 114.077 112.38 111.009 114.321 120.35 91.349 12.94 89.727 93.373 94.032 31.501 38.32 37.166 24.154 16.133 10.94 27.782 24.647 24.765 5.676 36.31 2.437 49.677 41.842 31.288
137 119.707 129.872 104.239 81.853 79.2 97.245 66.074 78.529 138.611 108.302 83.277 72.282 76.402 74.718 66.453 70.857 117.265 109.751 111.846 100.909 70.064 104.222 106.64 110.253 106.541 117.853 146.465 154.771 146.357 148.138 112.426 106.13 116.363 123.384 112.369 63.245 51.934 53.428 39.815 1.731 2.499 8.187 5.855 5.609 42.231 36.51 13.6 11.409 10.038 13.35 19.873 33.51 93.282 13.675 12.451 9.567 75.126 68.111 69.265 98.615 87.94 92.363 78.845 81.98 81.862 106.721 125.1 103.482 150.722 142.887 132.333
140 123.468 133.633 108 85.614 82.961 101.006 69.835 82.29 142.372 112.063 86.973 75.978 80.098 78.414 70.149 74.553 120.961 113.447 115.542 104.605 73.76 107.918 110.336 113.949 110.237 121.549 150.161 158.467 150.053 151.834 116.122 109.826 120.059 127.08 116.065 60.913 49.602 51.096 37.483 5.492 6.26 11.883 9.551 9.305 45.992 40.271 17.361 15.17 13.799 17.111 23.634 31.178 90.95 14.456 13.232 10.348 72.794 65.779 66.933 96.283 85.608 90.031 76.513 79.648 79.53 104.389 122.768 101.15 148.39 140.555 130.001
143 109.178 119.343 93.71 71.324 68.671 86.716 55.545 68 128.082 97.773 88.136 77.141 81.261 79.577 71.312 75.716 122.124 114.61 116.705 105.768 74.923 109.081 111.499 115.112 111.4 122.712 151.324 159.63 151.216 152.997 117.285 110.989 121.222 128.243 117.228 88.325 77.014 78.508 64.895 22.243 21.475 26.825 27.047 26.801 31.702 25.981 17.324 17.154 14.775 10.624 10.816 56.448 118.362 35.523 34.299 31.415 100.206 93.191 94.345 123.695 113.02 117.443 103.925 107.06 106.942 131.801 150.18 128.562 175.802 167.967 157.413
144 110.41 120.575 94.942 72.556 69.903 87.948 56.777 69.232 129.314 99.005 89.368 78.373 82.493 80.809 72.544 76.948 123.356 115.842 117.937 107 76.155 110.313 112.731 116.344 112.632 123.944 152.556 160.862 152.448 154.229 118.517 112.221 122.454 129.475 118.46 89.557 78.246 79.74 66.127 23.475 22.707 28.057 28.279 28.033 32.934 27.213 18.556 18.386 16.007 11.856 12.283 57.68 119.594 36.755 35.531 32.647 101.438 94.423 95.577 124.927 114.252 118.675 105.157 108.292 108.174 133.033 151.412 129.794 177.034 169.199 158.645
146 179.866 192.234 166.601 144.215 141.562 159.607 140.762 140.891 200.973 170.664 137.094 126.099 130.219 128.535 120.27 124.674 171.082 163.568 165.663 154.726 123.881 158.039 160.457 164.07 160.358 157.258 194.083 202.389 193.975 195.756 148.633 157.726 167.143 174.164 166.186 18.336 22.106 24.495 44.932 76.419 77.187 77.99 79.609 76.195 116.919 111.198 87.794 86.097 84.726 88.038 94.067 65.066 36.319 63.444 67.09 67.749 17.515 15.739 14.585 43.285 32.61 27.095 17.746 18.706 18.588 43.417 68.068 40.178 87.418 79.583 69.029
147 162.843 175.211 149.578 127.192 124.539 142.584 124.939 123.868 183.95 153.641 120.071 109.076 113.196 111.512 103.247 107.651 154.059 146.545 148.64 137.703 106.858 141.016 143.434 147.047 143.335 142.273 179.098 187.404 178.99 180.771 133.648 142.924 152.158 159.179 149.163 8.691 11.769 5.458 31.681 60.596 61.364 62.167 63.786 60.372 101.096 95.375 71.971 70.274 68.903 72.215 78.244 49.243 40.69 47.621 51.267 51.926 38.545 31.53 32.684 46.023 35.348 39.771 40.116 41.076 40.958 54.129 72.508 50.89 98.13 90.295 79.741

#distancia entre depositos y puentes
: 2 3 4 8 10 13 14 15 16 17 20 21 22 25 26 28 29 32 33 35 36 37 39 44 45 48 49 50 51 52 57 59 62 63 64 69 70 71 73 74 75 76 77 78 80 81 84 85 86 87 88 89 92 93 96 98 100 101 103 104 105 106 107 108 109 110 111 114 115 116 119:=
0 59.528 59.149 75.099 98.884 96.231 101.365 107.801 95.56 77.407 94.992 39.478 26.78 32.603 39.133 32.361 35.849 22.127 14.243 16.338 5.401 32.638 10.732 10.011 13.788 9.912 23.341 51.371 59.677 51.263 53.044 18.936 12.64 19.898 26.919 15.904 139.527 129.385 129.53 133.42 96 96.768 89.015 92.473 91.593 96.324 90.603 95.973 97.38 100.598 99.142 92.245 127.676 170.733 104.048 102.824 99.335 157.188 150.173 151.327 169.597 165.391 169.814 160.907 164.042 163.924 184.172 180.152 180.933 221.95 208.137 209.784
1 140.934 151.099 125.466 103.08 100.427 118.472 87.301 99.756 159.838 129.529 102.393 91.398 95.518 93.834 85.569 89.973 136.381 128.867 130.962 120.025 89.18 123.338 125.756 129.369 125.657 135.246 165.581 173.887 165.473 167.254 126.621 125.246 135.479 142.5 131.485 49.588 38.277 39.771 25.91 22.958 23.726 27.303 27.017 25.123 63.458 57.737 34.827 32.636 31.265 34.577 41.1 12.481 79.625 15.412 16.018 17.062 61.221 54.206 55.36 84.958 74.283 78.706 64.94 68.075 67.957 93.064 111.443 89.825 137.065 129.23 118.676

#distancia entre puentes y depositos
: 0 1:=
2 59.183 139.692
3 58.804 149.857
4 74.754 124.224
8 99.182 101.681
10 96.552 99.051
13 101.028 117.053
14 107.747 86.317
15 95.815 98.558
16 77.062 158.162
17 94.647 127.84
20 39.608 102.541
21 26.792 91.105
22 32.721 95.654
25 38.483 94.421
26 38.088 93.477
28 35.199 90.588
29 21.987 136.823
32 13.905 129.046
33 15.93 131.071
35 4.993 120.134
36 32.815 87.696
37 10.568 123.63
39 10.1 125.931
44 13.167 128.998
45 10.001 125.832
48 23.797 134.117
49 76.682 191.347
50 59.489 174.154
51 51.077 165.742
52 75.01 189.675
57 18.78 125.311
59 12.476 125.538
62 19.893 135.513
63 26.914 142.534
64 15.345 131.176
69 138.479 49.136
70 128.404 37.861
71 128.533 39.239
73 132.286 25.539
74 95.641 22.767
75 96.409 23.535
76 88.505 27.223
77 92.054 28.907
78 91.083 25.243
80 94.822 62.172
81 96.986 64.735
84 95.381 34.001
85 96.238 32.445
86 98.617 30.235
87 98.04 34.386
88 91.143 40.274
89 127.444 12.241
92 169.302 78.759
93 103.135 15.457
96 100.188 18.451
98 98.824 16.93
100 156.115 60.446
101 149.192 53.523
103 150.346 54.677
104 175.145 84.602
105 163.934 73.391
106 168.977 78.434
107 159.834 64.165
108 162.969 67.3
109 162.851 67.182
110 182.378 91.835
111 182.555 109.72
114 179.228 88.685
115 225.366 135.933
116 211.646 127.316
119 208.087 117.544

;