set O:= 0 1;
set N:= 13 16 36 62 74 88 89 92 98 105;
set M:= 123 124 126 146;
set K:= 1 2 3;
param D:= 100;
param Q:= 540;
param v:= 2000000;
param f:= 
123 26037
124 63000
126 68517
146 78000
;
param:	xcoord ycoord w q:=
0 -32.75044 -70.72613 0 1 
1 -33.0433 -71.624 0 1 
13 -32.34055 -71.17481 99 1 
16 -32.21823 -70.82151 78 1 
36 -32.83944 -71.00021 66 1 
62 -32.76924 -70.56035 84 1 
74 -32.91961 -71.50488 57 1 
88 -32.80869 -71.44189 36 1 
89 -33.10385 -71.66487 64 1 
92 -33.58655 -71.52943 57 1 
98 -32.98749 -71.50073 83 1 
105 -33.53115 -71.54035 119 1 
123 -32.88254 -71.09009 0 1 
124 -32.85659 -70.41855 0 1 
126 -32.25311 -70.93619 0 1 
146 -33.38843 -71.53636 0 1 
;
param d[*,*]
#distancia de viaje entre puentes
: 13 16 36 62 74 88 89 92 98 105:=
13 0.0 50.0 88.0 120.0 94.0 77.0 128.0 179.0 103.0 174.0
16 49.0 0.0 109.0 96.0 135.0 118.0 170.0 220.0 144.0 215.0
36 86.0 109.0 0.0 52.0 67.0 64.0 99.0 142.0 71.0 137.0
62 120.0 96.0 52.0 0.0 115.0 112.0 147.0 182.0 119.0 177.0
74 96.0 137.0 69.0 115.0 0.0 18.0 34.0 96.0 9.0 91.0
88 78.0 119.0 65.0 111.0 18.0 0.0 52.0 114.0 26.0 108.0
89 130.0 171.0 101.0 147.0 35.0 53.0 0.0 81.0 29.0 76.0
92 178.0 220.0 143.0 185.0 95.0 113.0 84.0 0.0 87.0 7.0
98 104.0 145.0 72.0 118.0 8.0 26.0 28.0 88.0 0.0 82.0
105 173.0 214.0 137.0 179.0 90.0 107.0 78.0 8.0 81.0 0.0

#distancia viaje entre puentes y alojamientos
: 123 124 126 146:=
13 79.0 135.0 38.0 159.0
16 120.0 111.0 12.0 200.0
36 19.0 66.0 116.0 122.0
62 67.0 23.0 109.0 164.0
74 58.0 129.0 125.0 76.0
88 55.0 124.0 108.0 94.0
89 90.0 160.0 160.0 61.0
92 132.0 195.0 208.0 36.0
98 61.0 132.0 134.0 67.0
105 127.0 189.0 203.0 33.0

#distancia entre alojamientos y puentes
: 13 16 36 62 74 88 89 92 98 105:=
123 78.0 120.0 21.0 68.0 59.0 56.0 90.0 133.0 62.0 128.0
124 135.0 111.0 65.0 23.0 129.0 125.0 160.0 192.0 132.0 187.0
126 38.0 13.0 117.0 109.0 124.0 106.0 158.0 208.0 132.0 203.0
146 160.0 201.0 124.0 167.0 76.0 94.0 65.0 36.0 68.0 33.0

#distancia entre depositos y puentes
: 13 16 36 62 74 88 89 92 98 105:=
0 101.0 77.0 33.0 20.0 96.0 92.0 128.0 171.0 99.0 165.0
1 118.0 160.0 89.0 135.0 23.0 41.0 12.0 80.0 17.0 74.0

#distancia entre puentes y depositos
: 0 1:=
13 101.0 117.0
16 77.0 158.0
36 33.0 88.0
62 20.0 136.0
74 96.0 23.0
88 91.0 40.0
89 127.0 12.0
92 169.0 79.0
98 99.0 17.0
105 164.0 73.0

;