set O:= 0 1;
set N:= 3 14 16 20 22 26 28 29 39 48 52 70 71 73 74 80 87 88 98 104 106 107 115 116 119;
set M:= 123 124 127 128 134 137 140 143 144 147;
set K:= 1 2 3 4 5;
param D:= 100;
param Q:= 540;
param v:= 2000000;
param f:= 
123 26037
124 63000
127 25694
128 39740
134 96841
137 27856
140 48596
143 48720
144 52000
147 45000
;
param:	xcoord ycoord w q:=
0 -32.75044 -70.72613 0 1 
1 -33.0433 -71.624 0 1 
3 -32.35092 -70.79153 105 1 
14 -32.51115 -71.42049 30 1 
16 -32.21823 -70.82151 78 1 
20 -32.69998 -70.93128 51 1 
22 -32.75643 -70.94537 48 1 
26 -32.84855 -70.98046 116 1 
28 -32.86292 -70.94795 99 1 
29 -32.58297 -70.73334 108 1 
39 -32.74002 -70.64044 105 1 
48 -32.88608 -70.59211 103 1 
52 -32.90338 -70.26912 86 1 
70 -33.29115 -71.47716 94 1 
71 -33.29475 -71.41066 32 1 
73 -33.20765 -71.57225 80 1 
74 -32.91961 -71.50488 57 1 
80 -32.63102 -71.41979 41 1 
87 -32.83144 -71.47526 89 1 
88 -32.80869 -71.44189 36 1 
98 -32.98749 -71.50073 83 1 
104 -33.61332 -71.40226 39 1 
106 -33.53398 -71.59339 54 1 
107 -33.42116 -71.69462 116 1 
115 -33.93803 -71.7365 56 1 
116 -33.88859 -71.64141 97 1 
119 -33.8283 -71.64323 81 1 
123 -32.88254 -71.09009 0 1 
124 -32.85659 -70.41855 0 1 
127 -32.24898 -70.9333 0 1 
128 -32.43019 -71.07467 0 1 
134 -33.61172 -71.60733 0 1 
137 -32.91915 -71.52057 0 1 
140 -32.93024 -71.55027 0 1 
143 -32.78349 -71.53032 0 1 
144 -32.77144 -71.53401 0 1 
147 -33.32534 -71.38598 0 1 
;
param d[*,*]
#distancia de viaje entre puentes
: 3 14 16 20 22 26 28 29 39 48 52 70 71 73 74 80 87 88 98 104 106 107 115 116 119:=
3 0.0 74.0 19.0 75.0 79.0 90.0 94.0 41.0 68.0 82.0 111.0 171.0 171.0 170.0 127.0 88.0 115.0 110.0 136.0 217.0 211.0 202.0 269.0 261.0 251.0
14 74.0 0.0 83.0 94.0 87.0 78.0 82.0 105.0 118.0 129.0 159.0 118.0 120.0 106.0 64.0 24.0 52.0 46.0 72.0 165.0 159.0 145.0 217.0 209.0 199.0
16 19.0 83.0 0.0 94.0 98.0 108.0 112.0 59.0 86.0 100.0 130.0 179.0 179.0 178.0 135.0 96.0 124.0 118.0 144.0 226.0 219.0 210.0 278.0 270.0 259.0
20 75.0 94.0 94.0 0.0 7.0 20.0 24.0 54.0 50.0 61.0 91.0 116.0 116.0 120.0 82.0 83.0 85.0 79.0 86.0 162.0 156.0 147.0 214.0 207.0 196.0
22 79.0 87.0 98.0 7.0 0.0 13.0 17.0 47.0 43.0 54.0 84.0 109.0 109.0 113.0 75.0 76.0 79.0 72.0 79.0 155.0 149.0 140.0 208.0 200.0 189.0
26 96.0 85.0 114.0 26.0 20.0 0.0 5.0 59.0 48.0 58.0 90.0 107.0 107.0 111.0 73.0 74.0 76.0 69.0 77.0 153.0 147.0 138.0 205.0 198.0 187.0
28 93.0 82.0 111.0 23.0 17.0 5.0 0.0 56.0 45.0 55.0 87.0 104.0 104.0 108.0 70.0 71.0 73.0 67.0 74.0 150.0 144.0 135.0 203.0 195.0 184.0
29 41.0 105.0 59.0 54.0 47.0 53.0 57.0 0.0 31.0 45.0 75.0 150.0 150.0 154.0 117.0 117.0 120.0 113.0 120.0 190.0 190.0 181.0 243.0 229.0 230.0
39 67.0 117.0 86.0 49.0 42.0 42.0 46.0 30.0 0.0 22.0 50.0 139.0 139.0 143.0 106.0 106.0 109.0 102.0 109.0 176.0 180.0 171.0 228.0 214.0 219.0
48 82.0 129.0 100.0 61.0 54.0 53.0 54.0 45.0 21.0 0.0 42.0 141.0 141.0 146.0 117.0 117.0 120.0 113.0 120.0 160.0 172.0 172.0 212.0 198.0 202.0
52 133.0 181.0 151.0 113.0 106.0 106.0 109.0 96.0 71.0 64.0 0.0 201.0 202.0 207.0 169.0 170.0 173.0 166.0 173.0 220.0 232.0 232.0 272.0 259.0 263.0
70 170.0 119.0 179.0 115.0 108.0 98.0 103.0 149.0 138.0 142.0 180.0 0.0 10.0 25.0 54.0 95.0 66.0 72.0 46.0 47.0 40.0 32.0 99.0 91.0 80.0
71 170.0 120.0 179.0 115.0 108.0 98.0 103.0 149.0 138.0 142.0 180.0 10.0 0.0 27.0 56.0 96.0 67.0 73.0 47.0 48.0 42.0 41.0 100.0 92.0 81.0
73 170.0 107.0 179.0 119.0 112.0 102.0 106.0 153.0 142.0 147.0 184.0 25.0 27.0 0.0 42.0 83.0 54.0 60.0 34.0 72.0 57.0 40.0 117.0 109.0 99.0
74 128.0 64.0 137.0 82.0 75.0 65.0 70.0 116.0 106.0 117.0 147.0 55.0 56.0 43.0 0.0 40.0 12.0 18.0 9.0 101.0 95.0 82.0 154.0 146.0 135.0
80 88.0 24.0 96.0 81.0 75.0 65.0 69.0 115.0 105.0 116.0 146.0 94.0 96.0 82.0 39.0 0.0 28.0 22.0 48.0 141.0 135.0 121.0 193.0 185.0 175.0
87 117.0 53.0 125.0 85.0 78.0 68.0 72.0 119.0 108.0 119.0 149.0 66.0 68.0 54.0 12.0 29.0 0.0 8.0 21.0 113.0 107.0 93.0 165.0 157.0 147.0
88 110.0 47.0 119.0 78.0 71.0 61.0 65.0 112.0 101.0 112.0 143.0 72.0 74.0 60.0 18.0 23.0 8.0 0.0 26.0 119.0 113.0 99.0 171.0 163.0 153.0
98 137.0 73.0 145.0 85.0 79.0 69.0 73.0 119.0 109.0 120.0 150.0 46.0 48.0 34.0 8.0 49.0 20.0 26.0 0.0 93.0 87.0 73.0 145.0 137.0 127.0
104 217.0 165.0 226.0 162.0 155.0 145.0 149.0 196.0 185.0 172.0 211.0 47.0 48.0 72.0 101.0 142.0 113.0 119.0 92.0 0.0 24.0 42.0 71.0 63.0 53.0
106 211.0 159.0 219.0 156.0 149.0 139.0 143.0 190.0 179.0 174.0 213.0 41.0 42.0 56.0 95.0 135.0 107.0 113.0 86.0 25.0 0.0 17.0 60.0 52.0 42.0
107 202.0 145.0 210.0 146.0 140.0 130.0 134.0 180.0 170.0 173.0 211.0 31.0 41.0 40.0 81.0 121.0 92.0 98.0 72.0 42.0 17.0 0.0 77.0 69.0 59.0
115 268.0 217.0 277.0 213.0 206.0 196.0 201.0 247.0 231.0 215.0 254.0 98.0 99.0 117.0 152.0 193.0 164.0 170.0 144.0 71.0 61.0 77.0 0.0 14.0 18.0
116 260.0 208.0 268.0 204.0 198.0 188.0 192.0 233.0 218.0 201.0 240.0 89.0 90.0 109.0 144.0 184.0 155.0 161.0 135.0 62.0 52.0 69.0 14.0 0.0 10.0
119 250.0 198.0 259.0 195.0 188.0 178.0 182.0 229.0 218.0 205.0 244.0 80.0 81.0 99.0 134.0 174.0 146.0 152.0 125.0 53.0 42.0 59.0 18.0 11.0 0.0

#distancia viaje entre puentes y alojamientos
: 123 124 127 128 134 137 140 143 144 147:=
3 106.0 93.0 31.0 34.0 220.0 129.0 133.0 118.0 120.0 177.0
14 72.0 141.0 72.0 40.0 168.0 65.0 69.0 55.0 56.0 126.0
16 120.0 111.0 12.0 45.0 228.0 137.0 141.0 126.0 128.0 185.0
20 36.0 73.0 101.0 70.0 165.0 83.0 87.0 89.0 90.0 122.0
22 29.0 66.0 105.0 74.0 158.0 77.0 81.0 82.0 83.0 115.0
26 25.0 71.0 122.0 90.0 156.0 74.0 78.0 80.0 81.0 113.0
28 22.0 68.0 119.0 87.0 153.0 72.0 75.0 77.0 78.0 110.0
29 69.0 56.0 71.0 65.0 199.0 118.0 122.0 123.0 125.0 156.0
39 58.0 31.0 98.0 92.0 188.0 107.0 111.0 112.0 114.0 145.0
48 69.0 23.0 113.0 106.0 180.0 118.0 122.0 124.0 125.0 139.0
52 121.0 42.0 163.0 157.0 241.0 171.0 175.0 176.0 177.0 199.0
70 92.0 161.0 168.0 136.0 49.0 52.0 49.0 76.0 78.0 12.0
71 92.0 161.0 168.0 136.0 50.0 53.0 51.0 78.0 79.0 7.0
73 95.0 165.0 168.0 137.0 68.0 39.0 37.0 64.0 66.0 32.0
74 58.0 129.0 126.0 94.0 104.0 2.0 6.0 22.0 23.0 62.0
80 59.0 128.0 85.0 54.0 144.0 41.0 45.0 30.0 32.0 101.0
87 62.0 131.0 114.0 83.0 116.0 13.0 17.0 10.0 12.0 74.0
88 55.0 124.0 108.0 77.0 122.0 19.0 23.0 11.0 12.0 79.0
98 61.0 132.0 134.0 103.0 96.0 9.0 11.0 30.0 32.0 53.0
104 138.0 192.0 215.0 183.0 24.0 98.0 96.0 123.0 125.0 46.0
106 132.0 194.0 209.0 177.0 11.0 92.0 90.0 117.0 118.0 40.0
107 123.0 193.0 199.0 168.0 28.0 78.0 76.0 103.0 104.0 41.0
115 190.0 235.0 266.0 234.0 50.0 150.0 147.0 174.0 176.0 97.0
116 181.0 222.0 257.0 226.0 41.0 141.0 139.0 166.0 167.0 89.0
119 171.0 225.0 248.0 216.0 31.0 131.0 129.0 156.0 157.0 79.0

#distancia entre alojamientos y puentes
: 3 14 16 20 22 26 28 29 39 48 52 70 71 73 74 80 87 88 98 104 106 107 115 116 119:=
123 106.0 72.0 120.0 36.0 29.0 18.0 22.0 69.0 58.0 69.0 99.0 92.0 92.0 96.0 59.0 60.0 62.0 56.0 62.0 139.0 132.0 124.0 191.0 183.0 172.0
124 92.0 141.0 111.0 72.0 65.0 65.0 69.0 55.0 31.0 23.0 19.0 161.0 161.0 166.0 129.0 129.0 132.0 125.0 132.0 179.0 191.0 192.0 232.0 218.0 222.0
127 31.0 72.0 12.0 101.0 105.0 115.0 119.0 71.0 99.0 112.0 142.0 168.0 168.0 167.0 124.0 85.0 113.0 107.0 133.0 215.0 208.0 199.0 267.0 259.0 248.0
128 34.0 40.0 45.0 70.0 74.0 83.0 88.0 65.0 92.0 106.0 135.0 137.0 137.0 136.0 93.0 54.0 82.0 76.0 102.0 183.0 177.0 168.0 235.0 228.0 217.0
134 219.0 167.0 227.0 163.0 157.0 147.0 151.0 197.0 187.0 182.0 221.0 48.0 49.0 68.0 103.0 143.0 114.0 120.0 94.0 24.0 11.0 28.0 50.0 42.0 31.0
137 130.0 66.0 139.0 83.0 76.0 66.0 71.0 117.0 107.0 118.0 148.0 52.0 53.0 40.0 2.0 42.0 13.0 20.0 10.0 99.0 92.0 79.0 151.0 143.0 132.0
140 134.0 70.0 142.0 87.0 80.0 70.0 75.0 121.0 110.0 122.0 152.0 50.0 51.0 37.0 5.0 46.0 17.0 24.0 10.0 96.0 90.0 77.0 148.0 141.0 130.0
143 119.0 56.0 128.0 88.0 81.0 71.0 76.0 122.0 111.0 123.0 153.0 77.0 79.0 65.0 22.0 32.0 11.0 11.0 31.0 124.0 117.0 104.0 176.0 168.0 157.0
144 121.0 57.0 129.0 89.0 82.0 73.0 77.0 123.0 113.0 124.0 154.0 78.0 80.0 66.0 23.0 33.0 12.0 12.0 33.0 125.0 119.0 105.0 177.0 169.0 159.0
147 175.0 125.0 184.0 120.0 113.0 103.0 108.0 154.0 143.0 142.0 181.0 12.0 5.0 32.0 61.0 101.0 72.0 78.0 52.0 46.0 40.0 40.0 98.0 90.0 80.0

#distancia entre depositos y puentes
: 3 14 16 20 22 26 28 29 39 48 52 70 71 73 74 80 87 88 98 104 106 107 115 116 119:=
0 59.0 108.0 77.0 39.0 33.0 32.0 36.0 22.0 10.0 23.0 53.0 129.0 130.0 133.0 96.0 96.0 99.0 92.0 99.0 170.0 170.0 161.0 222.0 208.0 210.0
1 151.0 87.0 160.0 102.0 96.0 86.0 90.0 136.0 126.0 135.0 167.0 38.0 40.0 26.0 23.0 63.0 35.0 41.0 17.0 85.0 79.0 65.0 137.0 129.0 119.0

#distancia entre puentes y depositos
: 0 1:=
3 59.0 150.0
14 108.0 86.0
16 77.0 158.0
20 40.0 103.0
22 33.0 96.0
26 38.0 93.0
28 35.0 91.0
29 22.0 137.0
39 10.0 126.0
48 24.0 134.0
52 75.0 190.0
70 128.0 38.0
71 129.0 39.0
73 132.0 26.0
74 96.0 23.0
80 95.0 62.0
87 98.0 34.0
88 91.0 40.0
98 99.0 17.0
104 175.0 85.0
106 169.0 78.0
107 160.0 64.0
115 225.0 136.0
116 212.0 127.0
119 208.0 118.0

;