set O:= 0 1;
set N:= 2 22 33 36 49 50 52 64 88 92;
set M:= 122 128 129 131;
set K:= 1 2 3;
param D:= 100;
param Q:= 540;
param v:= 2000000;
param f:= 
122 24000
128 39740
129 42028
131 73862
;
param:	xcoord ycoord w q:=
0 -32.75044 -70.72613 0 1 
1 -33.0433 -71.624 0 1 
2 -32.5191 -70.92373 38 1 
22 -32.75643 -70.94537 48 1 
33 -32.62252 -70.72251 72 1 
36 -32.83944 -71.00021 66 1 
49 -32.90731 -70.28602 104 1 
50 -32.87857 -70.20821 39 1 
52 -32.90338 -70.26912 86 1 
64 -32.75022 -70.59169 119 1 
88 -32.80869 -71.44189 36 1 
92 -33.58655 -71.52943 57 1 
122 -32.77961 -70.95976 0 1 
128 -32.43019 -71.07467 0 1 
129 -32.44456 -71.22894 0 1 
131 -33.65502 -71.62965 0 1 
;
param d[*,*]
#distancia de viaje entre puentes
: 2 22 33 36 49 50 52 64 88 92:=
2 0.0 50.0 43.0 63.0 110.0 118.0 112.0 74.0 99.0 200.0
22 50.0 0.0 42.0 13.0 82.0 91.0 84.0 48.0 72.0 150.0
33 43.0 42.0 0.0 47.0 67.0 75.0 68.0 31.0 107.0 186.0
36 64.0 14.0 48.0 0.0 83.0 91.0 84.0 48.0 64.0 142.0
49 135.0 108.0 92.0 108.0 0.0 8.0 2.0 69.0 167.0 235.0
50 118.0 91.0 75.0 91.0 12.0 0.0 14.0 52.0 150.0 217.0
52 133.0 106.0 90.0 106.0 2.0 7.0 0.0 67.0 166.0 233.0
64 73.0 48.0 30.0 48.0 44.0 52.0 46.0 0.0 107.0 185.0
88 100.0 71.0 106.0 65.0 141.0 149.0 143.0 107.0 0.0 114.0
92 199.0 149.0 184.0 143.0 211.0 220.0 213.0 185.0 113.0 0.0

#distancia viaje entre puentes y alojamientos
: 122 128 129 131:=
2 53.0 24.0 43.0 214.0
22 4.0 74.0 74.0 164.0
33 38.0 67.0 86.0 200.0
36 11.0 85.0 66.0 156.0
49 104.0 159.0 170.0 247.0
50 87.0 142.0 153.0 230.0
52 103.0 157.0 168.0 245.0
64 44.0 97.0 110.0 197.0
88 68.0 77.0 58.0 128.0
92 146.0 177.0 159.0 20.0

#distancia entre alojamientos y puentes
: 2 22 33 36 49 50 52 64 88 92:=
122 53.0 3.0 38.0 10.0 79.0 87.0 81.0 45.0 69.0 147.0
128 24.0 74.0 67.0 87.0 134.0 142.0 135.0 98.0 76.0 178.0
129 43.0 75.0 86.0 68.0 145.0 153.0 147.0 111.0 57.0 160.0
131 212.0 163.0 198.0 156.0 223.0 232.0 225.0 199.0 127.0 19.0

#distancia entre depositos y puentes
: 2 22 33 36 49 50 52 64 88 92:=
0 60.0 33.0 16.0 33.0 51.0 60.0 53.0 16.0 92.0 171.0
1 141.0 96.0 131.0 89.0 166.0 174.0 167.0 131.0 41.0 80.0

#distancia entre puentes y depositos
: 0 1:=
2 59.0 140.0
22 33.0 96.0
33 16.0 131.0
36 33.0 88.0
49 77.0 191.0
50 59.0 174.0
52 75.0 190.0
64 15.0 131.0
88 91.0 40.0
92 169.0 79.0

;