set O:= 0 1;
set N:= 8 13 22 25 52 71 88 98 107 114;
set M:= 122 128 129 140;
set K:= 1 2 3;
param D:= 100;
param Q:= 540;
param v:= 2000000;
param f:= 
122 24000
128 39740
129 42028
140 48596
;
param:	xcoord ycoord w q:=
0 -32.75044 -70.72613 0 1 
1 -33.0433 -71.624 0 1 
8 -32.44708 -71.19315 110 1 
13 -32.34055 -71.17481 99 1 
22 -32.75643 -70.94537 48 1 
25 -32.86219 -70.89013 69 1 
52 -32.90338 -70.26912 86 1 
71 -33.29475 -71.41066 32 1 
88 -32.80869 -71.44189 36 1 
98 -32.98749 -71.50073 83 1 
107 -33.42116 -71.69462 116 1 
114 -33.63163 -71.61037 97 1 
122 -32.77961 -70.95976 0 1 
128 -32.43019 -71.07467 0 1 
129 -32.44456 -71.22894 0 1 
140 -32.93024 -71.55027 0 1 
;
param d[*,*]
#distancia de viaje entre puentes
: 8 13 22 25 52 71 88 98 107 114:=
8 0.0 20.0 79.0 77.0 151.0 122.0 61.0 88.0 154.0 174.0
13 20.0 0.0 92.0 93.0 154.0 138.0 77.0 103.0 169.0 189.0
22 78.0 92.0 0.0 20.0 84.0 109.0 72.0 79.0 140.0 160.0
25 77.0 92.0 20.0 0.0 90.0 108.0 70.0 78.0 139.0 159.0
52 172.0 175.0 106.0 113.0 0.0 202.0 166.0 173.0 232.0 241.0
71 122.0 138.0 108.0 107.0 180.0 0.0 73.0 47.0 41.0 53.0
88 62.0 78.0 71.0 69.0 143.0 74.0 0.0 26.0 99.0 124.0
98 89.0 104.0 79.0 77.0 150.0 48.0 26.0 0.0 73.0 98.0
107 154.0 169.0 140.0 138.0 211.0 41.0 98.0 72.0 0.0 30.0
114 173.0 188.0 159.0 157.0 221.0 52.0 123.0 96.0 30.0 0.0

#distancia viaje entre puentes y alojamientos
: 122 128 129 140:=
8 76.0 17.0 5.0 85.0
13 91.0 21.0 21.0 100.0
22 4.0 74.0 74.0 81.0
25 16.0 91.0 73.0 79.0
52 103.0 157.0 168.0 175.0
71 105.0 136.0 118.0 51.0
88 68.0 77.0 58.0 23.0
98 75.0 103.0 84.0 11.0
107 136.0 168.0 149.0 76.0
114 156.0 187.0 169.0 100.0

#distancia entre alojamientos y puentes
: 8 13 22 25 52 71 88 98 107 114:=
122 76.0 91.0 3.0 16.0 81.0 106.0 69.0 76.0 138.0 158.0
128 17.0 21.0 74.0 91.0 135.0 137.0 76.0 102.0 168.0 188.0
129 5.0 20.0 75.0 73.0 147.0 118.0 57.0 83.0 150.0 170.0
140 86.0 101.0 80.0 78.0 152.0 51.0 24.0 10.0 77.0 101.0

#distancia entre depositos y puentes
: 8 13 22 25 52 71 88 98 107 114:=
0 99.0 101.0 33.0 39.0 53.0 130.0 92.0 99.0 161.0 181.0
1 103.0 118.0 96.0 94.0 167.0 40.0 41.0 17.0 65.0 90.0

#distancia entre puentes y depositos
: 0 1:=
8 99.0 102.0
13 101.0 117.0
22 33.0 96.0
25 38.0 94.0
52 75.0 190.0
71 129.0 39.0
88 91.0 40.0
98 99.0 17.0
107 160.0 64.0
114 179.0 89.0

;