set O:= 0 1;
set N:= 2 4 8 13 15 21 22 25 29 33 35 36 37 39 44 48 49 50 51 52 57 59 62 63 64 70 71 73 74 75 76 77 78 80 86 87 88 89 92 93 98 101 103 104 105 106 107 108 110 114;
set M:= 122 124 126 128 129 130 131 137 140 143 144 146;
set K:= 1 2 3 4 5 6 7;
param D:= 100;
param Q:= 540;
param v:= 2000000;
param f:= 
122 24000
124 63000
126 68517
128 39740
129 42028
130 45000
131 73862
137 27856
140 48596
143 48720
144 52000
146 78000
;
param:	xcoord ycoord w q:=
0 -32.75044 -70.72613 0 1 
1 -33.0433 -71.624 0 1 
2 -32.5191 -70.92373 38 1 
4 -32.44056 -71.00665 106 1 
8 -32.44708 -71.19315 110 1 
13 -32.34055 -71.17481 99 1 
15 -32.44511 -71.32299 71 1 
21 -32.80094 -70.95847 94 1 
22 -32.75643 -70.94537 48 1 
25 -32.86219 -70.89013 69 1 
29 -32.58297 -70.73334 108 1 
33 -32.62252 -70.72251 72 1 
35 -32.7126 -70.74393 65 1 
36 -32.83944 -71.00021 66 1 
37 -32.81691 -70.71195 53 1 
39 -32.74002 -70.64044 105 1 
44 -32.76742 -70.61154 38 1 
48 -32.88608 -70.59211 103 1 
49 -32.90731 -70.28602 104 1 
50 -32.87857 -70.20821 39 1 
51 -32.90645 -70.28716 50 1 
52 -32.90338 -70.26912 86 1 
57 -32.89552 -70.6746 98 1 
59 -32.83316 -70.70835 85 1 
62 -32.76924 -70.56035 84 1 
63 -32.76227 -70.50125 44 1 
64 -32.75022 -70.59169 119 1 
70 -33.29115 -71.47716 94 1 
71 -33.29475 -71.41066 32 1 
73 -33.20765 -71.57225 80 1 
74 -32.91961 -71.50488 57 1 
75 -32.91508 -71.49869 66 1 
76 -32.93269 -71.43975 112 1 
77 -32.9314 -71.47561 30 1 
78 -32.93288 -71.46643 63 1 
80 -32.63102 -71.41979 41 1 
86 -32.86452 -71.49062 87 1 
87 -32.83144 -71.47526 89 1 
88 -32.80869 -71.44189 36 1 
89 -33.10385 -71.66487 64 1 
92 -33.58655 -71.52943 57 1 
93 -33.01883 -71.50131 58 1 
98 -32.98749 -71.50073 83 1 
101 -33.34522 -71.64882 59 1 
103 -33.35491 -71.65289 40 1 
104 -33.61332 -71.40226 39 1 
105 -33.53115 -71.54035 119 1 
106 -33.53398 -71.59339 54 1 
107 -33.42116 -71.69462 116 1 
108 -33.44564 -71.67852 41 1 
110 -33.63989 -71.57131 49 1 
114 -33.63163 -71.61037 97 1 
122 -32.77961 -70.95976 0 1 
124 -32.85659 -70.41855 0 1 
126 -32.25311 -70.93619 0 1 
128 -32.43019 -71.07467 0 1 
129 -32.44456 -71.22894 0 1 
130 -33.65802 -71.56785 0 1 
131 -33.65502 -71.62965 0 1 
137 -32.91915 -71.52057 0 1 
140 -32.93024 -71.55027 0 1 
143 -32.78349 -71.53032 0 1 
144 -32.77144 -71.53401 0 1 
146 -33.38843 -71.53636 0 1 
;
param d[*,*]
#distancia de viaje entre puentes
: 2 4 8 13 15 21 22 25 29 33 35 36 37 39 44 48 49 50 51 52 57 59 62 63 64 70 71 73 74 75 76 77 78 80 86 87 88 89 92 93 98 101 103 104 105 106 107 108 110 114:=
2 0.0 16.0 41.0 42.0 52.0 56.0 50.0 70.0 41.0 43.0 54.0 63.0 69.0 69.0 72.0 82.0 110.0 118.0 110.0 112.0 77.0 71.0 79.0 86.0 74.0 158.0 159.0 160.0 117.0 116.0 115.0 119.0 118.0 78.0 109.0 105.0 99.0 151.0 200.0 130.0 126.0 179.0 180.0 205.0 194.0 199.0 190.0 193.0 213.0 210.0
4 16.0 0.0 25.0 27.0 36.0 71.0 66.0 85.0 57.0 59.0 70.0 79.0 84.0 84.0 87.0 98.0 126.0 134.0 126.0 127.0 93.0 86.0 94.0 101.0 90.0 145.0 145.0 144.0 101.0 101.0 100.0 103.0 102.0 62.0 94.0 90.0 84.0 136.0 186.0 115.0 110.0 166.0 167.0 192.0 181.0 185.0 176.0 180.0 200.0 196.0
8 41.0 25.0 0.0 20.0 14.0 75.0 79.0 77.0 82.0 84.0 95.0 73.0 107.0 109.0 112.0 120.0 149.0 157.0 149.0 151.0 115.0 109.0 119.0 126.0 115.0 122.0 122.0 122.0 79.0 78.0 77.0 81.0 80.0 40.0 71.0 67.0 61.0 113.0 164.0 92.0 88.0 143.0 144.0 169.0 158.0 163.0 154.0 157.0 177.0 174.0
13 42.0 27.0 20.0 0.0 29.0 90.0 92.0 93.0 83.0 85.0 96.0 88.0 111.0 110.0 113.0 124.0 152.0 160.0 152.0 154.0 119.0 113.0 120.0 127.0 116.0 138.0 138.0 137.0 94.0 94.0 93.0 96.0 95.0 55.0 87.0 83.0 77.0 128.0 179.0 108.0 103.0 159.0 160.0 184.0 174.0 178.0 169.0 172.0 193.0 189.0
15 52.0 37.0 14.0 30.0 0.0 71.0 76.0 74.0 93.0 96.0 100.0 69.0 103.0 106.0 109.0 117.0 146.0 154.0 145.0 147.0 112.0 105.0 115.0 123.0 111.0 119.0 119.0 118.0 76.0 75.0 74.0 78.0 77.0 36.0 68.0 64.0 58.0 110.0 160.0 89.0 84.0 140.0 141.0 166.0 155.0 159.0 151.0 154.0 174.0 171.0
21 55.0 71.0 74.0 89.0 70.0 0.0 6.0 14.0 46.0 40.0 30.0 7.0 34.0 37.0 40.0 48.0 77.0 85.0 76.0 78.0 43.0 36.0 46.0 53.0 42.0 104.0 104.0 108.0 71.0 72.0 64.0 67.0 66.0 71.0 75.0 74.0 67.0 103.0 146.0 79.0 74.0 125.0 126.0 151.0 140.0 145.0 136.0 139.0 159.0 156.0
22 50.0 66.0 78.0 92.0 75.0 6.0 0.0 20.0 47.0 42.0 32.0 13.0 40.0 43.0 46.0 54.0 82.0 91.0 82.0 84.0 48.0 42.0 52.0 59.0 48.0 109.0 109.0 113.0 75.0 76.0 68.0 72.0 71.0 76.0 80.0 79.0 72.0 107.0 150.0 83.0 79.0 130.0 131.0 155.0 145.0 149.0 140.0 143.0 164.0 160.0
25 70.0 85.0 77.0 92.0 74.0 14.0 20.0 0.0 59.0 54.0 43.0 12.0 46.0 48.0 52.0 53.0 88.0 97.0 88.0 90.0 44.0 48.0 58.0 65.0 54.0 108.0 108.0 112.0 74.0 75.0 67.0 71.0 70.0 75.0 79.0 77.0 70.0 106.0 149.0 82.0 78.0 128.0 130.0 154.0 144.0 148.0 139.0 142.0 162.0 159.0
29 41.0 57.0 82.0 83.0 93.0 46.0 47.0 60.0 0.0 6.0 17.0 54.0 32.0 31.0 34.0 45.0 73.0 81.0 73.0 75.0 40.0 34.0 41.0 48.0 37.0 150.0 150.0 154.0 117.0 117.0 110.0 113.0 112.0 117.0 121.0 120.0 113.0 148.0 191.0 125.0 120.0 171.0 172.0 190.0 186.0 190.0 181.0 185.0 205.0 202.0
33 43.0 59.0 84.0 85.0 95.0 40.0 42.0 54.0 6.0 0.0 11.0 47.0 26.0 25.0 28.0 39.0 67.0 75.0 67.0 68.0 34.0 27.0 35.0 42.0 31.0 144.0 144.0 148.0 111.0 112.0 104.0 107.0 106.0 111.0 115.0 114.0 107.0 143.0 186.0 119.0 114.0 165.0 166.0 184.0 180.0 185.0 176.0 179.0 199.0 196.0
35 54.0 70.0 95.0 96.0 99.0 30.0 32.0 43.0 17.0 11.0 0.0 37.0 15.0 14.0 17.0 28.0 56.0 64.0 56.0 58.0 23.0 17.0 24.0 31.0 20.0 133.0 133.0 137.0 100.0 101.0 93.0 96.0 95.0 100.0 104.0 103.0 96.0 132.0 175.0 108.0 103.0 154.0 155.0 173.0 169.0 174.0 165.0 168.0 188.0 185.0
36 64.0 79.0 70.0 86.0 67.0 8.0 14.0 12.0 54.0 48.0 37.0 0.0 40.0 43.0 46.0 54.0 83.0 91.0 82.0 84.0 49.0 42.0 52.0 60.0 48.0 101.0 101.0 105.0 67.0 68.0 60.0 64.0 63.0 68.0 72.0 71.0 64.0 99.0 142.0 76.0 71.0 122.0 123.0 148.0 137.0 141.0 132.0 135.0 156.0 152.0
37 69.0 84.0 106.0 111.0 103.0 34.0 40.0 47.0 32.0 26.0 15.0 40.0 0.0 17.0 21.0 17.0 47.0 55.0 47.0 49.0 11.0 3.0 20.0 27.0 23.0 137.0 137.0 141.0 103.0 104.0 96.0 100.0 99.0 104.0 108.0 107.0 100.0 135.0 175.0 111.0 107.0 158.0 159.0 162.0 169.0 174.0 168.0 171.0 178.0 183.0
39 68.0 83.0 109.0 110.0 105.0 36.0 42.0 49.0 30.0 25.0 14.0 42.0 17.0 0.0 6.0 22.0 48.0 56.0 48.0 50.0 25.0 20.0 11.0 18.0 6.0 139.0 139.0 143.0 106.0 106.0 99.0 102.0 101.0 106.0 110.0 109.0 102.0 137.0 180.0 114.0 109.0 160.0 161.0 176.0 175.0 180.0 171.0 174.0 191.0 191.0
44 71.0 87.0 112.0 113.0 108.0 40.0 45.0 52.0 34.0 28.0 17.0 45.0 20.0 6.0 0.0 18.0 44.0 53.0 44.0 46.0 22.0 23.0 8.0 15.0 3.0 142.0 142.0 146.0 109.0 110.0 102.0 105.0 104.0 109.0 113.0 112.0 105.0 140.0 183.0 117.0 112.0 163.0 164.0 172.0 178.0 183.0 174.0 177.0 188.0 193.0
48 83.0 98.0 120.0 124.0 117.0 48.0 54.0 52.0 45.0 39.0 28.0 54.0 17.0 21.0 18.0 0.0 40.0 48.0 40.0 42.0 9.0 16.0 15.0 22.0 18.0 141.0 141.0 146.0 117.0 118.0 110.0 114.0 113.0 117.0 122.0 120.0 113.0 146.0 172.0 121.0 120.0 162.0 163.0 160.0 167.0 172.0 172.0 173.0 176.0 181.0
49 135.0 151.0 174.0 177.0 171.0 102.0 108.0 115.0 98.0 92.0 81.0 108.0 73.0 73.0 69.0 66.0 0.0 8.0 1.0 2.0 71.0 73.0 65.0 72.0 69.0 203.0 203.0 209.0 171.0 172.0 164.0 168.0 167.0 171.0 176.0 174.0 167.0 203.0 235.0 179.0 174.0 224.0 225.0 222.0 229.0 234.0 234.0 235.0 238.0 243.0
50 118.0 133.0 157.0 160.0 153.0 85.0 91.0 97.0 80.0 75.0 64.0 91.0 55.0 56.0 52.0 48.0 12.0 0.0 8.0 14.0 54.0 56.0 48.0 55.0 52.0 186.0 186.0 191.0 154.0 155.0 147.0 150.0 150.0 154.0 159.0 157.0 150.0 186.0 217.0 162.0 157.0 207.0 208.0 205.0 212.0 217.0 217.0 218.0 221.0 226.0
51 109.0 125.0 148.0 151.0 145.0 76.0 82.0 89.0 72.0 66.0 55.0 82.0 47.0 47.0 44.0 40.0 4.0 8.0 0.0 2.0 46.0 47.0 39.0 46.0 43.0 177.0 178.0 183.0 146.0 146.0 139.0 142.0 141.0 146.0 150.0 149.0 142.0 177.0 209.0 154.0 149.0 198.0 199.0 196.0 204.0 208.0 208.0 209.0 212.0 217.0
52 133.0 149.0 172.0 175.0 169.0 100.0 106.0 113.0 96.0 90.0 79.0 106.0 71.0 71.0 68.0 64.0 2.0 7.0 3.0 0.0 70.0 71.0 63.0 70.0 67.0 201.0 202.0 207.0 169.0 170.0 162.0 166.0 165.0 170.0 174.0 173.0 166.0 201.0 233.0 177.0 173.0 222.0 223.0 220.0 228.0 232.0 232.0 233.0 236.0 241.0
57 77.0 93.0 114.0 119.0 111.0 42.0 48.0 44.0 40.0 34.0 23.0 48.0 11.0 25.0 22.0 9.0 46.0 55.0 46.0 48.0 0.0 9.0 19.0 26.0 22.0 132.0 132.0 138.0 112.0 112.0 105.0 108.0 107.0 112.0 116.0 115.0 108.0 137.0 164.0 112.0 115.0 153.0 154.0 151.0 158.0 163.0 163.0 164.0 167.0 172.0
59 71.0 86.0 108.0 113.0 105.0 36.0 42.0 48.0 33.0 28.0 17.0 42.0 3.0 20.0 23.0 16.0 47.0 56.0 47.0 49.0 9.0 0.0 20.0 27.0 23.0 139.0 139.0 143.0 105.0 106.0 98.0 102.0 101.0 106.0 110.0 108.0 102.0 137.0 173.0 113.0 109.0 159.0 161.0 160.0 167.0 172.0 170.0 173.0 176.0 181.0
62 78.0 94.0 118.0 120.0 115.0 46.0 52.0 58.0 41.0 35.0 24.0 52.0 20.0 11.0 8.0 15.0 40.0 48.0 40.0 41.0 19.0 20.0 0.0 7.0 5.0 149.0 149.0 153.0 115.0 116.0 108.0 112.0 111.0 116.0 120.0 118.0 112.0 147.0 182.0 123.0 119.0 169.0 171.0 169.0 177.0 181.0 180.0 183.0 185.0 191.0
63 85.0 101.0 125.0 127.0 122.0 53.0 59.0 65.0 48.0 42.0 31.0 59.0 27.0 18.0 15.0 22.0 47.0 55.0 47.0 49.0 26.0 27.0 7.0 0.0 12.0 156.0 156.0 160.0 122.0 123.0 115.0 119.0 118.0 123.0 127.0 125.0 119.0 154.0 189.0 130.0 126.0 176.0 178.0 176.0 184.0 188.0 187.0 190.0 192.0 198.0
64 73.0 89.0 114.0 115.0 110.0 42.0 48.0 54.0 36.0 30.0 19.0 48.0 23.0 6.0 3.0 18.0 44.0 52.0 44.0 46.0 22.0 23.0 5.0 12.0 0.0 144.0 144.0 148.0 111.0 112.0 104.0 107.0 107.0 111.0 116.0 114.0 107.0 143.0 185.0 119.0 114.0 165.0 166.0 172.0 180.0 184.0 176.0 179.0 188.0 193.0
70 158.0 144.0 122.0 138.0 119.0 104.0 108.0 106.0 149.0 144.0 133.0 102.0 136.0 138.0 142.0 142.0 178.0 186.0 178.0 180.0 133.0 138.0 148.0 155.0 144.0 0.0 10.0 25.0 54.0 55.0 56.0 58.0 54.0 95.0 63.0 66.0 72.0 43.0 41.0 41.0 46.0 21.0 22.0 47.0 36.0 40.0 32.0 35.0 55.0 52.0
71 158.0 145.0 122.0 138.0 119.0 104.0 108.0 107.0 149.0 144.0 133.0 102.0 136.0 138.0 142.0 142.0 178.0 187.0 178.0 180.0 133.0 138.0 148.0 155.0 144.0 10.0 0.0 27.0 56.0 56.0 57.0 59.0 55.0 96.0 64.0 67.0 73.0 44.0 42.0 43.0 47.0 30.0 31.0 48.0 37.0 42.0 41.0 43.0 56.0 53.0
73 160.0 145.0 122.0 138.0 119.0 108.0 112.0 110.0 153.0 147.0 137.0 106.0 140.0 142.0 146.0 147.0 182.0 190.0 182.0 184.0 138.0 142.0 152.0 159.0 148.0 25.0 27.0 0.0 42.0 43.0 44.0 45.0 42.0 83.0 51.0 54.0 60.0 31.0 66.0 29.0 34.0 29.0 30.0 72.0 61.0 57.0 40.0 43.0 73.0 70.0
74 118.0 103.0 80.0 96.0 77.0 71.0 75.0 74.0 116.0 111.0 100.0 69.0 103.0 106.0 109.0 117.0 145.0 154.0 145.0 147.0 111.0 105.0 115.0 122.0 111.0 55.0 56.0 43.0 0.0 1.0 7.0 5.0 5.0 40.0 8.0 12.0 18.0 34.0 96.0 13.0 9.0 71.0 72.0 101.0 91.0 95.0 82.0 85.0 110.0 106.0
75 117.0 102.0 79.0 95.0 76.0 72.0 76.0 74.0 117.0 112.0 101.0 70.0 104.0 106.0 110.0 118.0 146.0 154.0 146.0 148.0 112.0 106.0 116.0 123.0 112.0 56.0 57.0 43.0 1.0 0.0 8.0 6.0 5.0 40.0 8.0 11.0 17.0 35.0 97.0 14.0 10.0 72.0 73.0 102.0 92.0 96.0 82.0 86.0 110.0 107.0
76 116.0 101.0 78.0 94.0 75.0 64.0 68.0 67.0 109.0 104.0 93.0 62.0 96.0 98.0 102.0 110.0 138.0 147.0 138.0 140.0 104.0 98.0 108.0 115.0 104.0 57.0 58.0 44.0 7.0 8.0 0.0 3.0 3.0 39.0 14.0 18.0 16.0 39.0 98.0 15.0 10.0 73.0 74.0 103.0 93.0 97.0 83.0 87.0 111.0 108.0
77 120.0 104.0 82.0 97.0 79.0 68.0 72.0 70.0 113.0 107.0 96.0 65.0 100.0 102.0 106.0 113.0 142.0 150.0 142.0 143.0 108.0 101.0 112.0 119.0 108.0 58.0 60.0 46.0 9.0 9.0 4.0 0.0 1.0 42.0 17.0 20.0 20.0 40.0 100.0 17.0 12.0 74.0 76.0 105.0 94.0 99.0 85.0 88.0 113.0 110.0
78 119.0 103.0 81.0 96.0 78.0 67.0 71.0 69.0 112.0 106.0 95.0 64.0 99.0 101.0 105.0 112.0 141.0 149.0 141.0 143.0 107.0 101.0 111.0 118.0 107.0 55.0 56.0 42.0 4.0 5.0 3.0 1.0 0.0 41.0 13.0 16.0 19.0 37.0 96.0 13.0 9.0 71.0 72.0 101.0 91.0 95.0 81.0 85.0 109.0 106.0
80 77.0 62.0 40.0 55.0 36.0 70.0 75.0 73.0 115.0 110.0 99.0 68.0 102.0 105.0 108.0 116.0 145.0 153.0 144.0 146.0 111.0 104.0 114.0 122.0 110.0 94.0 96.0 82.0 39.0 39.0 38.0 41.0 40.0 0.0 32.0 28.0 22.0 74.0 136.0 53.0 48.0 110.0 112.0 141.0 130.0 135.0 121.0 124.0 149.0 146.0
86 111.0 95.0 73.0 88.0 69.0 74.0 78.0 77.0 119.0 114.0 103.0 72.0 106.0 109.0 112.0 120.0 148.0 157.0 148.0 150.0 114.0 108.0 118.0 125.0 114.0 62.0 64.0 50.0 7.0 7.0 13.0 12.0 12.0 33.0 0.0 4.0 12.0 42.0 104.0 21.0 17.0 78.0 80.0 109.0 98.0 103.0 89.0 92.0 117.0 114.0
87 106.0 91.0 69.0 84.0 65.0 74.0 78.0 76.0 119.0 113.0 102.0 71.0 106.0 108.0 112.0 119.0 148.0 156.0 148.0 149.0 114.0 107.0 118.0 125.0 114.0 66.0 68.0 54.0 12.0 11.0 17.0 16.0 16.0 29.0 4.0 0.0 8.0 46.0 108.0 25.0 21.0 83.0 84.0 113.0 102.0 107.0 93.0 96.0 121.0 118.0
88 100.0 85.0 62.0 78.0 59.0 67.0 71.0 69.0 112.0 106.0 95.0 65.0 99.0 101.0 105.0 112.0 141.0 149.0 141.0 143.0 107.0 101.0 111.0 118.0 107.0 72.0 74.0 60.0 18.0 17.0 16.0 19.0 18.0 23.0 11.0 8.0 0.0 52.0 114.0 31.0 26.0 88.0 90.0 119.0 108.0 113.0 99.0 102.0 127.0 124.0
89 153.0 137.0 115.0 130.0 111.0 103.0 107.0 105.0 148.0 143.0 132.0 101.0 135.0 137.0 141.0 147.0 177.0 186.0 177.0 179.0 138.0 137.0 147.0 154.0 143.0 40.0 42.0 28.0 35.0 35.0 39.0 39.0 37.0 75.0 43.0 46.0 53.0 0.0 81.0 27.0 29.0 56.0 57.0 87.0 76.0 81.0 67.0 70.0 95.0 92.0
92 199.0 185.0 163.0 178.0 160.0 145.0 149.0 147.0 190.0 184.0 174.0 143.0 177.0 179.0 183.0 175.0 211.0 220.0 211.0 213.0 166.0 175.0 185.0 192.0 185.0 41.0 42.0 66.0 95.0 96.0 97.0 98.0 95.0 136.0 104.0 107.0 113.0 84.0 0.0 82.0 87.0 37.0 36.0 19.0 7.0 12.0 29.0 26.0 19.0 16.0
93 131.0 115.0 93.0 108.0 89.0 79.0 83.0 81.0 124.0 118.0 107.0 77.0 111.0 113.0 117.0 123.0 153.0 161.0 153.0 155.0 114.0 113.0 123.0 130.0 119.0 42.0 43.0 30.0 13.0 13.0 15.0 16.0 12.0 53.0 21.0 24.0 31.0 27.0 83.0 0.0 4.0 58.0 59.0 88.0 78.0 82.0 69.0 72.0 97.0 93.0
98 126.0 111.0 89.0 104.0 85.0 74.0 79.0 77.0 119.0 114.0 103.0 72.0 106.0 109.0 112.0 120.0 149.0 157.0 148.0 150.0 115.0 108.0 118.0 126.0 115.0 46.0 48.0 34.0 8.0 9.0 10.0 12.0 8.0 49.0 17.0 20.0 26.0 28.0 88.0 5.0 0.0 62.0 64.0 93.0 82.0 87.0 73.0 76.0 101.0 98.0
101 179.0 165.0 143.0 158.0 140.0 125.0 129.0 127.0 170.0 164.0 153.0 123.0 157.0 159.0 163.0 162.0 199.0 207.0 199.0 201.0 154.0 159.0 169.0 176.0 165.0 21.0 30.0 29.0 70.0 71.0 72.0 73.0 70.0 111.0 79.0 82.0 88.0 59.0 37.0 57.0 62.0 0.0 1.0 51.0 34.0 28.0 11.0 14.0 44.0 41.0
103 180.0 166.0 144.0 159.0 141.0 126.0 130.0 128.0 171.0 165.0 155.0 124.0 158.0 160.0 164.0 163.0 200.0 208.0 200.0 202.0 155.0 160.0 170.0 177.0 166.0 22.0 31.0 30.0 71.0 72.0 73.0 75.0 71.0 112.0 80.0 83.0 89.0 60.0 36.0 58.0 63.0 1.0 0.0 50.0 33.0 27.0 10.0 13.0 43.0 40.0
104 205.0 191.0 169.0 184.0 166.0 151.0 155.0 153.0 196.0 190.0 179.0 149.0 175.0 185.0 185.0 172.0 209.0 217.0 209.0 211.0 164.0 173.0 182.0 189.0 185.0 47.0 48.0 72.0 101.0 102.0 103.0 104.0 101.0 142.0 109.0 113.0 119.0 90.0 18.0 88.0 92.0 49.0 48.0 0.0 18.0 24.0 42.0 38.0 19.0 24.0
105 193.0 180.0 158.0 173.0 154.0 140.0 144.0 142.0 185.0 179.0 168.0 137.0 171.0 174.0 177.0 169.0 206.0 214.0 206.0 208.0 161.0 170.0 179.0 186.0 180.0 36.0 37.0 61.0 90.0 91.0 91.0 93.0 90.0 130.0 98.0 101.0 107.0 78.0 8.0 77.0 81.0 33.0 32.0 18.0 0.0 7.0 24.0 21.0 22.0 19.0
106 198.0 185.0 163.0 178.0 159.0 145.0 149.0 147.0 190.0 184.0 173.0 142.0 177.0 179.0 183.0 174.0 211.0 219.0 211.0 213.0 166.0 175.0 184.0 191.0 185.0 41.0 42.0 56.0 95.0 96.0 96.0 98.0 95.0 135.0 103.0 107.0 113.0 84.0 12.0 82.0 86.0 27.0 26.0 25.0 7.0 0.0 17.0 14.0 16.0 13.0
107 189.0 176.0 154.0 169.0 150.0 135.0 140.0 138.0 180.0 175.0 164.0 133.0 167.0 170.0 173.0 173.0 210.0 218.0 209.0 211.0 164.0 169.0 180.0 187.0 176.0 31.0 41.0 40.0 81.0 82.0 82.0 84.0 81.0 121.0 89.0 92.0 98.0 69.0 29.0 68.0 72.0 11.0 9.0 42.0 24.0 17.0 0.0 3.0 33.0 30.0
108 192.0 179.0 157.0 172.0 153.0 139.0 143.0 141.0 184.0 178.0 167.0 136.0 170.0 173.0 177.0 175.0 211.0 220.0 211.0 213.0 166.0 172.0 183.0 190.0 179.0 35.0 42.0 43.0 84.0 85.0 86.0 87.0 84.0 124.0 92.0 96.0 102.0 72.0 25.0 71.0 75.0 14.0 13.0 39.0 21.0 14.0 3.0 0.0 30.0 27.0
110 212.0 198.0 176.0 191.0 173.0 158.0 162.0 160.0 203.0 198.0 187.0 156.0 180.0 192.0 190.0 178.0 214.0 223.0 214.0 216.0 169.0 178.0 187.0 194.0 190.0 54.0 55.0 73.0 108.0 109.0 110.0 111.0 108.0 149.0 117.0 120.0 126.0 97.0 19.0 95.0 100.0 44.0 43.0 19.0 22.0 17.0 33.0 30.0 0.0 5.0
114 209.0 195.0 173.0 188.0 170.0 155.0 159.0 157.0 200.0 194.0 183.0 153.0 185.0 189.0 193.0 183.0 219.0 228.0 219.0 221.0 174.0 183.0 193.0 200.0 195.0 51.0 52.0 70.0 105.0 106.0 107.0 108.0 105.0 146.0 113.0 117.0 123.0 94.0 15.0 92.0 96.0 41.0 40.0 24.0 19.0 13.0 30.0 27.0 5.0 0.0

#distancia viaje entre puentes y alojamientos
: 122 124 126 128 129 130 131 137 140 143 144 146:=
2 53.0 93.0 54.0 24.0 43.0 216.0 214.0 119.0 123.0 108.0 109.0 180.0
4 69.0 109.0 39.0 8.0 28.0 202.0 200.0 103.0 107.0 92.0 94.0 166.0
8 76.0 132.0 50.0 17.0 5.0 180.0 178.0 81.0 85.0 70.0 71.0 144.0
13 91.0 135.0 38.0 21.0 21.0 195.0 193.0 96.0 100.0 85.0 87.0 159.0
15 72.0 129.0 59.0 28.0 10.0 176.0 174.0 78.0 81.0 67.0 68.0 140.0
21 2.0 60.0 110.0 79.0 70.0 162.0 160.0 72.0 76.0 77.0 79.0 126.0
22 4.0 66.0 104.0 74.0 74.0 166.0 164.0 77.0 81.0 82.0 83.0 130.0
25 16.0 71.0 122.0 91.0 73.0 165.0 163.0 75.0 79.0 81.0 82.0 129.0
29 44.0 56.0 71.0 65.0 84.0 207.0 205.0 118.0 122.0 123.0 125.0 171.0
33 38.0 50.0 74.0 67.0 86.0 202.0 200.0 112.0 116.0 117.0 119.0 165.0
35 28.0 39.0 84.0 78.0 97.0 191.0 189.0 101.0 105.0 106.0 108.0 155.0
36 11.0 66.0 116.0 85.0 66.0 158.0 156.0 69.0 73.0 74.0 75.0 122.0
37 37.0 30.0 99.0 93.0 102.0 180.0 187.0 105.0 109.0 110.0 111.0 156.0
39 39.0 31.0 98.0 92.0 105.0 194.0 195.0 107.0 111.0 112.0 114.0 160.0
44 42.0 27.0 101.0 95.0 108.0 191.0 197.0 110.0 114.0 115.0 117.0 163.0
48 50.0 23.0 113.0 106.0 116.0 178.0 185.0 118.0 122.0 124.0 125.0 154.0
49 104.0 43.0 165.0 159.0 170.0 240.0 247.0 172.0 176.0 178.0 179.0 216.0
50 87.0 26.0 148.0 142.0 153.0 223.0 230.0 155.0 159.0 160.0 162.0 199.0
51 79.0 18.0 140.0 133.0 144.0 215.0 221.0 147.0 151.0 152.0 153.0 191.0
52 103.0 42.0 164.0 157.0 168.0 239.0 245.0 171.0 175.0 176.0 177.0 215.0
57 45.0 29.0 107.0 101.0 110.0 169.0 176.0 113.0 117.0 118.0 120.0 145.0
59 38.0 31.0 101.0 95.0 104.0 178.0 185.0 106.0 110.0 112.0 113.0 154.0
62 48.0 23.0 109.0 102.0 114.0 188.0 194.0 116.0 120.0 122.0 123.0 164.0
63 55.0 30.0 115.0 109.0 121.0 195.0 201.0 123.0 127.0 129.0 130.0 171.0
64 44.0 27.0 103.0 97.0 110.0 191.0 197.0 112.0 116.0 117.0 119.0 166.0
70 105.0 161.0 167.0 136.0 118.0 57.0 55.0 52.0 49.0 76.0 78.0 21.0
71 105.0 161.0 168.0 136.0 118.0 59.0 57.0 53.0 51.0 78.0 79.0 24.0
73 109.0 165.0 168.0 137.0 118.0 76.0 74.0 39.0 37.0 64.0 66.0 46.0
74 72.0 129.0 125.0 94.0 76.0 112.0 110.0 2.0 6.0 22.0 23.0 76.0
75 73.0 129.0 125.0 94.0 75.0 113.0 111.0 2.0 6.0 21.0 23.0 77.0
76 65.0 121.0 124.0 93.0 74.0 114.0 112.0 8.0 12.0 27.0 28.0 78.0
77 69.0 125.0 127.0 96.0 78.0 116.0 114.0 10.0 14.0 31.0 32.0 79.0
78 68.0 124.0 126.0 95.0 77.0 112.0 110.0 6.0 10.0 26.0 28.0 76.0
80 71.0 128.0 85.0 54.0 36.0 152.0 150.0 41.0 45.0 30.0 32.0 115.0
86 75.0 132.0 118.0 87.0 69.0 120.0 118.0 9.0 13.0 15.0 16.0 83.0
87 75.0 131.0 114.0 83.0 64.0 124.0 122.0 13.0 17.0 10.0 12.0 88.0
88 68.0 124.0 108.0 77.0 58.0 130.0 128.0 19.0 23.0 11.0 12.0 94.0
89 104.0 160.0 160.0 129.0 111.0 98.0 96.0 34.0 31.0 57.0 58.0 61.0
92 146.0 195.0 208.0 177.0 159.0 22.0 20.0 92.0 90.0 117.0 119.0 36.0
93 80.0 136.0 138.0 107.0 89.0 99.0 97.0 14.0 15.0 35.0 36.0 63.0
98 75.0 132.0 134.0 103.0 84.0 104.0 102.0 9.0 11.0 30.0 32.0 67.0
101 126.0 182.0 188.0 157.0 139.0 47.0 45.0 67.0 65.0 92.0 94.0 17.0
103 127.0 183.0 189.0 158.0 140.0 46.0 44.0 69.0 66.0 93.0 95.0 16.0
104 152.0 192.0 214.0 183.0 165.0 21.0 28.0 98.0 96.0 123.0 125.0 44.0
105 141.0 189.0 203.0 172.0 154.0 25.0 23.0 87.0 85.0 112.0 113.0 33.0
106 146.0 194.0 208.0 177.0 159.0 19.0 17.0 92.0 90.0 117.0 118.0 27.0
107 136.0 193.0 199.0 168.0 149.0 36.0 34.0 78.0 76.0 103.0 104.0 18.0
108 140.0 195.0 202.0 171.0 153.0 32.0 30.0 81.0 79.0 106.0 107.0 17.0
110 159.0 198.0 221.0 190.0 172.0 3.0 9.0 106.0 103.0 130.0 132.0 43.0
114 156.0 203.0 218.0 187.0 169.0 8.0 4.0 102.0 100.0 127.0 129.0 40.0

#distancia entre alojamientos y puentes
: 2 4 8 13 15 21 22 25 29 33 35 36 37 39 44 48 49 50 51 52 57 59 62 63 64 70 71 73 74 75 76 77 78 80 86 87 88 89 92 93 98 101 103 104 105 106 107 108 110 114:=
122 53.0 69.0 76.0 91.0 72.0 2.0 3.0 16.0 44.0 38.0 28.0 10.0 37.0 39.0 43.0 50.0 79.0 87.0 79.0 81.0 45.0 39.0 49.0 56.0 45.0 106.0 106.0 110.0 73.0 73.0 66.0 69.0 68.0 73.0 77.0 76.0 69.0 104.0 147.0 81.0 76.0 127.0 128.0 153.0 142.0 146.0 138.0 141.0 161.0 158.0
124 93.0 108.0 132.0 135.0 128.0 60.0 65.0 72.0 55.0 50.0 39.0 65.0 30.0 31.0 27.0 23.0 18.0 26.0 18.0 19.0 29.0 31.0 23.0 30.0 27.0 161.0 161.0 166.0 129.0 130.0 122.0 125.0 124.0 129.0 133.0 132.0 125.0 160.0 192.0 137.0 132.0 182.0 183.0 179.0 187.0 191.0 192.0 193.0 195.0 201.0
126 54.0 39.0 50.0 38.0 59.0 110.0 104.0 122.0 71.0 74.0 85.0 117.0 99.0 99.0 102.0 113.0 140.0 149.0 140.0 142.0 107.0 101.0 109.0 116.0 105.0 167.0 167.0 166.0 124.0 123.0 122.0 125.0 124.0 84.0 116.0 112.0 106.0 158.0 208.0 137.0 132.0 188.0 189.0 214.0 203.0 208.0 199.0 202.0 222.0 219.0
128 24.0 8.0 17.0 21.0 28.0 79.0 74.0 91.0 65.0 67.0 78.0 87.0 93.0 92.0 95.0 106.0 134.0 142.0 134.0 135.0 101.0 94.0 102.0 109.0 98.0 137.0 137.0 136.0 93.0 92.0 91.0 95.0 94.0 54.0 86.0 82.0 76.0 127.0 178.0 106.0 102.0 157.0 159.0 183.0 173.0 177.0 168.0 171.0 191.0 188.0
129 43.0 28.0 5.0 20.0 10.0 71.0 75.0 73.0 84.0 86.0 97.0 68.0 103.0 105.0 109.0 116.0 145.0 153.0 145.0 147.0 111.0 105.0 115.0 122.0 111.0 118.0 118.0 118.0 75.0 74.0 73.0 77.0 76.0 35.0 67.0 63.0 57.0 109.0 160.0 88.0 83.0 139.0 140.0 165.0 154.0 159.0 150.0 153.0 173.0 170.0
130 214.0 201.0 179.0 194.0 175.0 161.0 165.0 163.0 206.0 200.0 189.0 158.0 183.0 195.0 193.0 180.0 217.0 225.0 217.0 219.0 172.0 181.0 190.0 197.0 193.0 57.0 58.0 76.0 111.0 112.0 113.0 114.0 111.0 151.0 119.0 123.0 129.0 100.0 21.0 98.0 102.0 47.0 45.0 21.0 24.0 19.0 36.0 33.0 3.0 8.0
131 212.0 199.0 177.0 192.0 173.0 159.0 163.0 161.0 204.0 198.0 187.0 156.0 189.0 193.0 197.0 186.0 223.0 232.0 223.0 225.0 178.0 187.0 196.0 203.0 199.0 55.0 56.0 74.0 109.0 110.0 111.0 112.0 109.0 149.0 117.0 121.0 127.0 98.0 19.0 96.0 100.0 45.0 43.0 28.0 22.0 17.0 34.0 31.0 9.0 4.0
137 120.0 104.0 82.0 97.0 79.0 72.0 76.0 75.0 117.0 112.0 101.0 70.0 104.0 107.0 110.0 118.0 146.0 155.0 146.0 148.0 112.0 106.0 116.0 123.0 112.0 52.0 53.0 40.0 2.0 2.0 8.0 6.0 6.0 42.0 10.0 13.0 20.0 34.0 93.0 14.0 10.0 68.0 69.0 99.0 88.0 92.0 79.0 82.0 107.0 103.0
140 123.0 108.0 86.0 101.0 82.0 76.0 80.0 78.0 121.0 116.0 105.0 74.0 108.0 110.0 114.0 122.0 150.0 158.0 150.0 152.0 116.0 110.0 120.0 127.0 116.0 50.0 51.0 37.0 5.0 6.0 12.0 10.0 9.0 46.0 14.0 17.0 24.0 31.0 91.0 14.0 10.0 66.0 67.0 96.0 86.0 90.0 77.0 80.0 104.0 101.0
143 109.0 94.0 71.0 87.0 68.0 77.0 81.0 80.0 122.0 117.0 106.0 75.0 109.0 111.0 115.0 123.0 151.0 160.0 151.0 153.0 117.0 111.0 121.0 128.0 117.0 77.0 79.0 65.0 22.0 21.0 27.0 27.0 27.0 32.0 15.0 11.0 11.0 56.0 118.0 36.0 31.0 93.0 94.0 124.0 113.0 117.0 104.0 107.0 132.0 129.0
144 110.0 95.0 73.0 88.0 69.0 78.0 82.0 81.0 123.0 118.0 107.0 76.0 110.0 113.0 116.0 124.0 153.0 161.0 152.0 154.0 119.0 112.0 122.0 129.0 118.0 78.0 80.0 66.0 23.0 23.0 28.0 28.0 28.0 33.0 16.0 12.0 12.0 58.0 120.0 37.0 33.0 94.0 96.0 125.0 114.0 119.0 105.0 108.0 133.0 130.0
146 180.0 167.0 144.0 160.0 141.0 126.0 130.0 129.0 171.0 166.0 155.0 124.0 158.0 160.0 164.0 157.0 194.0 202.0 194.0 196.0 149.0 158.0 167.0 174.0 166.0 22.0 24.0 45.0 76.0 77.0 78.0 80.0 76.0 117.0 85.0 88.0 94.0 65.0 36.0 63.0 68.0 16.0 15.0 43.0 33.0 27.0 18.0 19.0 43.0 40.0

#distancia entre depositos y puentes
: 2 4 8 13 15 21 22 25 29 33 35 36 37 39 44 48 49 50 51 52 57 59 62 63 64 70 71 73 74 75 76 77 78 80 86 87 88 89 92 93 98 101 103 104 105 106 107 108 110 114:=
0 60.0 75.0 99.0 101.0 96.0 27.0 33.0 39.0 22.0 16.0 5.0 33.0 11.0 10.0 14.0 23.0 51.0 60.0 51.0 53.0 19.0 13.0 20.0 27.0 16.0 129.0 130.0 133.0 96.0 97.0 89.0 92.0 92.0 96.0 101.0 99.0 92.0 128.0 171.0 104.0 99.0 150.0 151.0 170.0 165.0 170.0 161.0 164.0 184.0 181.0
1 141.0 125.0 103.0 118.0 100.0 91.0 96.0 94.0 136.0 131.0 120.0 89.0 123.0 126.0 129.0 135.0 166.0 174.0 165.0 167.0 127.0 125.0 135.0 143.0 131.0 38.0 40.0 26.0 23.0 24.0 27.0 27.0 25.0 63.0 31.0 35.0 41.0 12.0 80.0 15.0 17.0 54.0 55.0 85.0 74.0 79.0 65.0 68.0 93.0 90.0

#distancia entre puentes y depositos
: 0 1:=
2 59.0 140.0
4 75.0 124.0
8 99.0 102.0
13 101.0 117.0
15 96.0 99.0
21 27.0 91.0
22 33.0 96.0
25 38.0 94.0
29 22.0 137.0
33 16.0 131.0
35 5.0 120.0
36 33.0 88.0
37 11.0 124.0
39 10.0 126.0
44 13.0 129.0
48 24.0 134.0
49 77.0 191.0
50 59.0 174.0
51 51.0 166.0
52 75.0 190.0
57 19.0 125.0
59 12.0 126.0
62 20.0 136.0
63 27.0 143.0
64 15.0 131.0
70 128.0 38.0
71 129.0 39.0
73 132.0 26.0
74 96.0 23.0
75 96.0 24.0
76 89.0 27.0
77 92.0 29.0
78 91.0 25.0
80 95.0 62.0
86 99.0 30.0
87 98.0 34.0
88 91.0 40.0
89 127.0 12.0
92 169.0 79.0
93 103.0 15.0
98 99.0 17.0
101 149.0 54.0
103 150.0 55.0
104 175.0 85.0
105 164.0 73.0
106 169.0 78.0
107 160.0 64.0
108 163.0 67.0
110 182.0 92.0
114 179.0 89.0

;