set O:= 0 1;
set N:= 2 8 13 22 25 44 52 57 71 75 78 88 98 107 114;
set M:= 128 129 130 140 147;
set K:= 1 2 3;
param D:= 100;
param Q:= 540;
param v:= 2000000;
param f:= 
128 39740
129 42028
130 45000
140 48596
147 45000
;
param:	xcoord ycoord w q:=
0 -32.75044 -70.72613 0 1 
1 -33.0433 -71.624 0 1 
2 -32.5191 -70.92373 38 1 
8 -32.44708 -71.19315 110 1 
13 -32.34055 -71.17481 99 1 
22 -32.75643 -70.94537 48 1 
25 -32.86219 -70.89013 69 1 
44 -32.76742 -70.61154 38 1 
52 -32.90338 -70.26912 86 1 
57 -32.89552 -70.6746 98 1 
71 -33.29475 -71.41066 32 1 
75 -32.91508 -71.49869 66 1 
78 -32.93288 -71.46643 63 1 
88 -32.80869 -71.44189 36 1 
98 -32.98749 -71.50073 83 1 
107 -33.42116 -71.69462 116 1 
114 -33.63163 -71.61037 97 1 
128 -32.43019 -71.07467 0 1 
129 -32.44456 -71.22894 0 1 
130 -33.65802 -71.56785 0 1 
140 -32.93024 -71.55027 0 1 
147 -33.32534 -71.38598 0 1 
;
param d[*,*]
#distancia de viaje entre puentes
: 2 8 13 22 25 44 52 57 71 75 78 88 98 107 114:=
2 0.0 41.0 42.0 50.0 70.0 72.0 112.0 77.0 159.0 116.0 118.0 99.0 126.0 190.0 210.0
8 41.0 0.0 20.0 79.0 77.0 112.0 151.0 115.0 122.0 78.0 80.0 61.0 88.0 154.0 174.0
13 42.0 20.0 0.0 92.0 93.0 113.0 154.0 119.0 138.0 94.0 95.0 77.0 103.0 169.0 189.0
22 50.0 78.0 92.0 0.0 20.0 46.0 84.0 48.0 109.0 76.0 71.0 72.0 79.0 140.0 160.0
25 70.0 77.0 92.0 20.0 0.0 52.0 90.0 44.0 108.0 75.0 70.0 70.0 78.0 139.0 159.0
44 71.0 112.0 113.0 45.0 52.0 0.0 46.0 22.0 142.0 110.0 104.0 105.0 112.0 174.0 193.0
52 133.0 172.0 175.0 106.0 113.0 68.0 0.0 70.0 202.0 170.0 165.0 166.0 173.0 232.0 241.0
57 77.0 114.0 119.0 48.0 44.0 22.0 48.0 0.0 132.0 112.0 107.0 108.0 115.0 163.0 172.0
71 158.0 122.0 138.0 108.0 107.0 142.0 180.0 133.0 0.0 56.0 55.0 73.0 47.0 41.0 53.0
75 117.0 79.0 95.0 76.0 74.0 110.0 148.0 112.0 57.0 0.0 5.0 17.0 10.0 82.0 107.0
78 119.0 81.0 96.0 71.0 69.0 105.0 143.0 107.0 56.0 5.0 0.0 19.0 9.0 81.0 106.0
88 100.0 62.0 78.0 71.0 69.0 105.0 143.0 107.0 74.0 17.0 18.0 0.0 26.0 99.0 124.0
98 126.0 89.0 104.0 79.0 77.0 112.0 150.0 115.0 48.0 9.0 8.0 26.0 0.0 73.0 98.0
107 189.0 154.0 169.0 140.0 138.0 173.0 211.0 164.0 41.0 82.0 81.0 98.0 72.0 0.0 30.0
114 209.0 173.0 188.0 159.0 157.0 193.0 221.0 174.0 52.0 106.0 105.0 123.0 96.0 30.0 0.0

#distancia viaje entre puentes y alojamientos
: 128 129 130 140 147:=
2 24.0 43.0 216.0 123.0 164.0
8 17.0 5.0 180.0 85.0 128.0
13 21.0 21.0 195.0 100.0 144.0
22 74.0 74.0 166.0 81.0 115.0
25 91.0 73.0 165.0 79.0 114.0
44 95.0 108.0 191.0 114.0 148.0
52 157.0 168.0 239.0 175.0 199.0
57 101.0 110.0 169.0 117.0 130.0
71 136.0 118.0 59.0 51.0 7.0
75 94.0 75.0 113.0 6.0 63.0
78 95.0 77.0 112.0 10.0 62.0
88 77.0 58.0 130.0 23.0 79.0
98 103.0 84.0 104.0 11.0 53.0
107 168.0 149.0 36.0 76.0 41.0
114 187.0 169.0 8.0 100.0 50.0

#distancia entre alojamientos y puentes
: 2 8 13 22 25 44 52 57 71 75 78 88 98 107 114:=
128 24.0 17.0 21.0 74.0 91.0 95.0 135.0 101.0 137.0 92.0 94.0 76.0 102.0 168.0 188.0
129 43.0 5.0 20.0 75.0 73.0 109.0 147.0 111.0 118.0 74.0 76.0 57.0 83.0 150.0 170.0
130 214.0 179.0 194.0 165.0 163.0 193.0 219.0 172.0 58.0 112.0 111.0 129.0 102.0 36.0 8.0
140 123.0 86.0 101.0 80.0 78.0 114.0 152.0 116.0 51.0 6.0 9.0 24.0 10.0 77.0 101.0
147 163.0 127.0 143.0 113.0 112.0 147.0 181.0 134.0 5.0 61.0 60.0 78.0 52.0 40.0 51.0

#distancia entre depositos y puentes
: 2 8 13 22 25 44 52 57 71 75 78 88 98 107 114:=
0 60.0 99.0 101.0 33.0 39.0 14.0 53.0 19.0 130.0 97.0 92.0 92.0 99.0 161.0 181.0
1 141.0 103.0 118.0 96.0 94.0 129.0 167.0 127.0 40.0 24.0 25.0 41.0 17.0 65.0 90.0

#distancia entre puentes y depositos
: 0 1:=
2 59.0 140.0
8 99.0 102.0
13 101.0 117.0
22 33.0 96.0
25 38.0 94.0
44 13.0 129.0
52 75.0 190.0
57 19.0 125.0
71 129.0 39.0
75 96.0 24.0
78 91.0 25.0
88 91.0 40.0
98 99.0 17.0
107 160.0 64.0
114 179.0 89.0

;