set O:= 0 1;
set N:= 3 8 14 20 22 26 29 33 35 36 37 44 48 50 71 77 84 86 92 103 105 106 111 114 115;
set M:= 122 123 128 129 130 131 134 137 140 144;
set K:= 1 2 3 4 5;
param D:= 100;
param Q:= 540;
param v:= 2000000;
param f:= 
122 24000
123 26037
128 39740
129 42028
130 45000
131 73862
134 96841
137 27856
140 48596
144 52000
;
param:	xcoord ycoord w q:=
0 -32.75044 -70.72613 0 1 
1 -33.0433 -71.624 0 1 
3 -32.35092 -70.79153 105 1 
8 -32.44708 -71.19315 110 1 
14 -32.51115 -71.42049 30 1 
20 -32.69998 -70.93128 51 1 
22 -32.75643 -70.94537 48 1 
26 -32.84855 -70.98046 116 1 
29 -32.58297 -70.73334 108 1 
33 -32.62252 -70.72251 72 1 
35 -32.7126 -70.74393 65 1 
36 -32.83944 -71.00021 66 1 
37 -32.81691 -70.71195 53 1 
44 -32.76742 -70.61154 38 1 
48 -32.88608 -70.59211 103 1 
50 -32.87857 -70.20821 39 1 
71 -33.29475 -71.41066 32 1 
77 -32.9314 -71.47561 30 1 
84 -32.86028 -71.45447 70 1 
86 -32.86452 -71.49062 87 1 
92 -33.58655 -71.52943 57 1 
103 -33.35491 -71.65289 40 1 
105 -33.53115 -71.54035 119 1 
106 -33.53398 -71.59339 54 1 
111 -33.77523 -71.42462 65 1 
114 -33.63163 -71.61037 97 1 
115 -33.93803 -71.7365 56 1 
122 -32.77961 -70.95976 0 1 
123 -32.88254 -71.09009 0 1 
128 -32.43019 -71.07467 0 1 
129 -32.44456 -71.22894 0 1 
130 -33.65802 -71.56785 0 1 
131 -33.65502 -71.62965 0 1 
134 -33.61172 -71.60733 0 1 
137 -32.91915 -71.52057 0 1 
140 -32.93024 -71.55027 0 1 
144 -32.77144 -71.53401 0 1 
;
param d[*,*]
#distancia de viaje entre puentes
: 3 8 14 20 22 26 29 33 35 36 37 44 48 50 71 77 84 86 92 103 105 106 111 114 115:=
3 0.0 51.0 74.0 75.0 79.0 90.0 41.0 43.0 54.0 90.0 68.0 71.0 82.0 118.0 171.0 129.0 116.0 120.0 212.0 192.0 207.0 211.0 238.0 222.0 269.0
8 51.0 0.0 26.0 86.0 79.0 69.0 82.0 84.0 95.0 73.0 107.0 112.0 120.0 157.0 122.0 81.0 68.0 71.0 164.0 144.0 158.0 163.0 196.0 174.0 221.0
14 74.0 26.0 0.0 94.0 87.0 78.0 105.0 108.0 112.0 81.0 115.0 121.0 129.0 166.0 120.0 65.0 52.0 56.0 160.0 136.0 154.0 159.0 192.0 170.0 217.0
20 75.0 85.0 94.0 0.0 7.0 20.0 54.0 49.0 39.0 20.0 47.0 53.0 61.0 98.0 116.0 79.0 82.0 87.0 157.0 138.0 152.0 156.0 189.0 167.0 214.0
22 79.0 78.0 87.0 7.0 0.0 13.0 47.0 42.0 32.0 13.0 40.0 46.0 54.0 91.0 109.0 72.0 75.0 80.0 150.0 131.0 145.0 149.0 182.0 160.0 208.0
26 96.0 76.0 85.0 26.0 20.0 0.0 59.0 53.0 42.0 12.0 46.0 52.0 58.0 96.0 107.0 70.0 73.0 78.0 148.0 129.0 143.0 147.0 180.0 158.0 205.0
29 41.0 82.0 105.0 54.0 47.0 53.0 0.0 6.0 17.0 54.0 32.0 34.0 45.0 81.0 150.0 113.0 117.0 121.0 191.0 172.0 186.0 190.0 201.0 202.0 243.0
33 43.0 84.0 107.0 49.0 42.0 47.0 6.0 0.0 11.0 47.0 26.0 28.0 39.0 75.0 144.0 107.0 111.0 115.0 186.0 166.0 180.0 185.0 195.0 196.0 237.0
35 54.0 95.0 112.0 38.0 32.0 36.0 17.0 11.0 0.0 37.0 15.0 17.0 28.0 64.0 133.0 96.0 100.0 104.0 175.0 155.0 169.0 174.0 184.0 185.0 226.0
36 91.0 70.0 79.0 21.0 14.0 4.0 54.0 48.0 37.0 0.0 40.0 46.0 54.0 91.0 101.0 64.0 67.0 72.0 142.0 123.0 137.0 141.0 174.0 152.0 200.0
37 69.0 106.0 115.0 47.0 40.0 40.0 32.0 26.0 15.0 40.0 0.0 21.0 17.0 55.0 137.0 100.0 103.0 108.0 175.0 159.0 169.0 174.0 172.0 183.0 214.0
44 71.0 112.0 121.0 52.0 45.0 45.0 34.0 28.0 17.0 45.0 20.0 0.0 18.0 53.0 142.0 105.0 109.0 113.0 183.0 164.0 178.0 183.0 183.0 193.0 225.0
48 82.0 120.0 129.0 61.0 54.0 53.0 45.0 39.0 28.0 54.0 17.0 18.0 0.0 48.0 141.0 114.0 117.0 122.0 172.0 163.0 167.0 172.0 170.0 181.0 212.0
50 117.0 157.0 166.0 97.0 91.0 90.0 80.0 75.0 64.0 91.0 55.0 52.0 48.0 0.0 186.0 150.0 154.0 159.0 217.0 208.0 212.0 217.0 215.0 226.0 257.0
71 170.0 122.0 120.0 115.0 108.0 98.0 149.0 144.0 133.0 102.0 136.0 142.0 142.0 187.0 0.0 59.0 67.0 64.0 42.0 31.0 37.0 42.0 74.0 53.0 100.0
77 130.0 82.0 66.0 79.0 72.0 62.0 113.0 107.0 96.0 65.0 100.0 106.0 113.0 150.0 60.0 0.0 13.0 17.0 100.0 76.0 94.0 99.0 131.0 110.0 157.0
84 117.0 69.0 53.0 82.0 75.0 65.0 116.0 111.0 100.0 69.0 103.0 109.0 117.0 153.0 68.0 13.0 0.0 5.0 107.0 83.0 102.0 106.0 139.0 118.0 165.0
86 121.0 73.0 57.0 85.0 78.0 68.0 119.0 114.0 103.0 72.0 106.0 112.0 120.0 157.0 64.0 12.0 6.0 0.0 104.0 80.0 98.0 103.0 135.0 114.0 161.0
92 211.0 163.0 160.0 156.0 149.0 139.0 190.0 184.0 174.0 143.0 177.0 183.0 175.0 220.0 42.0 98.0 107.0 104.0 0.0 36.0 7.0 12.0 36.0 16.0 63.0
103 192.0 144.0 136.0 137.0 130.0 120.0 171.0 165.0 155.0 124.0 158.0 164.0 163.0 208.0 31.0 75.0 83.0 80.0 36.0 0.0 33.0 27.0 68.0 40.0 87.0
105 206.0 158.0 154.0 151.0 144.0 134.0 185.0 179.0 168.0 137.0 171.0 177.0 169.0 214.0 37.0 93.0 101.0 98.0 8.0 32.0 0.0 7.0 39.0 19.0 66.0
106 211.0 163.0 159.0 156.0 149.0 139.0 190.0 184.0 173.0 142.0 177.0 183.0 174.0 219.0 42.0 98.0 106.0 103.0 12.0 26.0 7.0 0.0 43.0 13.0 60.0
111 241.0 194.0 191.0 187.0 180.0 170.0 203.0 198.0 187.0 174.0 175.0 185.0 172.0 218.0 73.0 129.0 138.0 134.0 36.0 66.0 38.0 42.0 0.0 36.0 83.0
114 221.0 173.0 169.0 166.0 159.0 149.0 200.0 194.0 183.0 153.0 185.0 193.0 183.0 228.0 52.0 108.0 117.0 113.0 15.0 40.0 19.0 13.0 36.0 0.0 47.0
115 268.0 220.0 217.0 213.0 206.0 196.0 247.0 241.0 230.0 200.0 218.0 228.0 215.0 260.0 99.0 156.0 164.0 161.0 63.0 87.0 66.0 61.0 83.0 47.0 0.0

#distancia viaje entre puentes y alojamientos
: 122 123 128 129 130 131 134 137 140 144:=
3 81.0 106.0 34.0 53.0 228.0 226.0 220.0 129.0 133.0 120.0
8 76.0 63.0 17.0 5.0 180.0 178.0 172.0 81.0 85.0 71.0
14 84.0 72.0 40.0 22.0 176.0 174.0 168.0 65.0 69.0 56.0
20 10.0 36.0 70.0 81.0 173.0 171.0 165.0 83.0 87.0 90.0
22 4.0 29.0 74.0 74.0 166.0 164.0 158.0 77.0 81.0 83.0
26 16.0 25.0 90.0 72.0 164.0 162.0 156.0 74.0 78.0 81.0
29 44.0 69.0 65.0 84.0 207.0 205.0 199.0 118.0 122.0 125.0
33 38.0 63.0 67.0 86.0 202.0 200.0 194.0 112.0 116.0 119.0
35 28.0 52.0 78.0 97.0 191.0 189.0 183.0 101.0 105.0 108.0
36 11.0 19.0 85.0 66.0 158.0 156.0 150.0 69.0 73.0 75.0
37 37.0 55.0 93.0 102.0 180.0 187.0 183.0 105.0 109.0 111.0
44 42.0 61.0 95.0 108.0 191.0 197.0 192.0 110.0 114.0 117.0
48 50.0 69.0 106.0 116.0 178.0 185.0 180.0 118.0 122.0 125.0
50 87.0 106.0 142.0 153.0 223.0 230.0 226.0 155.0 159.0 162.0
71 105.0 92.0 136.0 118.0 59.0 57.0 50.0 53.0 51.0 79.0
77 69.0 55.0 96.0 78.0 116.0 114.0 108.0 10.0 14.0 32.0
84 72.0 58.0 83.0 65.0 123.0 121.0 115.0 13.0 17.0 19.0
86 75.0 62.0 87.0 69.0 120.0 118.0 112.0 9.0 13.0 16.0
92 146.0 132.0 177.0 159.0 22.0 20.0 14.0 92.0 90.0 119.0
103 127.0 114.0 158.0 140.0 46.0 44.0 38.0 69.0 66.0 95.0
105 141.0 127.0 172.0 154.0 25.0 23.0 17.0 87.0 85.0 113.0
106 146.0 132.0 177.0 159.0 19.0 17.0 11.0 92.0 90.0 118.0
111 177.0 163.0 208.0 190.0 33.0 40.0 36.0 123.0 121.0 150.0
114 156.0 142.0 187.0 169.0 8.0 4.0 2.0 102.0 100.0 129.0
115 203.0 190.0 234.0 216.0 55.0 48.0 50.0 150.0 147.0 176.0

#distancia entre alojamientos y puentes
: 3 8 14 20 22 26 29 33 35 36 37 44 48 50 71 77 84 86 92 103 105 106 111 114 115:=
122 81.0 76.0 84.0 10.0 3.0 10.0 44.0 38.0 28.0 10.0 37.0 43.0 50.0 87.0 106.0 69.0 73.0 77.0 147.0 128.0 142.0 146.0 179.0 158.0 205.0
123 106.0 63.0 72.0 36.0 29.0 18.0 69.0 63.0 52.0 21.0 55.0 61.0 69.0 106.0 92.0 55.0 59.0 63.0 133.0 114.0 128.0 132.0 165.0 144.0 191.0
128 34.0 17.0 40.0 70.0 74.0 83.0 65.0 67.0 78.0 87.0 93.0 95.0 106.0 142.0 137.0 95.0 82.0 86.0 178.0 159.0 173.0 177.0 210.0 188.0 235.0
129 53.0 5.0 22.0 82.0 75.0 65.0 84.0 86.0 97.0 68.0 103.0 109.0 116.0 153.0 118.0 77.0 64.0 67.0 160.0 140.0 154.0 159.0 191.0 170.0 217.0
130 227.0 179.0 175.0 172.0 165.0 155.0 206.0 200.0 189.0 158.0 183.0 193.0 180.0 225.0 58.0 114.0 122.0 119.0 21.0 45.0 24.0 19.0 33.0 8.0 55.0
131 225.0 177.0 173.0 170.0 163.0 153.0 204.0 198.0 187.0 156.0 189.0 197.0 186.0 232.0 56.0 112.0 120.0 117.0 19.0 43.0 22.0 17.0 40.0 4.0 48.0
134 219.0 170.0 167.0 163.0 157.0 147.0 197.0 192.0 181.0 150.0 184.0 190.0 182.0 227.0 49.0 106.0 114.0 111.0 13.0 37.0 16.0 11.0 36.0 2.0 50.0
137 130.0 82.0 66.0 83.0 76.0 66.0 117.0 112.0 101.0 70.0 104.0 110.0 118.0 155.0 53.0 6.0 14.0 10.0 93.0 69.0 88.0 92.0 125.0 103.0 151.0
140 134.0 86.0 70.0 87.0 80.0 70.0 121.0 116.0 105.0 74.0 108.0 114.0 122.0 158.0 51.0 10.0 17.0 14.0 91.0 67.0 86.0 90.0 123.0 101.0 148.0
144 121.0 73.0 57.0 89.0 82.0 73.0 123.0 118.0 107.0 76.0 110.0 116.0 124.0 161.0 80.0 28.0 19.0 16.0 120.0 96.0 114.0 119.0 151.0 130.0 177.0

#distancia entre depositos y puentes
: 3 8 14 20 22 26 29 33 35 36 37 44 48 50 71 77 84 86 92 103 105 106 111 114 115:=
0 59.0 99.0 108.0 39.0 33.0 32.0 22.0 16.0 5.0 33.0 11.0 14.0 23.0 60.0 130.0 92.0 96.0 101.0 171.0 151.0 165.0 170.0 180.0 181.0 222.0
1 151.0 103.0 87.0 102.0 96.0 86.0 136.0 131.0 120.0 89.0 123.0 129.0 135.0 174.0 40.0 27.0 35.0 31.0 80.0 55.0 74.0 79.0 111.0 90.0 137.0

#distancia entre puentes y depositos
: 0 1:=
3 59.0 150.0
8 99.0 102.0
14 108.0 86.0
20 40.0 103.0
22 33.0 96.0
26 38.0 93.0
29 22.0 137.0
33 16.0 131.0
35 5.0 120.0
36 33.0 88.0
37 11.0 124.0
44 13.0 129.0
48 24.0 134.0
50 59.0 174.0
71 129.0 39.0
77 92.0 29.0
84 95.0 34.0
86 99.0 30.0
92 169.0 79.0
103 150.0 55.0
105 164.0 73.0
106 169.0 78.0
111 183.0 110.0
114 179.0 89.0
115 225.0 136.0

;