set O:= 0 1;
set N:= 3 14 20 22 26 28 29 39 52 70 71 73 74 80 87 88 98 104 106 115;
set M:= 122 124 127 128 129;
set K:= 1 2 3;
param D:= 100;
param Q:= 540;
param v:= 2000000;
param f:= 
122 24000
124 63000
127 25694
128 39740
129 42028
;
param:	xcoord ycoord w q:=
0 -32.75044 -70.72613 0 1 
1 -33.0433 -71.624 0 1 
3 -32.35092 -70.79153 105 1 
14 -32.51115 -71.42049 30 1 
20 -32.69998 -70.93128 51 1 
22 -32.75643 -70.94537 48 1 
26 -32.84855 -70.98046 116 1 
28 -32.86292 -70.94795 99 1 
29 -32.58297 -70.73334 108 1 
39 -32.74002 -70.64044 105 1 
52 -32.90338 -70.26912 86 1 
70 -33.29115 -71.47716 94 1 
71 -33.29475 -71.41066 32 1 
73 -33.20765 -71.57225 80 1 
74 -32.91961 -71.50488 57 1 
80 -32.63102 -71.41979 41 1 
87 -32.83144 -71.47526 89 1 
88 -32.80869 -71.44189 36 1 
98 -32.98749 -71.50073 83 1 
104 -33.61332 -71.40226 39 1 
106 -33.53398 -71.59339 54 1 
115 -33.93803 -71.7365 56 1 
122 -32.77961 -70.95976 0 1 
124 -32.85659 -70.41855 0 1 
127 -32.24898 -70.9333 0 1 
128 -32.43019 -71.07467 0 1 
129 -32.44456 -71.22894 0 1 
;
param d[*,*]
#distancia de viaje entre puentes
: 3 14 20 22 26 28 29 39 52 70 71 73 74 80 87 88 98 104 106 115:=
3 0.0 74.0 75.0 79.0 90.0 94.0 41.0 68.0 111.0 171.0 171.0 170.0 127.0 88.0 115.0 110.0 136.0 217.0 211.0 269.0
14 74.0 0.0 94.0 87.0 78.0 82.0 105.0 118.0 159.0 118.0 120.0 106.0 64.0 24.0 52.0 46.0 72.0 165.0 159.0 217.0
20 75.0 94.0 0.0 7.0 20.0 24.0 54.0 50.0 91.0 116.0 116.0 120.0 82.0 83.0 85.0 79.0 86.0 162.0 156.0 214.0
22 79.0 87.0 7.0 0.0 13.0 17.0 47.0 43.0 84.0 109.0 109.0 113.0 75.0 76.0 79.0 72.0 79.0 155.0 149.0 208.0
26 96.0 85.0 26.0 20.0 0.0 5.0 59.0 48.0 90.0 107.0 107.0 111.0 73.0 74.0 76.0 69.0 77.0 153.0 147.0 205.0
28 93.0 82.0 23.0 17.0 5.0 0.0 56.0 45.0 87.0 104.0 104.0 108.0 70.0 71.0 73.0 67.0 74.0 150.0 144.0 203.0
29 41.0 105.0 54.0 47.0 53.0 57.0 0.0 31.0 75.0 150.0 150.0 154.0 117.0 117.0 120.0 113.0 120.0 190.0 190.0 243.0
39 67.0 117.0 49.0 42.0 42.0 46.0 30.0 0.0 50.0 139.0 139.0 143.0 106.0 106.0 109.0 102.0 109.0 176.0 180.0 228.0
52 133.0 181.0 113.0 106.0 106.0 109.0 96.0 71.0 0.0 201.0 202.0 207.0 169.0 170.0 173.0 166.0 173.0 220.0 232.0 272.0
70 170.0 119.0 115.0 108.0 98.0 103.0 149.0 138.0 180.0 0.0 10.0 25.0 54.0 95.0 66.0 72.0 46.0 47.0 40.0 99.0
71 170.0 120.0 115.0 108.0 98.0 103.0 149.0 138.0 180.0 10.0 0.0 27.0 56.0 96.0 67.0 73.0 47.0 48.0 42.0 100.0
73 170.0 107.0 119.0 112.0 102.0 106.0 153.0 142.0 184.0 25.0 27.0 0.0 42.0 83.0 54.0 60.0 34.0 72.0 57.0 117.0
74 128.0 64.0 82.0 75.0 65.0 70.0 116.0 106.0 147.0 55.0 56.0 43.0 0.0 40.0 12.0 18.0 9.0 101.0 95.0 154.0
80 88.0 24.0 81.0 75.0 65.0 69.0 115.0 105.0 146.0 94.0 96.0 82.0 39.0 0.0 28.0 22.0 48.0 141.0 135.0 193.0
87 117.0 53.0 85.0 78.0 68.0 72.0 119.0 108.0 149.0 66.0 68.0 54.0 12.0 29.0 0.0 8.0 21.0 113.0 107.0 165.0
88 110.0 47.0 78.0 71.0 61.0 65.0 112.0 101.0 143.0 72.0 74.0 60.0 18.0 23.0 8.0 0.0 26.0 119.0 113.0 171.0
98 137.0 73.0 85.0 79.0 69.0 73.0 119.0 109.0 150.0 46.0 48.0 34.0 8.0 49.0 20.0 26.0 0.0 93.0 87.0 145.0
104 217.0 165.0 162.0 155.0 145.0 149.0 196.0 185.0 211.0 47.0 48.0 72.0 101.0 142.0 113.0 119.0 92.0 0.0 24.0 71.0
106 211.0 159.0 156.0 149.0 139.0 143.0 190.0 179.0 213.0 41.0 42.0 56.0 95.0 135.0 107.0 113.0 86.0 25.0 0.0 60.0
115 268.0 217.0 213.0 206.0 196.0 201.0 247.0 231.0 254.0 98.0 99.0 117.0 152.0 193.0 164.0 170.0 144.0 71.0 61.0 0.0

#distancia viaje entre puentes y alojamientos
: 122 124 127 128 129:=
3 81.0 93.0 31.0 34.0 53.0
14 84.0 141.0 72.0 40.0 22.0
20 10.0 73.0 101.0 70.0 81.0
22 4.0 66.0 105.0 74.0 74.0
26 16.0 71.0 122.0 90.0 72.0
28 13.0 68.0 119.0 87.0 69.0
29 44.0 56.0 71.0 65.0 84.0
39 39.0 31.0 98.0 92.0 105.0
52 103.0 42.0 163.0 157.0 168.0
70 105.0 161.0 168.0 136.0 118.0
71 105.0 161.0 168.0 136.0 118.0
73 109.0 165.0 168.0 137.0 118.0
74 72.0 129.0 126.0 94.0 76.0
80 71.0 128.0 85.0 54.0 36.0
87 75.0 131.0 114.0 83.0 64.0
88 68.0 124.0 108.0 77.0 58.0
98 75.0 132.0 134.0 103.0 84.0
104 152.0 192.0 215.0 183.0 165.0
106 146.0 194.0 209.0 177.0 159.0
115 203.0 235.0 266.0 234.0 216.0

#distancia entre alojamientos y puentes
: 3 14 20 22 26 28 29 39 52 70 71 73 74 80 87 88 98 104 106 115:=
122 81.0 84.0 10.0 3.0 10.0 13.0 44.0 39.0 81.0 106.0 106.0 110.0 73.0 73.0 76.0 69.0 76.0 153.0 146.0 205.0
124 92.0 141.0 72.0 65.0 65.0 69.0 55.0 31.0 19.0 161.0 161.0 166.0 129.0 129.0 132.0 125.0 132.0 179.0 191.0 232.0
127 31.0 72.0 101.0 105.0 115.0 119.0 71.0 99.0 142.0 168.0 168.0 167.0 124.0 85.0 113.0 107.0 133.0 215.0 208.0 267.0
128 34.0 40.0 70.0 74.0 83.0 88.0 65.0 92.0 135.0 137.0 137.0 136.0 93.0 54.0 82.0 76.0 102.0 183.0 177.0 235.0
129 53.0 22.0 82.0 75.0 65.0 69.0 84.0 105.0 147.0 118.0 118.0 118.0 75.0 35.0 63.0 57.0 83.0 165.0 159.0 217.0

#distancia entre depositos y puentes
: 3 14 20 22 26 28 29 39 52 70 71 73 74 80 87 88 98 104 106 115:=
0 59.0 108.0 39.0 33.0 32.0 36.0 22.0 10.0 53.0 129.0 130.0 133.0 96.0 96.0 99.0 92.0 99.0 170.0 170.0 222.0
1 151.0 87.0 102.0 96.0 86.0 90.0 136.0 126.0 167.0 38.0 40.0 26.0 23.0 63.0 35.0 41.0 17.0 85.0 79.0 137.0

#distancia entre puentes y depositos
: 0 1:=
3 59.0 150.0
14 108.0 86.0
20 40.0 103.0
22 33.0 96.0
26 38.0 93.0
28 35.0 91.0
29 22.0 137.0
39 10.0 126.0
52 75.0 190.0
70 128.0 38.0
71 129.0 39.0
73 132.0 26.0
74 96.0 23.0
80 95.0 62.0
87 98.0 34.0
88 91.0 40.0
98 99.0 17.0
104 175.0 85.0
106 169.0 78.0
115 225.0 136.0

;