set O:= 0 1;
set N:= 4 10 15 17 22 28 32 33 35 36 39 44 45 48 50 51 52 62 63 69 70 71 73 75 77 80 81 84 85 87 89 98 101 103 105 106 107 108 109 114;
set M:= 123 126 127 130 131 134 140 143 146 147;
set K:= 1 2 3 4 5;
param D:= 100;
param Q:= 540;
param v:= 2000000;
param f:= 
123 26037
126 68517
127 25694
130 45000
131 73862
134 96841
140 48596
143 48720
146 78000
147 45000
;
param:	xcoord ycoord w q:=
0 -32.75044 -70.72613 0 1 
1 -33.0433 -71.624 0 1 
4 -32.44056 -71.00665 106 1 
10 -32.43335 -71.23322 48 1 
15 -32.44511 -71.32299 71 1 
17 -32.34859 -71.07237 51 1 
22 -32.75643 -70.94537 48 1 
28 -32.86292 -70.94795 99 1 
32 -32.66447 -70.697 94 1 
33 -32.62252 -70.72251 72 1 
35 -32.7126 -70.74393 65 1 
36 -32.83944 -71.00021 66 1 
39 -32.74002 -70.64044 105 1 
44 -32.76742 -70.61154 38 1 
45 -32.74039 -70.64 42 1 
48 -32.88608 -70.59211 103 1 
50 -32.87857 -70.20821 39 1 
51 -32.90645 -70.28716 50 1 
52 -32.90338 -70.26912 86 1 
62 -32.76924 -70.56035 84 1 
63 -32.76227 -70.50125 44 1 
69 -33.37956 -71.38904 76 1 
70 -33.29115 -71.47716 94 1 
71 -33.29475 -71.41066 32 1 
73 -33.20765 -71.57225 80 1 
75 -32.91508 -71.49869 66 1 
77 -32.9314 -71.47561 30 1 
80 -32.63102 -71.41979 41 1 
81 -32.68399 -71.39191 70 1 
84 -32.86028 -71.45447 70 1 
85 -32.8625 -71.46772 106 1 
87 -32.83144 -71.47526 89 1 
89 -33.10385 -71.66487 64 1 
98 -32.98749 -71.50073 83 1 
101 -33.34522 -71.64882 59 1 
103 -33.35491 -71.65289 40 1 
105 -33.53115 -71.54035 119 1 
106 -33.53398 -71.59339 54 1 
107 -33.42116 -71.69462 116 1 
108 -33.44564 -71.67852 41 1 
109 -33.44473 -71.67916 117 1 
114 -33.63163 -71.61037 97 1 
123 -32.88254 -71.09009 0 1 
126 -32.25311 -70.93619 0 1 
127 -32.24898 -70.9333 0 1 
130 -33.65802 -71.56785 0 1 
131 -33.65502 -71.62965 0 1 
134 -33.61172 -71.60733 0 1 
140 -32.93024 -71.55027 0 1 
143 -32.78349 -71.53032 0 1 
146 -33.38843 -71.53636 0 1 
147 -33.32534 -71.38598 0 1 
;
param d[*,*]
#distancia de viaje entre puentes
: 4 10 15 17 22 28 32 33 35 36 39 44 45 48 50 51 52 62 63 69 70 71 73 75 77 80 81 84 85 87 89 98 101 103 105 106 107 108 109 114:=
4 0.0 29.0 36.0 20.0 66.0 82.0 66.0 59.0 70.0 79.0 84.0 87.0 84.0 98.0 134.0 126.0 127.0 94.0 101.0 155.0 145.0 145.0 144.0 101.0 103.0 62.0 73.0 90.0 92.0 90.0 136.0 110.0 166.0 167.0 181.0 185.0 176.0 180.0 179.0 196.0
10 30.0 0.0 11.0 30.0 76.0 71.0 95.0 89.0 100.0 70.0 106.0 110.0 106.0 118.0 155.0 146.0 148.0 116.0 123.0 130.0 120.0 120.0 119.0 76.0 78.0 37.0 48.0 65.0 67.0 65.0 110.0 85.0 141.0 142.0 156.0 160.0 151.0 154.0 154.0 171.0
15 37.0 11.0 0.0 41.0 76.0 70.0 102.0 96.0 100.0 69.0 106.0 109.0 106.0 117.0 154.0 145.0 147.0 115.0 123.0 129.0 119.0 119.0 118.0 75.0 78.0 36.0 48.0 65.0 66.0 64.0 110.0 84.0 140.0 141.0 155.0 159.0 151.0 154.0 154.0 171.0
17 20.0 30.0 40.0 0.0 85.0 100.0 86.0 79.0 90.0 99.0 104.0 107.0 104.0 118.0 154.0 145.0 147.0 114.0 121.0 159.0 149.0 149.0 148.0 104.0 107.0 66.0 77.0 94.0 95.0 93.0 139.0 114.0 169.0 170.0 185.0 189.0 180.0 183.0 183.0 200.0
22 66.0 76.0 75.0 85.0 0.0 17.0 41.0 42.0 32.0 13.0 43.0 46.0 43.0 54.0 91.0 82.0 84.0 52.0 59.0 119.0 109.0 109.0 113.0 76.0 72.0 76.0 70.0 75.0 77.0 79.0 107.0 79.0 130.0 131.0 145.0 149.0 140.0 143.0 143.0 160.0
28 82.0 71.0 70.0 100.0 17.0 0.0 48.0 50.0 39.0 9.0 45.0 49.0 45.0 55.0 93.0 85.0 87.0 55.0 62.0 114.0 104.0 104.0 108.0 71.0 67.0 71.0 65.0 70.0 72.0 73.0 102.0 74.0 125.0 126.0 140.0 144.0 135.0 138.0 138.0 155.0
32 66.0 95.0 102.0 86.0 41.0 49.0 0.0 7.0 9.0 45.0 23.0 26.0 23.0 37.0 73.0 65.0 66.0 33.0 40.0 152.0 142.0 142.0 146.0 110.0 105.0 109.0 103.0 109.0 110.0 112.0 140.0 112.0 163.0 164.0 178.0 183.0 174.0 177.0 177.0 194.0
33 59.0 88.0 95.0 79.0 42.0 51.0 7.0 0.0 11.0 47.0 25.0 28.0 25.0 39.0 75.0 67.0 68.0 35.0 42.0 154.0 144.0 144.0 148.0 112.0 107.0 111.0 105.0 111.0 112.0 114.0 143.0 114.0 165.0 166.0 180.0 185.0 176.0 179.0 179.0 196.0
35 70.0 99.0 99.0 90.0 32.0 40.0 9.0 11.0 0.0 37.0 14.0 17.0 14.0 28.0 64.0 56.0 58.0 24.0 31.0 143.0 133.0 133.0 137.0 101.0 96.0 100.0 94.0 100.0 101.0 103.0 132.0 103.0 154.0 155.0 169.0 174.0 165.0 168.0 168.0 185.0
36 79.0 68.0 67.0 97.0 14.0 8.0 46.0 48.0 37.0 0.0 43.0 46.0 43.0 54.0 91.0 82.0 84.0 52.0 60.0 111.0 101.0 101.0 105.0 68.0 64.0 68.0 62.0 67.0 69.0 71.0 99.0 71.0 122.0 123.0 137.0 141.0 132.0 135.0 135.0 152.0
39 83.0 106.0 105.0 103.0 42.0 46.0 23.0 25.0 14.0 42.0 0.0 6.0 0.0 22.0 56.0 48.0 50.0 11.0 18.0 149.0 139.0 139.0 143.0 106.0 102.0 106.0 100.0 106.0 107.0 109.0 137.0 109.0 160.0 161.0 175.0 180.0 171.0 174.0 174.0 191.0
44 87.0 109.0 108.0 106.0 45.0 49.0 26.0 28.0 17.0 45.0 6.0 0.0 6.0 18.0 53.0 44.0 46.0 8.0 15.0 152.0 142.0 142.0 146.0 110.0 105.0 109.0 103.0 109.0 110.0 112.0 140.0 112.0 163.0 164.0 178.0 183.0 174.0 177.0 177.0 193.0
45 83.0 106.0 105.0 103.0 42.0 45.0 22.0 25.0 14.0 42.0 0.0 6.0 0.0 21.0 56.0 48.0 49.0 11.0 18.0 149.0 139.0 139.0 143.0 106.0 102.0 106.0 100.0 106.0 107.0 109.0 137.0 109.0 160.0 161.0 175.0 179.0 171.0 174.0 174.0 191.0
48 98.0 117.0 117.0 118.0 54.0 54.0 37.0 39.0 28.0 54.0 21.0 18.0 21.0 0.0 48.0 40.0 42.0 15.0 22.0 141.0 141.0 141.0 146.0 118.0 114.0 117.0 112.0 117.0 118.0 120.0 146.0 120.0 162.0 163.0 167.0 172.0 172.0 173.0 173.0 181.0
50 133.0 154.0 153.0 153.0 91.0 94.0 73.0 75.0 64.0 91.0 56.0 52.0 56.0 48.0 0.0 8.0 14.0 48.0 55.0 186.0 186.0 186.0 191.0 155.0 150.0 154.0 149.0 154.0 155.0 157.0 186.0 157.0 207.0 208.0 212.0 217.0 217.0 218.0 218.0 226.0
51 125.0 146.0 145.0 145.0 82.0 85.0 64.0 66.0 55.0 82.0 47.0 44.0 47.0 40.0 8.0 0.0 2.0 39.0 46.0 177.0 177.0 178.0 183.0 146.0 142.0 146.0 140.0 145.0 147.0 149.0 177.0 149.0 198.0 199.0 204.0 208.0 208.0 209.0 209.0 217.0
52 149.0 170.0 169.0 169.0 106.0 109.0 88.0 90.0 79.0 106.0 71.0 68.0 71.0 64.0 7.0 3.0 0.0 63.0 70.0 201.0 201.0 202.0 207.0 170.0 166.0 170.0 164.0 169.0 171.0 173.0 201.0 173.0 222.0 223.0 228.0 232.0 232.0 233.0 233.0 241.0
62 94.0 116.0 115.0 114.0 52.0 55.0 33.0 35.0 24.0 52.0 11.0 8.0 11.0 15.0 48.0 40.0 41.0 0.0 7.0 151.0 149.0 149.0 153.0 116.0 112.0 116.0 110.0 115.0 117.0 118.0 147.0 119.0 169.0 171.0 177.0 181.0 180.0 183.0 183.0 191.0
63 101.0 123.0 122.0 121.0 59.0 62.0 40.0 42.0 31.0 59.0 18.0 15.0 18.0 22.0 55.0 47.0 49.0 7.0 0.0 158.0 156.0 156.0 160.0 123.0 119.0 123.0 117.0 122.0 124.0 125.0 154.0 126.0 176.0 178.0 184.0 188.0 187.0 190.0 190.0 198.0
69 155.0 130.0 129.0 159.0 118.0 113.0 152.0 154.0 143.0 112.0 148.0 152.0 148.0 143.0 189.0 180.0 182.0 153.0 160.0 0.0 16.0 10.0 37.0 66.0 69.0 106.0 100.0 77.0 75.0 77.0 54.0 57.0 34.0 33.0 30.0 34.0 36.0 37.0 37.0 45.0
70 144.0 119.0 119.0 149.0 108.0 103.0 141.0 144.0 133.0 102.0 138.0 142.0 138.0 142.0 186.0 178.0 180.0 148.0 155.0 16.0 0.0 10.0 25.0 55.0 58.0 95.0 89.0 66.0 64.0 66.0 43.0 46.0 21.0 22.0 36.0 40.0 32.0 35.0 35.0 52.0
71 145.0 120.0 119.0 149.0 108.0 103.0 142.0 144.0 133.0 102.0 138.0 142.0 138.0 142.0 187.0 178.0 180.0 148.0 155.0 10.0 10.0 0.0 27.0 56.0 59.0 96.0 90.0 67.0 65.0 67.0 44.0 47.0 30.0 31.0 37.0 42.0 41.0 43.0 43.0 53.0
73 145.0 120.0 119.0 149.0 112.0 106.0 145.0 147.0 137.0 106.0 142.0 146.0 142.0 147.0 190.0 182.0 184.0 152.0 159.0 36.0 25.0 27.0 0.0 43.0 45.0 83.0 77.0 54.0 52.0 54.0 31.0 34.0 29.0 30.0 61.0 57.0 40.0 43.0 43.0 70.0
75 102.0 77.0 76.0 106.0 76.0 71.0 109.0 112.0 101.0 70.0 106.0 110.0 106.0 118.0 154.0 146.0 148.0 116.0 123.0 67.0 56.0 57.0 43.0 0.0 6.0 40.0 34.0 11.0 9.0 11.0 35.0 10.0 72.0 73.0 92.0 96.0 82.0 86.0 85.0 107.0
77 104.0 79.0 79.0 108.0 72.0 66.0 105.0 107.0 96.0 65.0 102.0 106.0 102.0 113.0 150.0 142.0 143.0 112.0 119.0 70.0 58.0 60.0 46.0 9.0 0.0 42.0 37.0 13.0 15.0 20.0 40.0 12.0 74.0 76.0 94.0 99.0 85.0 88.0 88.0 110.0
80 62.0 37.0 36.0 66.0 75.0 69.0 108.0 110.0 99.0 68.0 105.0 108.0 105.0 116.0 153.0 144.0 146.0 114.0 122.0 106.0 94.0 96.0 82.0 39.0 41.0 0.0 11.0 28.0 30.0 28.0 74.0 48.0 110.0 112.0 130.0 135.0 121.0 124.0 124.0 146.0
81 81.0 56.0 55.0 85.0 77.0 71.0 110.0 112.0 101.0 70.0 107.0 111.0 107.0 118.0 155.0 147.0 148.0 117.0 124.0 108.0 97.0 98.0 85.0 41.0 44.0 19.0 0.0 31.0 32.0 31.0 76.0 51.0 113.0 114.0 133.0 137.0 124.0 127.0 127.0 148.0
84 91.0 66.0 65.0 95.0 75.0 70.0 108.0 111.0 100.0 69.0 105.0 109.0 105.0 117.0 153.0 145.0 147.0 115.0 122.0 77.0 66.0 68.0 54.0 10.0 13.0 29.0 23.0 0.0 2.0 8.0 45.0 20.0 82.0 83.0 102.0 106.0 93.0 96.0 96.0 118.0
85 95.0 70.0 69.0 99.0 76.0 70.0 109.0 111.0 100.0 70.0 106.0 110.0 106.0 117.0 154.0 146.0 148.0 116.0 123.0 76.0 64.0 66.0 52.0 9.0 14.0 33.0 27.0 4.0 0.0 7.0 44.0 19.0 81.0 82.0 100.0 105.0 91.0 94.0 94.0 116.0
87 91.0 66.0 65.0 95.0 78.0 72.0 111.0 113.0 102.0 71.0 108.0 112.0 108.0 119.0 156.0 148.0 149.0 118.0 125.0 78.0 66.0 68.0 54.0 11.0 16.0 29.0 23.0 10.0 7.0 0.0 46.0 21.0 83.0 84.0 102.0 107.0 93.0 96.0 96.0 118.0
89 137.0 112.0 111.0 141.0 107.0 102.0 141.0 143.0 132.0 101.0 137.0 141.0 137.0 147.0 186.0 177.0 179.0 147.0 154.0 51.0 40.0 42.0 28.0 35.0 39.0 75.0 69.0 46.0 44.0 46.0 0.0 29.0 56.0 57.0 76.0 81.0 67.0 70.0 70.0 92.0
98 111.0 86.0 85.0 115.0 79.0 73.0 112.0 114.0 103.0 72.0 109.0 112.0 109.0 120.0 157.0 148.0 150.0 118.0 126.0 58.0 46.0 48.0 34.0 9.0 12.0 49.0 43.0 20.0 18.0 20.0 28.0 0.0 62.0 64.0 82.0 87.0 73.0 76.0 76.0 98.0
101 165.0 140.0 140.0 169.0 129.0 123.0 162.0 164.0 153.0 123.0 159.0 163.0 159.0 162.0 207.0 199.0 201.0 169.0 176.0 36.0 21.0 30.0 29.0 71.0 73.0 111.0 105.0 82.0 80.0 82.0 59.0 62.0 0.0 1.0 34.0 28.0 11.0 14.0 14.0 41.0
103 166.0 141.0 141.0 171.0 130.0 125.0 163.0 165.0 155.0 124.0 160.0 164.0 160.0 163.0 208.0 200.0 202.0 170.0 177.0 34.0 22.0 31.0 30.0 72.0 75.0 112.0 106.0 83.0 81.0 83.0 60.0 63.0 1.0 0.0 33.0 27.0 10.0 13.0 13.0 40.0
105 180.0 155.0 154.0 184.0 144.0 138.0 177.0 179.0 168.0 137.0 174.0 177.0 174.0 169.0 214.0 206.0 208.0 179.0 186.0 29.0 36.0 37.0 61.0 91.0 93.0 130.0 125.0 101.0 100.0 101.0 78.0 81.0 33.0 32.0 0.0 7.0 24.0 21.0 21.0 19.0
106 185.0 160.0 159.0 189.0 149.0 143.0 182.0 184.0 173.0 142.0 179.0 183.0 179.0 174.0 219.0 211.0 213.0 184.0 191.0 34.0 41.0 42.0 56.0 96.0 98.0 135.0 130.0 106.0 105.0 107.0 84.0 86.0 27.0 26.0 7.0 0.0 17.0 14.0 14.0 13.0
107 176.0 151.0 150.0 180.0 140.0 134.0 173.0 175.0 164.0 133.0 170.0 173.0 170.0 173.0 218.0 209.0 211.0 180.0 187.0 36.0 31.0 41.0 40.0 82.0 84.0 121.0 116.0 92.0 91.0 92.0 69.0 72.0 11.0 9.0 24.0 17.0 0.0 3.0 3.0 30.0
108 179.0 154.0 153.0 183.0 143.0 137.0 176.0 178.0 167.0 136.0 173.0 177.0 173.0 175.0 220.0 211.0 213.0 183.0 190.0 36.0 35.0 42.0 43.0 85.0 87.0 124.0 119.0 95.0 94.0 96.0 72.0 75.0 14.0 13.0 21.0 14.0 3.0 0.0 0.0 27.0
109 179.0 154.0 153.0 183.0 143.0 137.0 176.0 178.0 167.0 136.0 173.0 176.0 173.0 175.0 220.0 211.0 213.0 183.0 190.0 36.0 34.0 42.0 43.0 85.0 87.0 124.0 119.0 95.0 94.0 95.0 72.0 75.0 14.0 13.0 21.0 14.0 3.0 0.0 0.0 27.0
114 195.0 170.0 170.0 199.0 159.0 153.0 192.0 194.0 183.0 153.0 189.0 193.0 189.0 183.0 228.0 219.0 221.0 193.0 200.0 45.0 51.0 52.0 70.0 106.0 108.0 146.0 140.0 117.0 115.0 117.0 94.0 96.0 41.0 40.0 19.0 13.0 30.0 27.0 27.0 0.0

#distancia viaje entre puentes y alojamientos
: 123 126 127 130 131 134 140 143 146 147:=
4 86.0 39.0 40.0 202.0 200.0 194.0 107.0 92.0 166.0 151.0
10 61.0 49.0 49.0 177.0 175.0 169.0 82.0 67.0 141.0 126.0
15 60.0 59.0 60.0 176.0 174.0 168.0 81.0 67.0 140.0 125.0
17 89.0 20.0 20.0 206.0 204.0 198.0 111.0 96.0 170.0 155.0
22 29.0 104.0 105.0 166.0 164.0 158.0 81.0 82.0 130.0 115.0
28 22.0 118.0 119.0 161.0 159.0 153.0 75.0 77.0 125.0 110.0
32 61.0 80.0 80.0 200.0 198.0 192.0 114.0 115.0 163.0 148.0
33 63.0 74.0 73.0 202.0 200.0 194.0 116.0 117.0 165.0 150.0
35 52.0 84.0 84.0 191.0 189.0 183.0 105.0 106.0 155.0 139.0
36 19.0 116.0 116.0 158.0 156.0 150.0 73.0 74.0 122.0 107.0
39 58.0 98.0 98.0 194.0 195.0 188.0 111.0 112.0 160.0 145.0
44 61.0 101.0 101.0 191.0 197.0 192.0 114.0 115.0 163.0 148.0
45 58.0 98.0 98.0 194.0 194.0 188.0 111.0 112.0 160.0 145.0
48 69.0 113.0 113.0 178.0 185.0 180.0 122.0 124.0 154.0 139.0
50 106.0 148.0 148.0 223.0 230.0 226.0 159.0 160.0 199.0 184.0
51 97.0 140.0 139.0 215.0 221.0 217.0 151.0 152.0 191.0 175.0
52 121.0 164.0 163.0 239.0 245.0 241.0 175.0 176.0 215.0 199.0
62 67.0 109.0 108.0 188.0 194.0 190.0 120.0 122.0 164.0 148.0
63 74.0 115.0 115.0 195.0 201.0 197.0 127.0 129.0 171.0 155.0
69 102.0 177.0 178.0 51.0 49.0 43.0 60.0 88.0 18.0 9.0
70 92.0 167.0 168.0 57.0 55.0 49.0 49.0 76.0 21.0 12.0
71 92.0 168.0 168.0 59.0 57.0 50.0 51.0 78.0 24.0 7.0
73 95.0 168.0 168.0 76.0 74.0 68.0 37.0 64.0 46.0 32.0
75 59.0 125.0 125.0 113.0 111.0 105.0 6.0 21.0 77.0 63.0
77 55.0 127.0 128.0 116.0 114.0 108.0 14.0 31.0 79.0 65.0
80 59.0 85.0 85.0 152.0 150.0 144.0 45.0 30.0 115.0 101.0
81 61.0 104.0 104.0 154.0 152.0 146.0 48.0 33.0 118.0 104.0
84 58.0 114.0 115.0 123.0 121.0 115.0 17.0 17.0 87.0 73.0
85 59.0 118.0 118.0 122.0 120.0 114.0 15.0 17.0 86.0 72.0
87 62.0 114.0 114.0 124.0 122.0 116.0 17.0 10.0 88.0 74.0
89 90.0 160.0 161.0 98.0 96.0 89.0 31.0 57.0 61.0 47.0
98 61.0 134.0 134.0 104.0 102.0 96.0 11.0 30.0 67.0 53.0
101 112.0 188.0 189.0 47.0 45.0 39.0 65.0 92.0 17.0 32.0
103 114.0 189.0 190.0 46.0 44.0 38.0 66.0 93.0 16.0 33.0
105 127.0 203.0 204.0 25.0 23.0 17.0 85.0 112.0 33.0 35.0
106 132.0 208.0 209.0 19.0 17.0 11.0 90.0 117.0 27.0 40.0
107 123.0 199.0 199.0 36.0 34.0 28.0 76.0 103.0 18.0 41.0
108 126.0 202.0 203.0 32.0 30.0 24.0 79.0 106.0 17.0 40.0
109 126.0 202.0 202.0 33.0 31.0 25.0 79.0 106.0 17.0 40.0
114 142.0 218.0 219.0 8.0 4.0 2.0 100.0 127.0 40.0 50.0

#distancia entre alojamientos y puentes
: 4 10 15 17 22 28 32 33 35 36 39 44 45 48 50 51 52 62 63 69 70 71 73 75 77 80 81 84 85 87 89 98 101 103 105 106 107 108 109 114:=
123 85.0 60.0 60.0 89.0 29.0 22.0 61.0 63.0 52.0 21.0 58.0 61.0 58.0 69.0 106.0 98.0 99.0 68.0 75.0 102.0 92.0 92.0 96.0 59.0 55.0 60.0 54.0 59.0 60.0 62.0 90.0 62.0 113.0 114.0 128.0 132.0 124.0 127.0 127.0 144.0
126 39.0 48.0 59.0 19.0 104.0 118.0 81.0 74.0 85.0 117.0 99.0 102.0 99.0 113.0 149.0 140.0 142.0 109.0 116.0 177.0 167.0 167.0 166.0 123.0 125.0 84.0 96.0 112.0 114.0 112.0 158.0 132.0 188.0 189.0 203.0 208.0 199.0 202.0 202.0 219.0
127 40.0 49.0 59.0 20.0 105.0 119.0 80.0 73.0 84.0 118.0 99.0 102.0 98.0 112.0 148.0 140.0 142.0 109.0 116.0 178.0 168.0 168.0 167.0 124.0 126.0 85.0 96.0 113.0 115.0 113.0 159.0 133.0 189.0 190.0 204.0 208.0 199.0 203.0 202.0 219.0
130 201.0 176.0 175.0 205.0 165.0 159.0 198.0 200.0 189.0 158.0 195.0 193.0 195.0 180.0 225.0 217.0 219.0 190.0 197.0 50.0 57.0 58.0 76.0 112.0 114.0 151.0 146.0 122.0 121.0 123.0 100.0 102.0 47.0 45.0 24.0 19.0 36.0 33.0 33.0 8.0
131 199.0 174.0 173.0 203.0 163.0 157.0 196.0 198.0 187.0 156.0 193.0 197.0 193.0 186.0 232.0 223.0 225.0 196.0 203.0 48.0 55.0 56.0 74.0 110.0 112.0 149.0 144.0 120.0 119.0 121.0 98.0 100.0 45.0 43.0 22.0 17.0 34.0 31.0 31.0 4.0
134 193.0 168.0 167.0 197.0 157.0 151.0 190.0 192.0 181.0 150.0 187.0 190.0 187.0 182.0 227.0 219.0 221.0 192.0 199.0 42.0 48.0 49.0 68.0 103.0 106.0 143.0 137.0 114.0 112.0 114.0 91.0 94.0 38.0 37.0 16.0 11.0 28.0 25.0 25.0 2.0
140 108.0 83.0 82.0 112.0 80.0 75.0 113.0 116.0 105.0 74.0 110.0 114.0 110.0 122.0 158.0 150.0 152.0 120.0 127.0 61.0 50.0 51.0 37.0 6.0 10.0 46.0 40.0 17.0 15.0 17.0 31.0 10.0 66.0 67.0 86.0 90.0 77.0 80.0 80.0 101.0
143 94.0 69.0 68.0 98.0 81.0 76.0 115.0 117.0 106.0 75.0 111.0 115.0 111.0 123.0 160.0 151.0 153.0 121.0 128.0 88.0 77.0 79.0 65.0 21.0 27.0 32.0 26.0 17.0 17.0 11.0 56.0 31.0 93.0 94.0 113.0 117.0 104.0 107.0 107.0 129.0
146 167.0 142.0 141.0 171.0 130.0 125.0 164.0 166.0 155.0 124.0 160.0 164.0 160.0 157.0 202.0 194.0 196.0 167.0 174.0 18.0 22.0 24.0 45.0 77.0 80.0 117.0 111.0 88.0 86.0 88.0 65.0 68.0 16.0 15.0 33.0 27.0 18.0 19.0 19.0 40.0
147 150.0 125.0 124.0 154.0 113.0 108.0 147.0 149.0 138.0 107.0 143.0 147.0 143.0 142.0 187.0 179.0 181.0 152.0 159.0 9.0 12.0 5.0 32.0 61.0 64.0 101.0 95.0 72.0 70.0 72.0 49.0 52.0 32.0 33.0 35.0 40.0 40.0 41.0 41.0 51.0

#distancia entre depositos y puentes
: 4 10 15 17 22 28 32 33 35 36 39 44 45 48 50 51 52 62 63 69 70 71 73 75 77 80 81 84 85 87 89 98 101 103 105 106 107 108 109 114:=
0 75.0 96.0 96.0 95.0 33.0 36.0 14.0 16.0 5.0 33.0 10.0 14.0 10.0 23.0 60.0 51.0 53.0 20.0 27.0 140.0 129.0 130.0 133.0 97.0 92.0 96.0 91.0 96.0 97.0 99.0 128.0 99.0 150.0 151.0 165.0 170.0 161.0 164.0 164.0 181.0
1 125.0 100.0 100.0 130.0 96.0 90.0 129.0 131.0 120.0 89.0 126.0 129.0 126.0 135.0 174.0 165.0 167.0 135.0 143.0 50.0 38.0 40.0 26.0 24.0 27.0 63.0 58.0 35.0 33.0 35.0 12.0 17.0 54.0 55.0 74.0 79.0 65.0 68.0 68.0 90.0

#distancia entre puentes y depositos
: 0 1:=
4 75.0 124.0
10 97.0 99.0
15 96.0 99.0
17 95.0 128.0
22 33.0 96.0
28 35.0 91.0
32 14.0 129.0
33 16.0 131.0
35 5.0 120.0
36 33.0 88.0
39 10.0 126.0
44 13.0 129.0
45 10.0 126.0
48 24.0 134.0
50 59.0 174.0
51 51.0 166.0
52 75.0 190.0
62 20.0 136.0
63 27.0 143.0
69 138.0 49.0
70 128.0 38.0
71 129.0 39.0
73 132.0 26.0
75 96.0 24.0
77 92.0 29.0
80 95.0 62.0
81 97.0 65.0
84 95.0 34.0
85 96.0 32.0
87 98.0 34.0
89 127.0 12.0
98 99.0 17.0
101 149.0 54.0
103 150.0 55.0
105 164.0 73.0
106 169.0 78.0
107 160.0 64.0
108 163.0 67.0
109 163.0 67.0
114 179.0 89.0

;