set O:= 0 1;
set N:= 4 8 10 13 15 16 17 21 22 26 28 32 33 35 36 39 44 45 48 49 50 51 52 57 59 62 63 69 70 71 73 75 77 78 80 81 84 85 86 87 88 89 92 96 98 100 101 103 104 105 106 107 108 109 110 111 114 115 116 119;
set M:= 122 126 127 128 129 130 131 134 137 140 143 144;
set K:= 1 2 3 4 5 6 7 8 9 10;
param D:= 100;
param Q:= 540;
param v:= 2000000;
param f:= 
122 24000
126 68517
127 25694
128 39740
129 42028
130 45000
131 73862
134 96841
137 27856
140 48596
143 48720
144 52000
;
param:	xcoord ycoord w q:=
0 -32.75044 -70.72613 0 1 
1 -33.0433 -71.624 0 1 
4 -32.44056 -71.00665 106 1 
8 -32.44708 -71.19315 110 1 
10 -32.43335 -71.23322 48 1 
13 -32.34055 -71.17481 99 1 
15 -32.44511 -71.32299 71 1 
16 -32.21823 -70.82151 78 1 
17 -32.34859 -71.07237 51 1 
21 -32.80094 -70.95847 94 1 
22 -32.75643 -70.94537 48 1 
26 -32.84855 -70.98046 116 1 
28 -32.86292 -70.94795 99 1 
32 -32.66447 -70.697 94 1 
33 -32.62252 -70.72251 72 1 
35 -32.7126 -70.74393 65 1 
36 -32.83944 -71.00021 66 1 
39 -32.74002 -70.64044 105 1 
44 -32.76742 -70.61154 38 1 
45 -32.74039 -70.64 42 1 
48 -32.88608 -70.59211 103 1 
49 -32.90731 -70.28602 104 1 
50 -32.87857 -70.20821 39 1 
51 -32.90645 -70.28716 50 1 
52 -32.90338 -70.26912 86 1 
57 -32.89552 -70.6746 98 1 
59 -32.83316 -70.70835 85 1 
62 -32.76924 -70.56035 84 1 
63 -32.76227 -70.50125 44 1 
69 -33.37956 -71.38904 76 1 
70 -33.29115 -71.47716 94 1 
71 -33.29475 -71.41066 32 1 
73 -33.20765 -71.57225 80 1 
75 -32.91508 -71.49869 66 1 
77 -32.9314 -71.47561 30 1 
78 -32.93288 -71.46643 63 1 
80 -32.63102 -71.41979 41 1 
81 -32.68399 -71.39191 70 1 
84 -32.86028 -71.45447 70 1 
85 -32.8625 -71.46772 106 1 
86 -32.86452 -71.49062 87 1 
87 -32.83144 -71.47526 89 1 
88 -32.80869 -71.44189 36 1 
89 -33.10385 -71.66487 64 1 
92 -33.58655 -71.52943 57 1 
96 -32.99633 -71.50138 105 1 
98 -32.98749 -71.50073 83 1 
100 -33.38903 -71.69158 108 1 
101 -33.34522 -71.64882 59 1 
103 -33.35491 -71.65289 40 1 
104 -33.61332 -71.40226 39 1 
105 -33.53115 -71.54035 119 1 
106 -33.53398 -71.59339 54 1 
107 -33.42116 -71.69462 116 1 
108 -33.44564 -71.67852 41 1 
109 -33.44473 -71.67916 117 1 
110 -33.63989 -71.57131 49 1 
111 -33.77523 -71.42462 65 1 
114 -33.63163 -71.61037 97 1 
115 -33.93803 -71.7365 56 1 
116 -33.88859 -71.64141 97 1 
119 -33.8283 -71.64323 81 1 
122 -32.77961 -70.95976 0 1 
126 -32.25311 -70.93619 0 1 
127 -32.24898 -70.9333 0 1 
128 -32.43019 -71.07467 0 1 
129 -32.44456 -71.22894 0 1 
130 -33.65802 -71.56785 0 1 
131 -33.65502 -71.62965 0 1 
134 -33.61172 -71.60733 0 1 
137 -32.91915 -71.52057 0 1 
140 -32.93024 -71.55027 0 1 
143 -32.78349 -71.53032 0 1 
144 -32.77144 -71.53401 0 1 
;
param d[*,*]
#distancia de viaje entre puentes
: 4 8 10 13 15 16 17 21 22 26 28 32 33 35 36 39 44 45 48 49 50 51 52 57 59 62 63 69 70 71 73 75 77 78 80 81 84 85 86 87 88 89 92 96 98 100 101 103 104 105 106 107 108 109 110 111 114 115 116 119:=
4 0.0 25.0 29.0 27.0 36.0 45.0 20.0 71.0 66.0 78.0 82.0 66.0 59.0 70.0 79.0 84.0 87.0 84.0 98.0 126.0 134.0 126.0 127.0 93.0 86.0 94.0 101.0 155.0 145.0 145.0 144.0 101.0 103.0 102.0 62.0 73.0 90.0 92.0 94.0 90.0 84.0 136.0 186.0 114.0 110.0 173.0 166.0 167.0 192.0 181.0 185.0 176.0 180.0 179.0 200.0 218.0 196.0 244.0 236.0 225.0
8 25.0 0.0 4.0 20.0 14.0 62.0 32.0 75.0 79.0 69.0 73.0 91.0 84.0 95.0 73.0 109.0 112.0 109.0 120.0 149.0 157.0 149.0 151.0 115.0 109.0 119.0 126.0 132.0 122.0 122.0 122.0 78.0 81.0 80.0 40.0 51.0 68.0 69.0 71.0 67.0 61.0 113.0 164.0 91.0 88.0 150.0 143.0 144.0 169.0 158.0 163.0 154.0 157.0 157.0 177.0 196.0 174.0 221.0 213.0 203.0
10 30.0 4.0 0.0 19.0 11.0 60.0 30.0 72.0 76.0 66.0 71.0 95.0 89.0 100.0 70.0 106.0 110.0 106.0 118.0 146.0 155.0 146.0 148.0 112.0 106.0 116.0 123.0 130.0 120.0 120.0 119.0 76.0 78.0 77.0 37.0 48.0 65.0 67.0 69.0 65.0 59.0 110.0 161.0 88.0 85.0 148.0 141.0 142.0 166.0 156.0 160.0 151.0 154.0 154.0 175.0 193.0 171.0 219.0 211.0 200.0
13 27.0 20.0 19.0 0.0 29.0 50.0 19.0 90.0 92.0 84.0 89.0 92.0 85.0 96.0 88.0 110.0 113.0 110.0 124.0 152.0 160.0 152.0 154.0 119.0 113.0 120.0 127.0 148.0 138.0 138.0 137.0 94.0 96.0 95.0 55.0 66.0 83.0 85.0 87.0 83.0 77.0 128.0 179.0 106.0 103.0 166.0 159.0 160.0 184.0 174.0 178.0 169.0 172.0 172.0 193.0 211.0 189.0 237.0 229.0 218.0
15 37.0 14.0 11.0 30.0 0.0 71.0 41.0 71.0 76.0 66.0 70.0 102.0 96.0 100.0 69.0 106.0 109.0 106.0 117.0 146.0 154.0 145.0 147.0 112.0 105.0 115.0 123.0 129.0 119.0 119.0 118.0 75.0 78.0 77.0 36.0 48.0 65.0 66.0 68.0 64.0 58.0 110.0 160.0 88.0 84.0 147.0 140.0 141.0 166.0 155.0 159.0 151.0 154.0 154.0 174.0 192.0 171.0 218.0 210.0 199.0
16 45.0 62.0 60.0 49.0 70.0 0.0 31.0 101.0 98.0 108.0 112.0 68.0 61.0 72.0 109.0 86.0 89.0 86.0 100.0 128.0 136.0 128.0 130.0 95.0 89.0 96.0 103.0 189.0 179.0 179.0 178.0 135.0 137.0 136.0 96.0 107.0 124.0 126.0 128.0 124.0 118.0 170.0 220.0 147.0 144.0 207.0 200.0 201.0 226.0 215.0 219.0 210.0 213.0 213.0 234.0 252.0 230.0 278.0 270.0 259.0
17 20.0 31.0 30.0 19.0 40.0 31.0 0.0 91.0 85.0 95.0 100.0 86.0 79.0 90.0 99.0 104.0 107.0 104.0 118.0 146.0 154.0 145.0 147.0 112.0 106.0 114.0 121.0 159.0 149.0 149.0 148.0 104.0 107.0 106.0 66.0 77.0 94.0 95.0 98.0 93.0 88.0 139.0 190.0 117.0 114.0 176.0 169.0 170.0 195.0 185.0 189.0 180.0 183.0 183.0 203.0 222.0 200.0 247.0 239.0 229.0
21 71.0 74.0 71.0 89.0 70.0 101.0 91.0 0.0 6.0 7.0 11.0 39.0 40.0 30.0 7.0 37.0 40.0 37.0 48.0 77.0 85.0 76.0 78.0 43.0 36.0 46.0 53.0 114.0 104.0 104.0 108.0 72.0 67.0 66.0 71.0 65.0 71.0 72.0 75.0 74.0 67.0 103.0 146.0 78.0 74.0 132.0 125.0 126.0 151.0 140.0 145.0 136.0 139.0 139.0 159.0 177.0 156.0 203.0 195.0 185.0
22 66.0 78.0 76.0 92.0 75.0 98.0 85.0 6.0 0.0 13.0 17.0 41.0 42.0 32.0 13.0 43.0 46.0 43.0 54.0 82.0 91.0 82.0 84.0 48.0 42.0 52.0 59.0 119.0 109.0 109.0 113.0 76.0 72.0 71.0 76.0 70.0 75.0 77.0 80.0 79.0 72.0 107.0 150.0 82.0 79.0 137.0 130.0 131.0 155.0 145.0 149.0 140.0 143.0 143.0 164.0 182.0 160.0 208.0 200.0 189.0
26 85.0 76.0 73.0 92.0 73.0 114.0 103.0 14.0 20.0 0.0 5.0 51.0 53.0 42.0 12.0 48.0 52.0 48.0 58.0 88.0 96.0 88.0 90.0 49.0 48.0 58.0 65.0 117.0 107.0 107.0 111.0 74.0 70.0 69.0 74.0 68.0 73.0 75.0 78.0 76.0 69.0 105.0 148.0 80.0 77.0 134.0 127.0 129.0 153.0 143.0 147.0 138.0 141.0 141.0 161.0 180.0 158.0 205.0 198.0 187.0
28 82.0 73.0 71.0 89.0 70.0 111.0 100.0 11.0 17.0 5.0 0.0 48.0 50.0 39.0 9.0 45.0 49.0 45.0 55.0 85.0 93.0 85.0 87.0 47.0 45.0 55.0 62.0 114.0 104.0 104.0 108.0 71.0 67.0 66.0 71.0 65.0 70.0 72.0 75.0 73.0 67.0 102.0 145.0 77.0 74.0 132.0 125.0 126.0 150.0 140.0 144.0 135.0 138.0 138.0 159.0 177.0 155.0 203.0 195.0 184.0
32 66.0 91.0 95.0 92.0 102.0 68.0 86.0 39.0 41.0 45.0 49.0 0.0 7.0 9.0 45.0 23.0 26.0 23.0 37.0 65.0 73.0 65.0 66.0 32.0 25.0 33.0 40.0 152.0 142.0 142.0 146.0 110.0 105.0 104.0 109.0 103.0 109.0 110.0 113.0 112.0 105.0 140.0 184.0 116.0 112.0 170.0 163.0 164.0 182.0 178.0 183.0 174.0 177.0 177.0 197.0 193.0 194.0 235.0 221.0 223.0
33 59.0 84.0 88.0 85.0 95.0 61.0 79.0 40.0 42.0 47.0 51.0 7.0 0.0 11.0 47.0 25.0 28.0 25.0 39.0 67.0 75.0 67.0 68.0 34.0 27.0 35.0 42.0 154.0 144.0 144.0 148.0 112.0 107.0 106.0 111.0 105.0 111.0 112.0 115.0 114.0 107.0 143.0 186.0 118.0 114.0 172.0 165.0 166.0 184.0 180.0 185.0 176.0 179.0 179.0 199.0 195.0 196.0 237.0 223.0 225.0
35 70.0 95.0 99.0 96.0 99.0 72.0 90.0 30.0 32.0 36.0 40.0 9.0 11.0 0.0 37.0 14.0 17.0 14.0 28.0 56.0 64.0 56.0 58.0 23.0 17.0 24.0 31.0 143.0 133.0 133.0 137.0 101.0 96.0 95.0 100.0 94.0 100.0 101.0 104.0 103.0 96.0 132.0 175.0 107.0 103.0 161.0 154.0 155.0 173.0 169.0 174.0 165.0 168.0 168.0 188.0 184.0 185.0 226.0 212.0 214.0
36 79.0 70.0 68.0 86.0 67.0 109.0 97.0 8.0 14.0 4.0 8.0 46.0 48.0 37.0 0.0 43.0 46.0 43.0 54.0 83.0 91.0 82.0 84.0 49.0 42.0 52.0 60.0 111.0 101.0 101.0 105.0 68.0 64.0 63.0 68.0 62.0 67.0 69.0 72.0 71.0 64.0 99.0 142.0 74.0 71.0 129.0 122.0 123.0 148.0 137.0 141.0 132.0 135.0 135.0 156.0 174.0 152.0 200.0 192.0 181.0
39 83.0 109.0 106.0 110.0 105.0 86.0 103.0 36.0 42.0 42.0 46.0 23.0 25.0 14.0 42.0 0.0 6.0 0.0 22.0 48.0 56.0 48.0 50.0 25.0 20.0 11.0 18.0 149.0 139.0 139.0 143.0 106.0 102.0 101.0 106.0 100.0 106.0 107.0 110.0 109.0 102.0 137.0 180.0 113.0 109.0 167.0 160.0 161.0 176.0 175.0 180.0 171.0 174.0 174.0 191.0 186.0 191.0 228.0 214.0 219.0
44 87.0 112.0 109.0 113.0 108.0 89.0 106.0 40.0 45.0 45.0 49.0 26.0 28.0 17.0 45.0 6.0 0.0 6.0 18.0 44.0 53.0 44.0 46.0 22.0 23.0 8.0 15.0 152.0 142.0 142.0 146.0 110.0 105.0 104.0 109.0 103.0 109.0 110.0 113.0 112.0 105.0 140.0 183.0 116.0 112.0 170.0 163.0 164.0 172.0 178.0 183.0 174.0 177.0 177.0 188.0 183.0 193.0 225.0 211.0 215.0
45 83.0 109.0 106.0 110.0 105.0 86.0 103.0 36.0 42.0 42.0 45.0 22.0 25.0 14.0 42.0 0.0 6.0 0.0 21.0 48.0 56.0 48.0 49.0 25.0 20.0 11.0 18.0 149.0 139.0 139.0 143.0 106.0 102.0 101.0 106.0 100.0 106.0 107.0 110.0 109.0 102.0 137.0 180.0 112.0 109.0 167.0 160.0 161.0 175.0 175.0 179.0 171.0 174.0 174.0 191.0 186.0 191.0 228.0 214.0 219.0
48 98.0 120.0 117.0 124.0 117.0 100.0 118.0 48.0 54.0 53.0 54.0 37.0 39.0 28.0 54.0 21.0 18.0 21.0 0.0 40.0 48.0 40.0 42.0 9.0 16.0 15.0 22.0 141.0 141.0 141.0 146.0 118.0 114.0 113.0 117.0 112.0 117.0 118.0 122.0 120.0 113.0 146.0 172.0 124.0 120.0 169.0 162.0 163.0 160.0 167.0 172.0 172.0 173.0 173.0 176.0 170.0 181.0 212.0 198.0 202.0
49 151.0 174.0 171.0 177.0 171.0 153.0 171.0 102.0 108.0 107.0 111.0 90.0 92.0 81.0 108.0 73.0 69.0 73.0 66.0 0.0 8.0 1.0 2.0 71.0 73.0 65.0 72.0 203.0 203.0 203.0 209.0 172.0 168.0 167.0 171.0 166.0 171.0 172.0 176.0 174.0 167.0 203.0 235.0 178.0 174.0 231.0 224.0 225.0 222.0 229.0 234.0 234.0 235.0 235.0 238.0 232.0 243.0 274.0 260.0 264.0
50 133.0 157.0 154.0 160.0 153.0 136.0 153.0 85.0 91.0 90.0 94.0 73.0 75.0 64.0 91.0 56.0 52.0 56.0 48.0 12.0 0.0 8.0 14.0 54.0 56.0 48.0 55.0 186.0 186.0 186.0 191.0 155.0 150.0 150.0 154.0 149.0 154.0 155.0 159.0 157.0 150.0 186.0 217.0 161.0 157.0 214.0 207.0 208.0 205.0 212.0 217.0 217.0 218.0 218.0 221.0 215.0 226.0 257.0 243.0 247.0
51 125.0 148.0 146.0 151.0 145.0 127.0 145.0 76.0 82.0 82.0 85.0 64.0 66.0 55.0 82.0 47.0 44.0 47.0 40.0 4.0 8.0 0.0 2.0 46.0 47.0 39.0 46.0 177.0 177.0 178.0 183.0 146.0 142.0 141.0 146.0 140.0 145.0 147.0 150.0 149.0 142.0 177.0 209.0 152.0 149.0 205.0 198.0 199.0 196.0 204.0 208.0 208.0 209.0 209.0 212.0 207.0 217.0 249.0 235.0 239.0
52 149.0 172.0 170.0 175.0 169.0 151.0 169.0 100.0 106.0 106.0 109.0 88.0 90.0 79.0 106.0 71.0 68.0 71.0 64.0 2.0 7.0 3.0 0.0 70.0 71.0 63.0 70.0 201.0 201.0 202.0 207.0 170.0 166.0 165.0 170.0 164.0 169.0 171.0 174.0 173.0 166.0 201.0 233.0 176.0 173.0 229.0 222.0 223.0 220.0 228.0 232.0 232.0 233.0 233.0 236.0 231.0 241.0 272.0 259.0 263.0
57 93.0 114.0 112.0 119.0 111.0 95.0 113.0 42.0 48.0 48.0 46.0 32.0 34.0 23.0 48.0 25.0 22.0 25.0 9.0 46.0 55.0 46.0 48.0 0.0 9.0 19.0 26.0 132.0 132.0 132.0 138.0 112.0 108.0 107.0 112.0 106.0 112.0 113.0 116.0 115.0 108.0 137.0 164.0 116.0 115.0 160.0 153.0 154.0 151.0 158.0 163.0 163.0 164.0 164.0 167.0 161.0 172.0 203.0 189.0 193.0
59 86.0 108.0 106.0 113.0 105.0 89.0 106.0 36.0 42.0 42.0 45.0 26.0 28.0 17.0 42.0 20.0 23.0 20.0 16.0 47.0 56.0 47.0 49.0 9.0 0.0 20.0 27.0 141.0 139.0 139.0 143.0 106.0 102.0 101.0 106.0 100.0 105.0 107.0 110.0 108.0 102.0 137.0 173.0 112.0 109.0 166.0 159.0 161.0 160.0 167.0 172.0 170.0 173.0 173.0 176.0 170.0 181.0 212.0 198.0 202.0
62 94.0 118.0 116.0 120.0 115.0 96.0 114.0 46.0 52.0 52.0 55.0 33.0 35.0 24.0 52.0 11.0 8.0 11.0 15.0 40.0 48.0 40.0 41.0 19.0 20.0 0.0 7.0 151.0 149.0 149.0 153.0 116.0 112.0 111.0 116.0 110.0 115.0 117.0 120.0 118.0 112.0 147.0 182.0 122.0 119.0 176.0 169.0 171.0 169.0 177.0 181.0 180.0 183.0 183.0 185.0 180.0 191.0 222.0 208.0 212.0
63 101.0 125.0 123.0 127.0 122.0 103.0 121.0 53.0 59.0 59.0 62.0 40.0 42.0 31.0 59.0 18.0 15.0 18.0 22.0 47.0 55.0 47.0 49.0 26.0 27.0 7.0 0.0 158.0 156.0 156.0 160.0 123.0 119.0 118.0 123.0 117.0 122.0 124.0 127.0 125.0 119.0 154.0 189.0 129.0 126.0 183.0 176.0 178.0 176.0 184.0 188.0 187.0 190.0 190.0 192.0 187.0 198.0 229.0 215.0 219.0
69 155.0 132.0 130.0 148.0 129.0 189.0 159.0 114.0 118.0 108.0 113.0 152.0 154.0 143.0 112.0 148.0 152.0 148.0 143.0 180.0 189.0 180.0 182.0 135.0 144.0 153.0 160.0 0.0 16.0 10.0 37.0 66.0 69.0 65.0 106.0 100.0 77.0 75.0 74.0 77.0 83.0 54.0 35.0 56.0 57.0 36.0 34.0 33.0 40.0 30.0 34.0 36.0 37.0 37.0 48.0 67.0 45.0 92.0 84.0 74.0
70 144.0 122.0 119.0 138.0 119.0 179.0 149.0 104.0 108.0 98.0 103.0 141.0 144.0 133.0 102.0 138.0 142.0 138.0 142.0 178.0 186.0 178.0 180.0 133.0 138.0 148.0 155.0 16.0 0.0 10.0 25.0 55.0 58.0 54.0 95.0 89.0 66.0 64.0 63.0 66.0 72.0 43.0 41.0 45.0 46.0 28.0 21.0 22.0 47.0 36.0 40.0 32.0 35.0 35.0 55.0 73.0 52.0 99.0 91.0 80.0
71 145.0 122.0 120.0 138.0 119.0 179.0 149.0 104.0 108.0 98.0 103.0 142.0 144.0 133.0 102.0 138.0 142.0 138.0 142.0 178.0 187.0 178.0 180.0 133.0 138.0 148.0 155.0 10.0 10.0 0.0 27.0 56.0 59.0 55.0 96.0 90.0 67.0 65.0 64.0 67.0 73.0 44.0 42.0 46.0 47.0 37.0 30.0 31.0 48.0 37.0 42.0 41.0 43.0 43.0 56.0 74.0 53.0 100.0 92.0 81.0
73 145.0 122.0 120.0 138.0 119.0 179.0 149.0 108.0 112.0 102.0 106.0 145.0 147.0 137.0 106.0 142.0 146.0 142.0 147.0 182.0 190.0 182.0 184.0 138.0 142.0 152.0 159.0 36.0 25.0 27.0 0.0 43.0 45.0 42.0 83.0 77.0 54.0 52.0 51.0 54.0 60.0 31.0 66.0 33.0 34.0 36.0 29.0 30.0 72.0 61.0 57.0 40.0 43.0 43.0 73.0 98.0 70.0 117.0 109.0 99.0
75 102.0 79.0 77.0 95.0 76.0 136.0 106.0 72.0 76.0 66.0 71.0 109.0 112.0 101.0 70.0 106.0 110.0 106.0 118.0 146.0 154.0 146.0 148.0 112.0 106.0 116.0 123.0 67.0 56.0 57.0 43.0 0.0 6.0 5.0 40.0 34.0 11.0 9.0 8.0 11.0 17.0 35.0 97.0 13.0 10.0 79.0 72.0 73.0 102.0 92.0 96.0 82.0 86.0 85.0 110.0 129.0 107.0 154.0 146.0 136.0
77 104.0 82.0 79.0 97.0 79.0 139.0 108.0 68.0 72.0 62.0 66.0 105.0 107.0 96.0 65.0 102.0 106.0 102.0 113.0 142.0 150.0 142.0 143.0 108.0 101.0 112.0 119.0 70.0 58.0 60.0 46.0 9.0 0.0 1.0 42.0 37.0 13.0 15.0 17.0 20.0 20.0 40.0 100.0 15.0 12.0 81.0 74.0 76.0 105.0 94.0 99.0 85.0 88.0 88.0 113.0 131.0 110.0 157.0 149.0 139.0
78 103.0 81.0 78.0 96.0 78.0 138.0 107.0 67.0 71.0 61.0 65.0 104.0 106.0 95.0 64.0 101.0 105.0 101.0 112.0 141.0 149.0 141.0 143.0 107.0 101.0 111.0 118.0 66.0 55.0 56.0 42.0 5.0 1.0 0.0 41.0 36.0 12.0 14.0 13.0 16.0 19.0 37.0 96.0 12.0 9.0 78.0 71.0 72.0 101.0 91.0 95.0 81.0 85.0 84.0 109.0 128.0 106.0 153.0 145.0 135.0
80 62.0 40.0 37.0 55.0 36.0 96.0 66.0 70.0 75.0 65.0 69.0 108.0 110.0 99.0 68.0 105.0 108.0 105.0 116.0 145.0 153.0 144.0 146.0 111.0 104.0 114.0 122.0 106.0 94.0 96.0 82.0 39.0 41.0 40.0 0.0 11.0 28.0 30.0 32.0 28.0 22.0 74.0 136.0 51.0 48.0 117.0 110.0 112.0 141.0 130.0 135.0 121.0 124.0 124.0 149.0 167.0 146.0 193.0 185.0 175.0
81 81.0 59.0 56.0 74.0 55.0 115.0 85.0 73.0 77.0 67.0 71.0 110.0 112.0 101.0 70.0 107.0 111.0 107.0 118.0 147.0 155.0 147.0 148.0 113.0 106.0 117.0 124.0 108.0 97.0 98.0 85.0 41.0 44.0 43.0 19.0 0.0 31.0 32.0 35.0 31.0 24.0 76.0 138.0 54.0 51.0 120.0 113.0 114.0 143.0 133.0 137.0 124.0 127.0 127.0 152.0 170.0 148.0 196.0 188.0 177.0
84 91.0 69.0 66.0 84.0 65.0 125.0 95.0 71.0 75.0 65.0 70.0 108.0 111.0 100.0 69.0 105.0 109.0 105.0 117.0 145.0 153.0 145.0 147.0 111.0 105.0 115.0 122.0 77.0 66.0 68.0 54.0 10.0 13.0 12.0 29.0 23.0 0.0 2.0 5.0 8.0 6.0 45.0 107.0 23.0 20.0 89.0 82.0 83.0 113.0 102.0 106.0 93.0 96.0 96.0 121.0 139.0 118.0 165.0 157.0 146.0
85 95.0 73.0 70.0 88.0 69.0 129.0 99.0 72.0 76.0 66.0 70.0 109.0 111.0 100.0 70.0 106.0 110.0 106.0 117.0 146.0 154.0 146.0 148.0 112.0 106.0 116.0 123.0 76.0 64.0 66.0 52.0 9.0 14.0 13.0 33.0 27.0 4.0 0.0 3.0 7.0 10.0 44.0 106.0 22.0 19.0 88.0 81.0 82.0 111.0 100.0 105.0 91.0 94.0 94.0 119.0 138.0 116.0 163.0 155.0 145.0
86 95.0 73.0 70.0 88.0 69.0 130.0 99.0 74.0 78.0 68.0 73.0 112.0 114.0 103.0 72.0 109.0 112.0 108.0 120.0 148.0 157.0 148.0 150.0 114.0 108.0 118.0 125.0 74.0 62.0 64.0 50.0 7.0 12.0 12.0 33.0 27.0 6.0 2.0 0.0 4.0 12.0 42.0 104.0 20.0 17.0 85.0 78.0 80.0 109.0 98.0 103.0 89.0 92.0 92.0 117.0 135.0 114.0 161.0 153.0 143.0
87 91.0 69.0 66.0 84.0 65.0 125.0 95.0 74.0 78.0 68.0 72.0 111.0 113.0 102.0 71.0 108.0 112.0 108.0 119.0 148.0 156.0 148.0 149.0 114.0 107.0 118.0 125.0 78.0 66.0 68.0 54.0 11.0 16.0 16.0 29.0 23.0 10.0 7.0 4.0 0.0 8.0 46.0 108.0 24.0 21.0 90.0 83.0 84.0 113.0 102.0 107.0 93.0 96.0 96.0 121.0 140.0 118.0 165.0 157.0 147.0
88 85.0 62.0 60.0 78.0 59.0 119.0 89.0 67.0 71.0 61.0 65.0 104.0 106.0 95.0 65.0 101.0 105.0 101.0 112.0 141.0 149.0 141.0 143.0 107.0 101.0 111.0 118.0 84.0 72.0 74.0 60.0 17.0 19.0 18.0 23.0 17.0 6.0 8.0 11.0 8.0 0.0 52.0 114.0 30.0 26.0 95.0 88.0 90.0 119.0 108.0 113.0 99.0 102.0 102.0 127.0 145.0 124.0 171.0 163.0 153.0
89 137.0 115.0 112.0 130.0 111.0 171.0 141.0 103.0 107.0 97.0 102.0 141.0 143.0 132.0 101.0 137.0 141.0 137.0 147.0 177.0 186.0 177.0 179.0 138.0 137.0 147.0 154.0 51.0 40.0 42.0 28.0 35.0 39.0 37.0 75.0 69.0 46.0 44.0 43.0 46.0 53.0 0.0 81.0 28.0 29.0 63.0 56.0 57.0 87.0 76.0 81.0 67.0 70.0 70.0 95.0 113.0 92.0 139.0 131.0 120.0
92 185.0 163.0 160.0 178.0 160.0 220.0 189.0 145.0 149.0 139.0 143.0 182.0 184.0 174.0 143.0 179.0 183.0 179.0 175.0 211.0 220.0 211.0 213.0 166.0 175.0 185.0 192.0 35.0 41.0 42.0 66.0 96.0 98.0 95.0 136.0 130.0 107.0 105.0 104.0 107.0 113.0 84.0 0.0 86.0 87.0 32.0 37.0 36.0 19.0 7.0 12.0 29.0 26.0 26.0 19.0 36.0 16.0 63.0 56.0 45.0
96 112.0 89.0 87.0 105.0 86.0 146.0 116.0 76.0 80.0 70.0 74.0 113.0 115.0 104.0 74.0 110.0 114.0 110.0 121.0 150.0 158.0 150.0 152.0 116.0 110.0 120.0 127.0 59.0 48.0 49.0 36.0 10.0 13.0 9.0 50.0 44.0 21.0 19.0 18.0 21.0 27.0 30.0 89.0 0.0 2.0 71.0 64.0 65.0 94.0 84.0 88.0 75.0 78.0 78.0 103.0 121.0 99.0 147.0 139.0 128.0
98 111.0 89.0 86.0 104.0 85.0 145.0 115.0 74.0 79.0 69.0 73.0 112.0 114.0 103.0 72.0 109.0 112.0 109.0 120.0 149.0 157.0 148.0 150.0 115.0 108.0 118.0 126.0 58.0 46.0 48.0 34.0 9.0 12.0 8.0 49.0 43.0 20.0 18.0 17.0 20.0 26.0 28.0 88.0 4.0 0.0 69.0 62.0 64.0 93.0 82.0 87.0 73.0 76.0 76.0 101.0 119.0 98.0 145.0 137.0 127.0
100 172.0 150.0 147.0 165.0 146.0 207.0 176.0 132.0 136.0 126.0 130.0 169.0 171.0 160.0 129.0 166.0 170.0 166.0 169.0 206.0 214.0 206.0 208.0 161.0 166.0 176.0 183.0 35.0 28.0 37.0 36.0 78.0 80.0 77.0 118.0 112.0 88.0 87.0 85.0 89.0 95.0 66.0 32.0 68.0 68.0 0.0 7.0 6.0 45.0 28.0 21.0 4.0 7.0 7.0 37.0 64.0 33.0 81.0 73.0 62.0
101 165.0 143.0 140.0 158.0 140.0 200.0 169.0 125.0 129.0 119.0 123.0 162.0 164.0 153.0 123.0 159.0 163.0 159.0 162.0 199.0 207.0 199.0 201.0 154.0 159.0 169.0 176.0 36.0 21.0 30.0 29.0 71.0 73.0 70.0 111.0 105.0 82.0 80.0 79.0 82.0 88.0 59.0 37.0 61.0 62.0 7.0 0.0 1.0 51.0 34.0 28.0 11.0 14.0 14.0 44.0 69.0 41.0 88.0 80.0 70.0
103 166.0 144.0 141.0 159.0 141.0 201.0 171.0 126.0 130.0 120.0 125.0 163.0 165.0 155.0 124.0 160.0 164.0 160.0 163.0 200.0 208.0 200.0 202.0 155.0 160.0 170.0 177.0 34.0 22.0 31.0 30.0 72.0 75.0 71.0 112.0 106.0 83.0 81.0 80.0 83.0 89.0 60.0 36.0 62.0 63.0 6.0 1.0 0.0 50.0 33.0 27.0 10.0 13.0 13.0 43.0 68.0 40.0 87.0 79.0 69.0
104 191.0 169.0 166.0 184.0 166.0 226.0 195.0 151.0 155.0 145.0 149.0 188.0 190.0 179.0 149.0 185.0 185.0 185.0 172.0 209.0 217.0 209.0 211.0 164.0 173.0 182.0 189.0 40.0 47.0 48.0 72.0 102.0 104.0 101.0 142.0 136.0 112.0 111.0 109.0 113.0 119.0 90.0 18.0 92.0 92.0 45.0 49.0 48.0 0.0 18.0 24.0 42.0 38.0 39.0 19.0 31.0 24.0 71.0 63.0 53.0
105 180.0 158.0 155.0 173.0 154.0 214.0 184.0 140.0 144.0 134.0 138.0 177.0 179.0 168.0 137.0 174.0 177.0 174.0 169.0 206.0 214.0 206.0 208.0 161.0 170.0 179.0 186.0 29.0 36.0 37.0 61.0 91.0 93.0 90.0 130.0 125.0 101.0 100.0 98.0 101.0 107.0 78.0 8.0 81.0 81.0 28.0 33.0 32.0 18.0 0.0 7.0 24.0 21.0 21.0 22.0 39.0 19.0 66.0 58.0 48.0
106 185.0 163.0 160.0 178.0 159.0 219.0 189.0 145.0 149.0 139.0 143.0 182.0 184.0 173.0 142.0 179.0 183.0 179.0 174.0 211.0 219.0 211.0 213.0 166.0 175.0 184.0 191.0 34.0 41.0 42.0 56.0 96.0 98.0 95.0 135.0 130.0 106.0 105.0 103.0 107.0 113.0 84.0 12.0 86.0 86.0 21.0 27.0 26.0 25.0 7.0 0.0 17.0 14.0 14.0 16.0 43.0 13.0 60.0 52.0 42.0
107 176.0 154.0 151.0 169.0 150.0 210.0 180.0 135.0 140.0 130.0 134.0 173.0 175.0 164.0 133.0 170.0 173.0 170.0 173.0 210.0 218.0 209.0 211.0 164.0 169.0 180.0 187.0 36.0 31.0 41.0 40.0 82.0 84.0 81.0 121.0 116.0 92.0 91.0 89.0 92.0 98.0 69.0 29.0 72.0 72.0 4.0 11.0 9.0 42.0 24.0 17.0 0.0 3.0 3.0 33.0 60.0 30.0 77.0 69.0 59.0
108 179.0 157.0 154.0 172.0 153.0 213.0 183.0 139.0 143.0 133.0 137.0 176.0 178.0 167.0 136.0 173.0 177.0 173.0 175.0 211.0 220.0 211.0 213.0 166.0 172.0 183.0 190.0 36.0 35.0 42.0 43.0 85.0 87.0 84.0 124.0 119.0 95.0 94.0 92.0 96.0 102.0 72.0 25.0 75.0 75.0 7.0 14.0 13.0 39.0 21.0 14.0 3.0 0.0 0.0 30.0 57.0 27.0 74.0 66.0 55.0
109 179.0 157.0 154.0 172.0 153.0 213.0 183.0 138.0 143.0 133.0 137.0 176.0 178.0 167.0 136.0 173.0 176.0 173.0 175.0 211.0 220.0 211.0 213.0 166.0 172.0 183.0 190.0 36.0 34.0 42.0 43.0 85.0 87.0 84.0 124.0 119.0 95.0 94.0 92.0 95.0 102.0 72.0 26.0 75.0 75.0 7.0 14.0 13.0 39.0 21.0 14.0 3.0 0.0 0.0 30.0 57.0 27.0 74.0 66.0 56.0
110 198.0 176.0 173.0 191.0 173.0 233.0 203.0 158.0 162.0 152.0 157.0 195.0 198.0 187.0 156.0 192.0 190.0 192.0 178.0 214.0 223.0 214.0 216.0 169.0 178.0 187.0 194.0 48.0 54.0 55.0 73.0 109.0 111.0 108.0 149.0 143.0 120.0 118.0 117.0 120.0 126.0 97.0 19.0 99.0 100.0 37.0 44.0 43.0 19.0 22.0 17.0 33.0 30.0 30.0 0.0 31.0 5.0 52.0 45.0 34.0
111 216.0 194.0 191.0 209.0 191.0 251.0 220.0 176.0 180.0 170.0 174.0 196.0 198.0 187.0 174.0 189.0 185.0 189.0 172.0 209.0 218.0 209.0 211.0 164.0 173.0 182.0 189.0 66.0 72.0 73.0 97.0 127.0 129.0 126.0 167.0 161.0 138.0 136.0 134.0 138.0 144.0 115.0 36.0 117.0 118.0 63.0 67.0 66.0 27.0 38.0 42.0 59.0 56.0 56.0 31.0 0.0 36.0 83.0 75.0 65.0
114 195.0 173.0 170.0 188.0 170.0 230.0 199.0 155.0 159.0 149.0 153.0 192.0 194.0 183.0 153.0 189.0 193.0 189.0 183.0 219.0 228.0 219.0 221.0 174.0 183.0 193.0 200.0 45.0 51.0 52.0 70.0 106.0 108.0 105.0 146.0 140.0 117.0 115.0 113.0 117.0 123.0 94.0 15.0 96.0 96.0 34.0 41.0 40.0 24.0 19.0 13.0 30.0 27.0 27.0 5.0 36.0 0.0 47.0 39.0 29.0
115 243.0 220.0 218.0 236.0 217.0 277.0 247.0 202.0 206.0 196.0 201.0 238.0 241.0 230.0 200.0 231.0 228.0 231.0 215.0 252.0 260.0 252.0 254.0 207.0 216.0 225.0 232.0 92.0 98.0 99.0 117.0 153.0 156.0 152.0 193.0 187.0 164.0 162.0 161.0 164.0 170.0 141.0 63.0 143.0 144.0 81.0 88.0 87.0 71.0 66.0 61.0 77.0 74.0 74.0 52.0 83.0 47.0 0.0 14.0 18.0
116 234.0 212.0 209.0 227.0 208.0 268.0 238.0 193.0 198.0 188.0 192.0 225.0 227.0 216.0 191.0 218.0 214.0 218.0 201.0 238.0 247.0 238.0 240.0 193.0 202.0 211.0 218.0 83.0 89.0 90.0 109.0 145.0 147.0 144.0 184.0 179.0 155.0 153.0 152.0 155.0 161.0 132.0 54.0 134.0 135.0 73.0 79.0 78.0 62.0 57.0 52.0 69.0 66.0 66.0 44.0 74.0 39.0 14.0 0.0 10.0
119 224.0 202.0 199.0 217.0 198.0 259.0 228.0 184.0 188.0 178.0 182.0 221.0 223.0 212.0 181.0 218.0 218.0 218.0 205.0 242.0 250.0 242.0 244.0 196.0 205.0 215.0 222.0 73.0 80.0 81.0 99.0 135.0 137.0 134.0 174.0 169.0 145.0 144.0 142.0 146.0 152.0 123.0 44.0 125.0 125.0 63.0 70.0 68.0 53.0 47.0 42.0 59.0 56.0 56.0 34.0 65.0 29.0 18.0 11.0 0.0

#distancia viaje entre puentes y alojamientos
: 122 126 127 128 129 130 131 134 137 140 143 144:=
4 69.0 39.0 40.0 8.0 28.0 202.0 200.0 194.0 103.0 107.0 92.0 94.0
8 76.0 50.0 51.0 17.0 5.0 180.0 178.0 172.0 81.0 85.0 70.0 71.0
10 73.0 49.0 49.0 21.0 3.0 177.0 175.0 169.0 78.0 82.0 67.0 69.0
13 91.0 38.0 39.0 21.0 21.0 195.0 193.0 187.0 96.0 100.0 85.0 87.0
15 72.0 59.0 60.0 28.0 10.0 176.0 174.0 168.0 78.0 81.0 67.0 68.0
16 99.0 12.0 12.0 45.0 62.0 236.0 234.0 228.0 137.0 141.0 126.0 128.0
17 89.0 20.0 20.0 14.0 32.0 206.0 204.0 198.0 107.0 111.0 96.0 98.0
21 2.0 110.0 110.0 79.0 70.0 162.0 160.0 154.0 72.0 76.0 77.0 79.0
22 4.0 104.0 105.0 74.0 74.0 166.0 164.0 158.0 77.0 81.0 82.0 83.0
26 16.0 121.0 122.0 90.0 72.0 164.0 162.0 156.0 74.0 78.0 80.0 81.0
28 13.0 118.0 119.0 87.0 69.0 161.0 159.0 153.0 72.0 75.0 77.0 78.0
32 37.0 80.0 80.0 74.0 93.0 200.0 198.0 192.0 110.0 114.0 115.0 117.0
33 38.0 74.0 73.0 67.0 86.0 202.0 200.0 194.0 112.0 116.0 117.0 119.0
35 28.0 84.0 84.0 78.0 97.0 191.0 189.0 183.0 101.0 105.0 106.0 108.0
36 11.0 116.0 116.0 85.0 66.0 158.0 156.0 150.0 69.0 73.0 74.0 75.0
39 39.0 98.0 98.0 92.0 105.0 194.0 195.0 188.0 107.0 111.0 112.0 114.0
44 42.0 101.0 101.0 95.0 108.0 191.0 197.0 192.0 110.0 114.0 115.0 117.0
45 39.0 98.0 98.0 92.0 104.0 194.0 194.0 188.0 107.0 111.0 112.0 114.0
48 50.0 113.0 113.0 106.0 116.0 178.0 185.0 180.0 118.0 122.0 124.0 125.0
49 104.0 165.0 165.0 159.0 170.0 240.0 247.0 243.0 172.0 176.0 178.0 179.0
50 87.0 148.0 148.0 142.0 153.0 223.0 230.0 226.0 155.0 159.0 160.0 162.0
51 79.0 140.0 139.0 133.0 144.0 215.0 221.0 217.0 147.0 151.0 152.0 153.0
52 103.0 164.0 163.0 157.0 168.0 239.0 245.0 241.0 171.0 175.0 176.0 177.0
57 45.0 107.0 107.0 101.0 110.0 169.0 176.0 172.0 113.0 117.0 118.0 120.0
59 38.0 101.0 101.0 95.0 104.0 178.0 185.0 181.0 106.0 110.0 112.0 113.0
62 48.0 109.0 108.0 102.0 114.0 188.0 194.0 190.0 116.0 120.0 122.0 123.0
63 55.0 115.0 115.0 109.0 121.0 195.0 201.0 197.0 123.0 127.0 129.0 130.0
69 115.0 177.0 178.0 146.0 128.0 51.0 49.0 43.0 63.0 60.0 88.0 89.0
70 105.0 167.0 168.0 136.0 118.0 57.0 55.0 49.0 52.0 49.0 76.0 78.0
71 105.0 168.0 168.0 136.0 118.0 59.0 57.0 50.0 53.0 51.0 78.0 79.0
73 109.0 168.0 168.0 137.0 118.0 76.0 74.0 68.0 39.0 37.0 64.0 66.0
75 73.0 125.0 125.0 94.0 75.0 113.0 111.0 105.0 2.0 6.0 21.0 23.0
77 69.0 127.0 128.0 96.0 78.0 116.0 114.0 108.0 10.0 14.0 31.0 32.0
78 68.0 126.0 127.0 95.0 77.0 112.0 110.0 104.0 6.0 10.0 26.0 28.0
80 71.0 85.0 85.0 54.0 36.0 152.0 150.0 144.0 41.0 45.0 30.0 32.0
81 74.0 104.0 104.0 73.0 54.0 154.0 152.0 146.0 44.0 48.0 33.0 35.0
84 72.0 114.0 115.0 83.0 65.0 123.0 121.0 115.0 13.0 17.0 17.0 19.0
85 73.0 118.0 118.0 87.0 68.0 122.0 120.0 114.0 11.0 15.0 17.0 18.0
86 75.0 118.0 119.0 87.0 69.0 120.0 118.0 112.0 9.0 13.0 15.0 16.0
87 75.0 114.0 114.0 83.0 64.0 124.0 122.0 116.0 13.0 17.0 10.0 12.0
88 68.0 108.0 108.0 77.0 58.0 130.0 128.0 122.0 19.0 23.0 11.0 12.0
89 104.0 160.0 161.0 129.0 111.0 98.0 96.0 89.0 34.0 31.0 57.0 58.0
92 146.0 208.0 209.0 177.0 159.0 22.0 20.0 14.0 92.0 90.0 117.0 119.0
96 77.0 135.0 135.0 104.0 85.0 105.0 103.0 97.0 10.0 12.0 31.0 33.0
98 75.0 134.0 134.0 103.0 84.0 104.0 102.0 96.0 9.0 11.0 30.0 32.0
100 133.0 195.0 196.0 164.0 146.0 39.0 38.0 31.0 74.0 72.0 99.0 101.0
101 126.0 188.0 189.0 157.0 139.0 47.0 45.0 39.0 67.0 65.0 92.0 94.0
103 127.0 189.0 190.0 158.0 140.0 46.0 44.0 38.0 69.0 66.0 93.0 95.0
104 152.0 214.0 215.0 183.0 165.0 21.0 28.0 24.0 98.0 96.0 123.0 125.0
105 141.0 203.0 204.0 172.0 154.0 25.0 23.0 17.0 87.0 85.0 112.0 113.0
106 146.0 208.0 209.0 177.0 159.0 19.0 17.0 11.0 92.0 90.0 117.0 118.0
107 136.0 199.0 199.0 168.0 149.0 36.0 34.0 28.0 78.0 76.0 103.0 104.0
108 140.0 202.0 203.0 171.0 153.0 32.0 30.0 24.0 81.0 79.0 106.0 107.0
109 139.0 202.0 202.0 171.0 152.0 33.0 31.0 25.0 81.0 79.0 106.0 107.0
110 159.0 221.0 222.0 190.0 172.0 3.0 9.0 6.0 106.0 103.0 130.0 132.0
111 177.0 239.0 240.0 208.0 190.0 33.0 40.0 36.0 123.0 121.0 148.0 150.0
114 156.0 218.0 219.0 187.0 169.0 8.0 4.0 2.0 102.0 100.0 127.0 129.0
115 203.0 265.0 266.0 234.0 216.0 55.0 48.0 50.0 150.0 147.0 174.0 176.0
116 194.0 257.0 257.0 226.0 207.0 47.0 39.0 41.0 141.0 139.0 166.0 167.0
119 185.0 247.0 248.0 216.0 198.0 37.0 30.0 31.0 131.0 129.0 156.0 157.0

#distancia entre alojamientos y puentes
: 4 8 10 13 15 16 17 21 22 26 28 32 33 35 36 39 44 45 48 49 50 51 52 57 59 62 63 69 70 71 73 75 77 78 80 81 84 85 86 87 88 89 92 96 98 100 101 103 104 105 106 107 108 109 110 111 114 115 116 119:=
122 69.0 76.0 73.0 91.0 72.0 99.0 89.0 2.0 3.0 10.0 13.0 37.0 38.0 28.0 10.0 39.0 43.0 39.0 50.0 79.0 87.0 79.0 81.0 45.0 39.0 49.0 56.0 116.0 106.0 106.0 110.0 73.0 69.0 68.0 73.0 67.0 73.0 74.0 77.0 76.0 69.0 104.0 147.0 79.0 76.0 134.0 127.0 128.0 153.0 142.0 146.0 138.0 141.0 141.0 161.0 179.0 158.0 205.0 197.0 186.0
126 39.0 50.0 48.0 38.0 59.0 13.0 19.0 110.0 104.0 114.0 118.0 81.0 74.0 85.0 117.0 99.0 102.0 99.0 113.0 140.0 149.0 140.0 142.0 107.0 101.0 109.0 116.0 177.0 167.0 167.0 166.0 123.0 125.0 124.0 84.0 96.0 112.0 114.0 116.0 112.0 106.0 158.0 208.0 136.0 132.0 195.0 188.0 189.0 214.0 203.0 208.0 199.0 202.0 202.0 222.0 240.0 219.0 266.0 258.0 247.0
127 40.0 51.0 49.0 38.0 59.0 12.0 20.0 110.0 105.0 115.0 119.0 80.0 73.0 84.0 118.0 99.0 102.0 98.0 112.0 140.0 148.0 140.0 142.0 107.0 101.0 109.0 116.0 178.0 168.0 168.0 167.0 124.0 126.0 125.0 85.0 96.0 113.0 115.0 117.0 113.0 107.0 159.0 209.0 137.0 133.0 196.0 189.0 190.0 215.0 204.0 208.0 199.0 203.0 202.0 223.0 241.0 219.0 267.0 259.0 248.0
128 8.0 17.0 21.0 21.0 28.0 45.0 14.0 79.0 74.0 83.0 88.0 74.0 67.0 78.0 87.0 92.0 95.0 92.0 106.0 134.0 142.0 134.0 135.0 101.0 94.0 102.0 109.0 147.0 137.0 137.0 136.0 92.0 95.0 94.0 54.0 65.0 82.0 83.0 86.0 82.0 76.0 127.0 178.0 105.0 102.0 164.0 157.0 159.0 183.0 173.0 177.0 168.0 171.0 171.0 191.0 210.0 188.0 235.0 228.0 217.0
129 28.0 5.0 2.0 20.0 10.0 62.0 31.0 71.0 75.0 65.0 69.0 93.0 86.0 97.0 68.0 105.0 109.0 105.0 116.0 145.0 153.0 145.0 147.0 111.0 105.0 115.0 122.0 128.0 118.0 118.0 118.0 74.0 77.0 76.0 35.0 47.0 64.0 65.0 67.0 63.0 57.0 109.0 160.0 87.0 83.0 146.0 139.0 140.0 165.0 154.0 159.0 150.0 153.0 153.0 173.0 191.0 170.0 217.0 209.0 199.0
130 201.0 179.0 176.0 194.0 175.0 236.0 205.0 161.0 165.0 155.0 159.0 198.0 200.0 189.0 158.0 195.0 193.0 195.0 180.0 217.0 225.0 217.0 219.0 172.0 181.0 190.0 197.0 50.0 57.0 58.0 76.0 112.0 114.0 111.0 151.0 146.0 122.0 121.0 119.0 123.0 129.0 100.0 21.0 102.0 102.0 40.0 47.0 45.0 21.0 24.0 19.0 36.0 33.0 33.0 3.0 33.0 8.0 55.0 47.0 37.0
131 199.0 177.0 174.0 192.0 173.0 234.0 203.0 159.0 163.0 153.0 157.0 196.0 198.0 187.0 156.0 193.0 197.0 193.0 186.0 223.0 232.0 223.0 225.0 178.0 187.0 196.0 203.0 48.0 55.0 56.0 74.0 110.0 112.0 109.0 149.0 144.0 120.0 119.0 117.0 121.0 127.0 98.0 19.0 100.0 100.0 38.0 45.0 43.0 28.0 22.0 17.0 34.0 31.0 31.0 9.0 40.0 4.0 48.0 40.0 30.0
134 193.0 170.0 168.0 186.0 167.0 227.0 197.0 152.0 157.0 147.0 151.0 190.0 192.0 181.0 150.0 187.0 190.0 187.0 182.0 219.0 227.0 219.0 221.0 174.0 183.0 192.0 199.0 42.0 48.0 49.0 68.0 103.0 106.0 102.0 143.0 137.0 114.0 112.0 111.0 114.0 120.0 91.0 13.0 93.0 94.0 32.0 38.0 37.0 24.0 16.0 11.0 28.0 25.0 25.0 6.0 36.0 2.0 50.0 42.0 31.0
137 104.0 82.0 79.0 97.0 79.0 139.0 108.0 72.0 76.0 66.0 71.0 110.0 112.0 101.0 70.0 107.0 110.0 107.0 118.0 146.0 155.0 146.0 148.0 112.0 106.0 116.0 123.0 63.0 52.0 53.0 40.0 2.0 6.0 6.0 42.0 37.0 14.0 11.0 10.0 13.0 20.0 34.0 93.0 12.0 10.0 75.0 68.0 69.0 99.0 88.0 92.0 79.0 82.0 82.0 107.0 125.0 103.0 151.0 143.0 132.0
140 108.0 86.0 83.0 101.0 82.0 142.0 112.0 76.0 80.0 70.0 75.0 113.0 116.0 105.0 74.0 110.0 114.0 110.0 122.0 150.0 158.0 150.0 152.0 116.0 110.0 120.0 127.0 61.0 50.0 51.0 37.0 6.0 10.0 9.0 46.0 40.0 17.0 15.0 14.0 17.0 24.0 31.0 91.0 13.0 10.0 73.0 66.0 67.0 96.0 86.0 90.0 77.0 80.0 80.0 104.0 123.0 101.0 148.0 141.0 130.0
143 94.0 71.0 69.0 87.0 68.0 128.0 98.0 77.0 81.0 71.0 76.0 115.0 117.0 106.0 75.0 111.0 115.0 111.0 123.0 151.0 160.0 151.0 153.0 117.0 111.0 121.0 128.0 88.0 77.0 79.0 65.0 21.0 27.0 27.0 32.0 26.0 17.0 17.0 15.0 11.0 11.0 56.0 118.0 34.0 31.0 100.0 93.0 94.0 124.0 113.0 117.0 104.0 107.0 107.0 132.0 150.0 129.0 176.0 168.0 157.0
144 95.0 73.0 70.0 88.0 69.0 129.0 99.0 78.0 82.0 73.0 77.0 116.0 118.0 107.0 76.0 113.0 116.0 113.0 124.0 153.0 161.0 152.0 154.0 119.0 112.0 122.0 129.0 90.0 78.0 80.0 66.0 23.0 28.0 28.0 33.0 27.0 19.0 18.0 16.0 12.0 12.0 58.0 120.0 36.0 33.0 101.0 94.0 96.0 125.0 114.0 119.0 105.0 108.0 108.0 133.0 151.0 130.0 177.0 169.0 159.0

#distancia entre depositos y puentes
: 4 8 10 13 15 16 17 21 22 26 28 32 33 35 36 39 44 45 48 49 50 51 52 57 59 62 63 69 70 71 73 75 77 78 80 81 84 85 86 87 88 89 92 96 98 100 101 103 104 105 106 107 108 109 110 111 114 115 116 119:=
0 75.0 99.0 96.0 101.0 96.0 77.0 95.0 27.0 33.0 32.0 36.0 14.0 16.0 5.0 33.0 10.0 14.0 10.0 23.0 51.0 60.0 51.0 53.0 19.0 13.0 20.0 27.0 140.0 129.0 130.0 133.0 97.0 92.0 92.0 96.0 91.0 96.0 97.0 101.0 99.0 92.0 128.0 171.0 103.0 99.0 157.0 150.0 151.0 170.0 165.0 170.0 161.0 164.0 164.0 184.0 180.0 181.0 222.0 208.0 210.0
1 125.0 103.0 100.0 118.0 100.0 160.0 130.0 91.0 96.0 86.0 90.0 129.0 131.0 120.0 89.0 126.0 129.0 126.0 135.0 166.0 174.0 165.0 167.0 127.0 125.0 135.0 143.0 50.0 38.0 40.0 26.0 24.0 27.0 25.0 63.0 58.0 35.0 33.0 31.0 35.0 41.0 12.0 80.0 16.0 17.0 61.0 54.0 55.0 85.0 74.0 79.0 65.0 68.0 68.0 93.0 111.0 90.0 137.0 129.0 119.0

#distancia entre puentes y depositos
: 0 1:=
4 75.0 124.0
8 99.0 102.0
10 97.0 99.0
13 101.0 117.0
15 96.0 99.0
16 77.0 158.0
17 95.0 128.0
21 27.0 91.0
22 33.0 96.0
26 38.0 93.0
28 35.0 91.0
32 14.0 129.0
33 16.0 131.0
35 5.0 120.0
36 33.0 88.0
39 10.0 126.0
44 13.0 129.0
45 10.0 126.0
48 24.0 134.0
49 77.0 191.0
50 59.0 174.0
51 51.0 166.0
52 75.0 190.0
57 19.0 125.0
59 12.0 126.0
62 20.0 136.0
63 27.0 143.0
69 138.0 49.0
70 128.0 38.0
71 129.0 39.0
73 132.0 26.0
75 96.0 24.0
77 92.0 29.0
78 91.0 25.0
80 95.0 62.0
81 97.0 65.0
84 95.0 34.0
85 96.0 32.0
86 99.0 30.0
87 98.0 34.0
88 91.0 40.0
89 127.0 12.0
92 169.0 79.0
96 100.0 18.0
98 99.0 17.0
100 156.0 60.0
101 149.0 54.0
103 150.0 55.0
104 175.0 85.0
105 164.0 73.0
106 169.0 78.0
107 160.0 64.0
108 163.0 67.0
109 163.0 67.0
110 182.0 92.0
111 183.0 110.0
114 179.0 89.0
115 225.0 136.0
116 212.0 127.0
119 208.0 118.0

;