set O:= 0 1;
set N:= 13 15 36 39 52 63 70 71 73 77 84 86 87 101 103 105 108 110 114 116;
set M:= 130 131 134 143 144;
set K:= 1 2 3;
param D:= 100;
param Q:= 540;
param v:= 2000000;
param f:= 
130 45000
131 73862
134 96841
143 48720
144 52000
;
param:	xcoord ycoord w q:=
0 -32.75044 -70.72613 0 1 
1 -33.0433 -71.624 0 1 
13 -32.34055 -71.17481 99 1 
15 -32.44511 -71.32299 71 1 
36 -32.83944 -71.00021 66 1 
39 -32.74002 -70.64044 105 1 
52 -32.90338 -70.26912 86 1 
63 -32.76227 -70.50125 44 1 
70 -33.29115 -71.47716 94 1 
71 -33.29475 -71.41066 32 1 
73 -33.20765 -71.57225 80 1 
77 -32.9314 -71.47561 30 1 
84 -32.86028 -71.45447 70 1 
86 -32.86452 -71.49062 87 1 
87 -32.83144 -71.47526 89 1 
101 -33.34522 -71.64882 59 1 
103 -33.35491 -71.65289 40 1 
105 -33.53115 -71.54035 119 1 
108 -33.44564 -71.67852 41 1 
110 -33.63989 -71.57131 49 1 
114 -33.63163 -71.61037 97 1 
116 -33.88859 -71.64141 97 1 
130 -33.65802 -71.56785 0 1 
131 -33.65502 -71.62965 0 1 
134 -33.61172 -71.60733 0 1 
143 -32.78349 -71.53032 0 1 
144 -32.77144 -71.53401 0 1 
;
param d[*,*]
#distancia de viaje entre puentes
: 13 15 36 39 52 63 70 71 73 77 84 86 87 101 103 105 108 110 114 116:=
13 0.0 29.0 88.0 110.0 154.0 127.0 138.0 138.0 137.0 96.0 83.0 87.0 83.0 159.0 160.0 174.0 172.0 193.0 189.0 229.0
15 30.0 0.0 69.0 106.0 147.0 123.0 119.0 119.0 118.0 78.0 65.0 68.0 64.0 140.0 141.0 155.0 154.0 174.0 171.0 210.0
36 86.0 67.0 0.0 43.0 84.0 60.0 101.0 101.0 105.0 64.0 67.0 72.0 71.0 122.0 123.0 137.0 135.0 156.0 152.0 192.0
39 110.0 105.0 42.0 0.0 50.0 18.0 139.0 139.0 143.0 102.0 106.0 110.0 109.0 160.0 161.0 175.0 174.0 191.0 191.0 214.0
52 175.0 169.0 106.0 71.0 0.0 70.0 201.0 202.0 207.0 166.0 169.0 174.0 173.0 222.0 223.0 228.0 233.0 236.0 241.0 259.0
63 127.0 122.0 59.0 18.0 49.0 0.0 156.0 156.0 160.0 119.0 122.0 127.0 125.0 176.0 178.0 184.0 190.0 192.0 198.0 215.0
70 138.0 119.0 102.0 138.0 180.0 155.0 0.0 10.0 25.0 58.0 66.0 63.0 66.0 21.0 22.0 36.0 35.0 55.0 52.0 91.0
71 138.0 119.0 102.0 138.0 180.0 155.0 10.0 0.0 27.0 59.0 67.0 64.0 67.0 30.0 31.0 37.0 43.0 56.0 53.0 92.0
73 138.0 119.0 106.0 142.0 184.0 159.0 25.0 27.0 0.0 45.0 54.0 51.0 54.0 29.0 30.0 61.0 43.0 73.0 70.0 109.0
77 97.0 79.0 65.0 102.0 143.0 119.0 58.0 60.0 46.0 0.0 13.0 17.0 20.0 74.0 76.0 94.0 88.0 113.0 110.0 149.0
84 84.0 65.0 69.0 105.0 147.0 122.0 66.0 68.0 54.0 13.0 0.0 5.0 8.0 82.0 83.0 102.0 96.0 121.0 118.0 157.0
86 88.0 69.0 72.0 109.0 150.0 125.0 62.0 64.0 50.0 12.0 6.0 0.0 4.0 78.0 80.0 98.0 92.0 117.0 114.0 153.0
87 84.0 65.0 71.0 108.0 149.0 125.0 66.0 68.0 54.0 16.0 10.0 4.0 0.0 83.0 84.0 102.0 96.0 121.0 118.0 157.0
101 158.0 140.0 123.0 159.0 201.0 176.0 21.0 30.0 29.0 73.0 82.0 79.0 82.0 0.0 1.0 34.0 14.0 44.0 41.0 80.0
103 159.0 141.0 124.0 160.0 202.0 177.0 22.0 31.0 30.0 75.0 83.0 80.0 83.0 1.0 0.0 33.0 13.0 43.0 40.0 79.0
105 173.0 154.0 137.0 174.0 208.0 186.0 36.0 37.0 61.0 93.0 101.0 98.0 101.0 33.0 32.0 0.0 21.0 22.0 19.0 58.0
108 172.0 153.0 136.0 173.0 213.0 190.0 35.0 42.0 43.0 87.0 95.0 92.0 96.0 14.0 13.0 21.0 0.0 30.0 27.0 66.0
110 191.0 173.0 156.0 192.0 216.0 194.0 54.0 55.0 73.0 111.0 120.0 117.0 120.0 44.0 43.0 22.0 30.0 0.0 5.0 45.0
114 188.0 170.0 153.0 189.0 221.0 200.0 51.0 52.0 70.0 108.0 117.0 113.0 117.0 41.0 40.0 19.0 27.0 5.0 0.0 39.0
116 227.0 208.0 191.0 218.0 240.0 218.0 89.0 90.0 109.0 147.0 155.0 152.0 155.0 79.0 78.0 57.0 66.0 44.0 39.0 0.0

#distancia viaje entre puentes y alojamientos
: 130 131 134 143 144:=
13 195.0 193.0 187.0 85.0 87.0
15 176.0 174.0 168.0 67.0 68.0
36 158.0 156.0 150.0 74.0 75.0
39 194.0 195.0 188.0 112.0 114.0
52 239.0 245.0 241.0 176.0 177.0
63 195.0 201.0 197.0 129.0 130.0
70 57.0 55.0 49.0 76.0 78.0
71 59.0 57.0 50.0 78.0 79.0
73 76.0 74.0 68.0 64.0 66.0
77 116.0 114.0 108.0 31.0 32.0
84 123.0 121.0 115.0 17.0 19.0
86 120.0 118.0 112.0 15.0 16.0
87 124.0 122.0 116.0 10.0 12.0
101 47.0 45.0 39.0 92.0 94.0
103 46.0 44.0 38.0 93.0 95.0
105 25.0 23.0 17.0 112.0 113.0
108 32.0 30.0 24.0 106.0 107.0
110 3.0 9.0 6.0 130.0 132.0
114 8.0 4.0 2.0 127.0 129.0
116 47.0 39.0 41.0 166.0 167.0

#distancia entre alojamientos y puentes
: 13 15 36 39 52 63 70 71 73 77 84 86 87 101 103 105 108 110 114 116:=
130 194.0 175.0 158.0 195.0 219.0 197.0 57.0 58.0 76.0 114.0 122.0 119.0 123.0 47.0 45.0 24.0 33.0 3.0 8.0 47.0
131 192.0 173.0 156.0 193.0 225.0 203.0 55.0 56.0 74.0 112.0 120.0 117.0 121.0 45.0 43.0 22.0 31.0 9.0 4.0 40.0
134 186.0 167.0 150.0 187.0 221.0 199.0 48.0 49.0 68.0 106.0 114.0 111.0 114.0 38.0 37.0 16.0 25.0 6.0 2.0 42.0
143 87.0 68.0 75.0 111.0 153.0 128.0 77.0 79.0 65.0 27.0 17.0 15.0 11.0 93.0 94.0 113.0 107.0 132.0 129.0 168.0
144 88.0 69.0 76.0 113.0 154.0 129.0 78.0 80.0 66.0 28.0 19.0 16.0 12.0 94.0 96.0 114.0 108.0 133.0 130.0 169.0

#distancia entre depositos y puentes
: 13 15 36 39 52 63 70 71 73 77 84 86 87 101 103 105 108 110 114 116:=
0 101.0 96.0 33.0 10.0 53.0 27.0 129.0 130.0 133.0 92.0 96.0 101.0 99.0 150.0 151.0 165.0 164.0 184.0 181.0 208.0
1 118.0 100.0 89.0 126.0 167.0 143.0 38.0 40.0 26.0 27.0 35.0 31.0 35.0 54.0 55.0 74.0 68.0 93.0 90.0 129.0

#distancia entre puentes y depositos
: 0 1:=
13 101.0 117.0
15 96.0 99.0
36 33.0 88.0
39 10.0 126.0
52 75.0 190.0
63 27.0 143.0
70 128.0 38.0
71 129.0 39.0
73 132.0 26.0
77 92.0 29.0
84 95.0 34.0
86 99.0 30.0
87 98.0 34.0
101 149.0 54.0
103 150.0 55.0
105 164.0 73.0
108 163.0 67.0
110 182.0 92.0
114 179.0 89.0
116 212.0 127.0

;