set O:= 0 1;
set N:= 3 8 10 13 15 16 17 21 25 28 33 36 39 44 45 49 50 52 62 70 71 74 75 77 81 85 88 89 92 98 100 101 103 104 105 106 110 111 114 116;
set M:= 122 123 126 128 129 134 137 140 143 144;
set K:= 1 2 3 4 5;
param D:= 100;
param Q:= 540;
param v:= 2000000;
param f:= 
122 24000
123 26037
126 68517
128 39740
129 42028
134 96841
137 27856
140 48596
143 48720
144 52000
;
param:	xcoord ycoord w q:=
0 -32.75044 -70.72613 0 1 
1 -33.0433 -71.624 0 1 
3 -32.35092 -70.79153 105 1 
8 -32.44708 -71.19315 110 1 
10 -32.43335 -71.23322 48 1 
13 -32.34055 -71.17481 99 1 
15 -32.44511 -71.32299 71 1 
16 -32.21823 -70.82151 78 1 
17 -32.34859 -71.07237 51 1 
21 -32.80094 -70.95847 94 1 
25 -32.86219 -70.89013 69 1 
28 -32.86292 -70.94795 99 1 
33 -32.62252 -70.72251 72 1 
36 -32.83944 -71.00021 66 1 
39 -32.74002 -70.64044 105 1 
44 -32.76742 -70.61154 38 1 
45 -32.74039 -70.64 42 1 
49 -32.90731 -70.28602 104 1 
50 -32.87857 -70.20821 39 1 
52 -32.90338 -70.26912 86 1 
62 -32.76924 -70.56035 84 1 
70 -33.29115 -71.47716 94 1 
71 -33.29475 -71.41066 32 1 
74 -32.91961 -71.50488 57 1 
75 -32.91508 -71.49869 66 1 
77 -32.9314 -71.47561 30 1 
81 -32.68399 -71.39191 70 1 
85 -32.8625 -71.46772 106 1 
88 -32.80869 -71.44189 36 1 
89 -33.10385 -71.66487 64 1 
92 -33.58655 -71.52943 57 1 
98 -32.98749 -71.50073 83 1 
100 -33.38903 -71.69158 108 1 
101 -33.34522 -71.64882 59 1 
103 -33.35491 -71.65289 40 1 
104 -33.61332 -71.40226 39 1 
105 -33.53115 -71.54035 119 1 
106 -33.53398 -71.59339 54 1 
110 -33.63989 -71.57131 49 1 
111 -33.77523 -71.42462 65 1 
114 -33.63163 -71.61037 97 1 
116 -33.88859 -71.64141 97 1 
122 -32.77961 -70.95976 0 1 
123 -32.88254 -71.09009 0 1 
126 -32.25311 -70.93619 0 1 
128 -32.43019 -71.07467 0 1 
129 -32.44456 -71.22894 0 1 
134 -33.61172 -71.60733 0 1 
137 -32.91915 -71.52057 0 1 
140 -32.93024 -71.55027 0 1 
143 -32.78349 -71.53032 0 1 
144 -32.77144 -71.53401 0 1 
;
param d[*,*]
#distancia de viaje entre puentes
: 3 8 10 13 15 16 17 21 25 28 33 36 39 44 45 49 50 52 62 70 71 74 75 77 81 85 88 89 92 98 100 101 103 104 105 106 110 111 114 116:=
3 0.0 51.0 55.0 52.0 62.0 19.0 46.0 83.0 97.0 94.0 43.0 90.0 68.0 71.0 68.0 110.0 118.0 111.0 78.0 171.0 171.0 127.0 126.0 129.0 99.0 117.0 110.0 161.0 212.0 136.0 198.0 191.0 192.0 217.0 207.0 211.0 225.0 238.0 222.0 261.0
8 51.0 0.0 4.0 20.0 14.0 62.0 32.0 75.0 77.0 73.0 84.0 73.0 109.0 112.0 109.0 149.0 157.0 151.0 119.0 122.0 122.0 79.0 78.0 81.0 51.0 69.0 61.0 113.0 164.0 88.0 150.0 143.0 144.0 169.0 158.0 163.0 177.0 196.0 174.0 213.0
10 55.0 4.0 0.0 19.0 11.0 60.0 30.0 72.0 75.0 71.0 89.0 70.0 106.0 110.0 106.0 146.0 155.0 148.0 116.0 120.0 120.0 76.0 76.0 78.0 48.0 67.0 59.0 110.0 161.0 85.0 148.0 141.0 142.0 166.0 156.0 160.0 175.0 193.0 171.0 211.0
13 52.0 20.0 19.0 0.0 29.0 50.0 19.0 90.0 93.0 89.0 85.0 88.0 110.0 113.0 110.0 152.0 160.0 154.0 120.0 138.0 138.0 94.0 94.0 96.0 66.0 85.0 77.0 128.0 179.0 103.0 166.0 159.0 160.0 184.0 174.0 178.0 193.0 211.0 189.0 229.0
15 62.0 14.0 11.0 30.0 0.0 71.0 41.0 71.0 74.0 70.0 96.0 69.0 106.0 109.0 106.0 146.0 154.0 147.0 115.0 119.0 119.0 76.0 75.0 78.0 48.0 66.0 58.0 110.0 160.0 84.0 147.0 140.0 141.0 166.0 155.0 159.0 174.0 192.0 171.0 210.0
16 19.0 62.0 60.0 49.0 70.0 0.0 31.0 101.0 115.0 112.0 61.0 109.0 86.0 89.0 86.0 128.0 136.0 130.0 96.0 179.0 179.0 135.0 135.0 137.0 107.0 126.0 118.0 170.0 220.0 144.0 207.0 200.0 201.0 226.0 215.0 219.0 234.0 252.0 230.0 270.0
17 46.0 31.0 30.0 19.0 40.0 31.0 0.0 91.0 103.0 100.0 79.0 99.0 104.0 107.0 104.0 146.0 154.0 147.0 114.0 149.0 149.0 105.0 104.0 107.0 77.0 95.0 88.0 139.0 190.0 114.0 176.0 169.0 170.0 195.0 185.0 189.0 203.0 222.0 200.0 239.0
21 83.0 74.0 71.0 89.0 70.0 101.0 91.0 0.0 14.0 11.0 40.0 7.0 37.0 40.0 37.0 77.0 85.0 78.0 46.0 104.0 104.0 71.0 72.0 67.0 65.0 72.0 67.0 103.0 146.0 74.0 132.0 125.0 126.0 151.0 140.0 145.0 159.0 177.0 156.0 195.0
25 96.0 77.0 74.0 92.0 74.0 115.0 104.0 14.0 0.0 7.0 54.0 12.0 48.0 52.0 48.0 88.0 97.0 90.0 58.0 108.0 108.0 74.0 75.0 71.0 69.0 76.0 70.0 106.0 149.0 78.0 135.0 128.0 130.0 154.0 144.0 148.0 162.0 176.0 159.0 199.0
28 93.0 73.0 71.0 89.0 70.0 111.0 100.0 11.0 7.0 0.0 50.0 9.0 45.0 49.0 45.0 85.0 93.0 87.0 55.0 104.0 104.0 70.0 71.0 67.0 65.0 72.0 67.0 102.0 145.0 74.0 132.0 125.0 126.0 150.0 140.0 144.0 159.0 177.0 155.0 195.0
33 43.0 84.0 88.0 85.0 95.0 61.0 79.0 40.0 54.0 51.0 0.0 47.0 25.0 28.0 25.0 67.0 75.0 68.0 35.0 144.0 144.0 111.0 112.0 107.0 105.0 112.0 107.0 143.0 186.0 114.0 172.0 165.0 166.0 184.0 180.0 185.0 199.0 195.0 196.0 223.0
36 91.0 70.0 68.0 86.0 67.0 109.0 97.0 8.0 12.0 8.0 48.0 0.0 43.0 46.0 43.0 83.0 91.0 84.0 52.0 101.0 101.0 67.0 68.0 64.0 62.0 69.0 64.0 99.0 142.0 71.0 129.0 122.0 123.0 148.0 137.0 141.0 156.0 174.0 152.0 192.0
39 67.0 109.0 106.0 110.0 105.0 86.0 103.0 36.0 49.0 46.0 25.0 42.0 0.0 6.0 0.0 48.0 56.0 50.0 11.0 139.0 139.0 106.0 106.0 102.0 100.0 107.0 102.0 137.0 180.0 109.0 167.0 160.0 161.0 176.0 175.0 180.0 191.0 186.0 191.0 214.0
44 71.0 112.0 109.0 113.0 108.0 89.0 106.0 40.0 52.0 49.0 28.0 45.0 6.0 0.0 6.0 44.0 53.0 46.0 8.0 142.0 142.0 109.0 110.0 105.0 103.0 110.0 105.0 140.0 183.0 112.0 170.0 163.0 164.0 172.0 178.0 183.0 188.0 183.0 193.0 211.0
45 67.0 109.0 106.0 110.0 105.0 86.0 103.0 36.0 49.0 45.0 25.0 42.0 0.0 6.0 0.0 48.0 56.0 49.0 11.0 139.0 139.0 106.0 106.0 102.0 100.0 107.0 102.0 137.0 180.0 109.0 167.0 160.0 161.0 175.0 175.0 179.0 191.0 186.0 191.0 214.0
49 135.0 174.0 171.0 177.0 171.0 153.0 171.0 102.0 115.0 111.0 92.0 108.0 73.0 69.0 73.0 0.0 8.0 2.0 65.0 203.0 203.0 171.0 172.0 168.0 166.0 172.0 167.0 203.0 235.0 174.0 231.0 224.0 225.0 222.0 229.0 234.0 238.0 232.0 243.0 260.0
50 117.0 157.0 154.0 160.0 153.0 136.0 153.0 85.0 97.0 94.0 75.0 91.0 56.0 52.0 56.0 12.0 0.0 14.0 48.0 186.0 186.0 154.0 155.0 150.0 149.0 155.0 150.0 186.0 217.0 157.0 214.0 207.0 208.0 205.0 212.0 217.0 221.0 215.0 226.0 243.0
52 133.0 172.0 170.0 175.0 169.0 151.0 169.0 100.0 113.0 109.0 90.0 106.0 71.0 68.0 71.0 2.0 7.0 0.0 63.0 201.0 202.0 169.0 170.0 166.0 164.0 171.0 166.0 201.0 233.0 173.0 229.0 222.0 223.0 220.0 228.0 232.0 236.0 231.0 241.0 259.0
62 78.0 118.0 116.0 120.0 115.0 96.0 114.0 46.0 58.0 55.0 35.0 52.0 11.0 8.0 11.0 40.0 48.0 41.0 0.0 149.0 149.0 115.0 116.0 112.0 110.0 117.0 112.0 147.0 182.0 119.0 176.0 169.0 171.0 169.0 177.0 181.0 185.0 180.0 191.0 208.0
70 170.0 122.0 119.0 138.0 119.0 179.0 149.0 104.0 106.0 103.0 144.0 102.0 138.0 142.0 138.0 178.0 186.0 180.0 148.0 0.0 10.0 54.0 55.0 58.0 89.0 64.0 72.0 43.0 41.0 46.0 28.0 21.0 22.0 47.0 36.0 40.0 55.0 73.0 52.0 91.0
71 170.0 122.0 120.0 138.0 119.0 179.0 149.0 104.0 107.0 103.0 144.0 102.0 138.0 142.0 138.0 178.0 187.0 180.0 148.0 10.0 0.0 56.0 56.0 59.0 90.0 65.0 73.0 44.0 42.0 47.0 37.0 30.0 31.0 48.0 37.0 42.0 56.0 74.0 53.0 92.0
74 128.0 80.0 77.0 96.0 77.0 137.0 107.0 71.0 74.0 70.0 111.0 69.0 106.0 109.0 105.0 145.0 154.0 147.0 115.0 55.0 56.0 0.0 1.0 5.0 35.0 10.0 18.0 34.0 96.0 9.0 78.0 71.0 72.0 101.0 91.0 95.0 110.0 128.0 106.0 146.0
75 127.0 79.0 77.0 95.0 76.0 136.0 106.0 72.0 74.0 71.0 112.0 70.0 106.0 110.0 106.0 146.0 154.0 148.0 116.0 56.0 57.0 1.0 0.0 6.0 34.0 9.0 17.0 35.0 97.0 10.0 79.0 72.0 73.0 102.0 92.0 96.0 110.0 129.0 107.0 146.0
77 130.0 82.0 79.0 97.0 79.0 139.0 108.0 68.0 70.0 66.0 107.0 65.0 102.0 106.0 102.0 142.0 150.0 143.0 112.0 58.0 60.0 9.0 9.0 0.0 37.0 15.0 20.0 40.0 100.0 12.0 81.0 74.0 76.0 105.0 94.0 99.0 113.0 131.0 110.0 149.0
81 107.0 59.0 56.0 74.0 55.0 115.0 85.0 73.0 75.0 71.0 112.0 70.0 107.0 111.0 107.0 147.0 155.0 148.0 117.0 97.0 98.0 42.0 41.0 44.0 0.0 32.0 24.0 76.0 138.0 51.0 120.0 113.0 114.0 143.0 133.0 137.0 152.0 170.0 148.0 188.0
85 121.0 73.0 70.0 88.0 69.0 129.0 99.0 72.0 74.0 70.0 111.0 70.0 106.0 110.0 106.0 146.0 154.0 148.0 116.0 64.0 66.0 10.0 9.0 14.0 27.0 0.0 10.0 44.0 106.0 19.0 88.0 81.0 82.0 111.0 100.0 105.0 119.0 138.0 116.0 155.0
88 110.0 62.0 60.0 78.0 59.0 119.0 89.0 67.0 69.0 65.0 106.0 65.0 101.0 105.0 101.0 141.0 149.0 143.0 111.0 72.0 74.0 18.0 17.0 19.0 17.0 8.0 0.0 52.0 114.0 26.0 95.0 88.0 90.0 119.0 108.0 113.0 127.0 145.0 124.0 163.0
89 163.0 115.0 112.0 130.0 111.0 171.0 141.0 103.0 105.0 102.0 143.0 101.0 137.0 141.0 137.0 177.0 186.0 179.0 147.0 40.0 42.0 35.0 35.0 39.0 69.0 44.0 53.0 0.0 81.0 29.0 63.0 56.0 57.0 87.0 76.0 81.0 95.0 113.0 92.0 131.0
92 211.0 163.0 160.0 178.0 160.0 220.0 189.0 145.0 147.0 143.0 184.0 143.0 179.0 183.0 179.0 211.0 220.0 213.0 185.0 41.0 42.0 95.0 96.0 98.0 130.0 105.0 113.0 84.0 0.0 87.0 32.0 37.0 36.0 19.0 7.0 12.0 19.0 36.0 16.0 56.0
98 137.0 89.0 86.0 104.0 85.0 145.0 115.0 74.0 77.0 73.0 114.0 72.0 109.0 112.0 109.0 149.0 157.0 150.0 118.0 46.0 48.0 8.0 9.0 12.0 43.0 18.0 26.0 28.0 88.0 0.0 69.0 62.0 64.0 93.0 82.0 87.0 101.0 119.0 98.0 137.0
100 198.0 150.0 147.0 165.0 146.0 207.0 176.0 132.0 134.0 130.0 171.0 129.0 166.0 170.0 166.0 206.0 214.0 208.0 176.0 28.0 37.0 77.0 78.0 80.0 112.0 87.0 95.0 66.0 32.0 68.0 0.0 7.0 6.0 45.0 28.0 21.0 37.0 64.0 33.0 73.0
101 191.0 143.0 140.0 158.0 140.0 200.0 169.0 125.0 127.0 123.0 164.0 123.0 159.0 163.0 159.0 199.0 207.0 201.0 169.0 21.0 30.0 70.0 71.0 73.0 105.0 80.0 88.0 59.0 37.0 62.0 7.0 0.0 1.0 51.0 34.0 28.0 44.0 69.0 41.0 80.0
103 192.0 144.0 141.0 159.0 141.0 201.0 171.0 126.0 128.0 125.0 165.0 124.0 160.0 164.0 160.0 200.0 208.0 202.0 170.0 22.0 31.0 71.0 72.0 75.0 106.0 81.0 89.0 60.0 36.0 63.0 6.0 1.0 0.0 50.0 33.0 27.0 43.0 68.0 40.0 79.0
104 217.0 169.0 166.0 184.0 166.0 226.0 195.0 151.0 153.0 149.0 190.0 149.0 185.0 185.0 185.0 209.0 217.0 211.0 182.0 47.0 48.0 101.0 102.0 104.0 136.0 111.0 119.0 90.0 18.0 92.0 45.0 49.0 48.0 0.0 18.0 24.0 19.0 31.0 24.0 63.0
105 206.0 158.0 155.0 173.0 154.0 214.0 184.0 140.0 142.0 138.0 179.0 137.0 174.0 177.0 174.0 206.0 214.0 208.0 179.0 36.0 37.0 90.0 91.0 93.0 125.0 100.0 107.0 78.0 8.0 81.0 28.0 33.0 32.0 18.0 0.0 7.0 22.0 39.0 19.0 58.0
106 211.0 163.0 160.0 178.0 159.0 219.0 189.0 145.0 147.0 143.0 184.0 142.0 179.0 183.0 179.0 211.0 219.0 213.0 184.0 41.0 42.0 95.0 96.0 98.0 130.0 105.0 113.0 84.0 12.0 86.0 21.0 27.0 26.0 25.0 7.0 0.0 16.0 43.0 13.0 52.0
110 224.0 176.0 173.0 191.0 173.0 233.0 203.0 158.0 160.0 157.0 198.0 156.0 192.0 190.0 192.0 214.0 223.0 216.0 187.0 54.0 55.0 108.0 109.0 111.0 143.0 118.0 126.0 97.0 19.0 100.0 37.0 44.0 43.0 19.0 22.0 17.0 0.0 31.0 5.0 45.0
111 241.0 194.0 191.0 209.0 191.0 251.0 220.0 176.0 178.0 174.0 198.0 174.0 189.0 185.0 189.0 209.0 218.0 211.0 182.0 72.0 73.0 126.0 127.0 129.0 161.0 136.0 144.0 115.0 36.0 118.0 63.0 67.0 66.0 27.0 38.0 42.0 31.0 0.0 36.0 75.0
114 221.0 173.0 170.0 188.0 170.0 230.0 199.0 155.0 157.0 153.0 194.0 153.0 189.0 193.0 189.0 219.0 228.0 221.0 193.0 51.0 52.0 105.0 106.0 108.0 140.0 115.0 123.0 94.0 15.0 96.0 34.0 41.0 40.0 24.0 19.0 13.0 5.0 36.0 0.0 39.0
116 260.0 212.0 209.0 227.0 208.0 268.0 238.0 193.0 196.0 192.0 227.0 191.0 218.0 214.0 218.0 238.0 247.0 240.0 211.0 89.0 90.0 144.0 145.0 147.0 179.0 153.0 161.0 132.0 54.0 135.0 73.0 79.0 78.0 62.0 57.0 52.0 44.0 74.0 39.0 0.0

#distancia viaje entre puentes y alojamientos
: 122 123 126 128 129 134 137 140 143 144:=
3 81.0 106.0 32.0 34.0 53.0 220.0 129.0 133.0 118.0 120.0
8 76.0 63.0 50.0 17.0 5.0 172.0 81.0 85.0 70.0 71.0
10 73.0 61.0 49.0 21.0 3.0 169.0 78.0 82.0 67.0 69.0
13 91.0 79.0 38.0 21.0 21.0 187.0 96.0 100.0 85.0 87.0
15 72.0 60.0 59.0 28.0 10.0 168.0 78.0 81.0 67.0 68.0
16 99.0 120.0 12.0 45.0 62.0 228.0 137.0 141.0 126.0 128.0
17 89.0 89.0 20.0 14.0 32.0 198.0 107.0 111.0 96.0 98.0
21 2.0 23.0 110.0 79.0 70.0 154.0 72.0 76.0 77.0 79.0
25 16.0 26.0 122.0 91.0 73.0 157.0 75.0 79.0 81.0 82.0
28 13.0 22.0 118.0 87.0 69.0 153.0 72.0 75.0 77.0 78.0
33 38.0 63.0 74.0 67.0 86.0 194.0 112.0 116.0 117.0 119.0
36 11.0 19.0 116.0 85.0 66.0 150.0 69.0 73.0 74.0 75.0
39 39.0 58.0 98.0 92.0 105.0 188.0 107.0 111.0 112.0 114.0
44 42.0 61.0 101.0 95.0 108.0 192.0 110.0 114.0 115.0 117.0
45 39.0 58.0 98.0 92.0 104.0 188.0 107.0 111.0 112.0 114.0
49 104.0 123.0 165.0 159.0 170.0 243.0 172.0 176.0 178.0 179.0
50 87.0 106.0 148.0 142.0 153.0 226.0 155.0 159.0 160.0 162.0
52 103.0 121.0 164.0 157.0 168.0 241.0 171.0 175.0 176.0 177.0
62 48.0 67.0 109.0 102.0 114.0 190.0 116.0 120.0 122.0 123.0
70 105.0 92.0 167.0 136.0 118.0 49.0 52.0 49.0 76.0 78.0
71 105.0 92.0 168.0 136.0 118.0 50.0 53.0 51.0 78.0 79.0
74 72.0 58.0 125.0 94.0 76.0 104.0 2.0 6.0 22.0 23.0
75 73.0 59.0 125.0 94.0 75.0 105.0 2.0 6.0 21.0 23.0
77 69.0 55.0 127.0 96.0 78.0 108.0 10.0 14.0 31.0 32.0
81 74.0 61.0 104.0 73.0 54.0 146.0 44.0 48.0 33.0 35.0
85 73.0 59.0 118.0 87.0 68.0 114.0 11.0 15.0 17.0 18.0
88 68.0 55.0 108.0 77.0 58.0 122.0 19.0 23.0 11.0 12.0
89 104.0 90.0 160.0 129.0 111.0 89.0 34.0 31.0 57.0 58.0
92 146.0 132.0 208.0 177.0 159.0 14.0 92.0 90.0 117.0 119.0
98 75.0 61.0 134.0 103.0 84.0 96.0 9.0 11.0 30.0 32.0
100 133.0 119.0 195.0 164.0 146.0 31.0 74.0 72.0 99.0 101.0
101 126.0 112.0 188.0 157.0 139.0 39.0 67.0 65.0 92.0 94.0
103 127.0 114.0 189.0 158.0 140.0 38.0 69.0 66.0 93.0 95.0
104 152.0 138.0 214.0 183.0 165.0 24.0 98.0 96.0 123.0 125.0
105 141.0 127.0 203.0 172.0 154.0 17.0 87.0 85.0 112.0 113.0
106 146.0 132.0 208.0 177.0 159.0 11.0 92.0 90.0 117.0 118.0
110 159.0 146.0 221.0 190.0 172.0 6.0 106.0 103.0 130.0 132.0
111 177.0 163.0 239.0 208.0 190.0 36.0 123.0 121.0 148.0 150.0
114 156.0 142.0 218.0 187.0 169.0 2.0 102.0 100.0 127.0 129.0
116 194.0 181.0 257.0 226.0 207.0 41.0 141.0 139.0 166.0 167.0

#distancia entre alojamientos y puentes
: 3 8 10 13 15 16 17 21 25 28 33 36 39 44 45 49 50 52 62 70 71 74 75 77 81 85 88 89 92 98 100 101 103 104 105 106 110 111 114 116:=
122 81.0 76.0 73.0 91.0 72.0 99.0 89.0 2.0 16.0 13.0 38.0 10.0 39.0 43.0 39.0 79.0 87.0 81.0 49.0 106.0 106.0 73.0 73.0 69.0 67.0 74.0 69.0 104.0 147.0 76.0 134.0 127.0 128.0 153.0 142.0 146.0 161.0 179.0 158.0 197.0
123 106.0 63.0 60.0 78.0 60.0 120.0 89.0 23.0 26.0 22.0 63.0 21.0 58.0 61.0 58.0 98.0 106.0 99.0 68.0 92.0 92.0 59.0 59.0 55.0 54.0 60.0 56.0 90.0 133.0 62.0 120.0 113.0 114.0 139.0 128.0 132.0 147.0 165.0 144.0 183.0
126 32.0 50.0 48.0 38.0 59.0 13.0 19.0 110.0 122.0 118.0 74.0 117.0 99.0 102.0 99.0 140.0 149.0 142.0 109.0 167.0 167.0 124.0 123.0 125.0 96.0 114.0 106.0 158.0 208.0 132.0 195.0 188.0 189.0 214.0 203.0 208.0 222.0 240.0 219.0 258.0
128 34.0 17.0 21.0 21.0 28.0 45.0 14.0 79.0 91.0 88.0 67.0 87.0 92.0 95.0 92.0 134.0 142.0 135.0 102.0 137.0 137.0 93.0 92.0 95.0 65.0 83.0 76.0 127.0 178.0 102.0 164.0 157.0 159.0 183.0 173.0 177.0 191.0 210.0 188.0 228.0
129 53.0 5.0 2.0 20.0 10.0 62.0 31.0 71.0 73.0 69.0 86.0 68.0 105.0 109.0 105.0 145.0 153.0 147.0 115.0 118.0 118.0 75.0 74.0 77.0 47.0 65.0 57.0 109.0 160.0 83.0 146.0 139.0 140.0 165.0 154.0 159.0 173.0 191.0 170.0 209.0
134 219.0 170.0 168.0 186.0 167.0 227.0 197.0 152.0 155.0 151.0 192.0 150.0 187.0 190.0 187.0 219.0 227.0 221.0 192.0 48.0 49.0 103.0 103.0 106.0 137.0 112.0 120.0 91.0 13.0 94.0 32.0 38.0 37.0 24.0 16.0 11.0 6.0 36.0 2.0 42.0
137 130.0 82.0 79.0 97.0 79.0 139.0 108.0 72.0 75.0 71.0 112.0 70.0 107.0 110.0 107.0 146.0 155.0 148.0 116.0 52.0 53.0 2.0 2.0 6.0 37.0 11.0 20.0 34.0 93.0 10.0 75.0 68.0 69.0 99.0 88.0 92.0 107.0 125.0 103.0 143.0
140 134.0 86.0 83.0 101.0 82.0 142.0 112.0 76.0 78.0 75.0 116.0 74.0 110.0 114.0 110.0 150.0 158.0 152.0 120.0 50.0 51.0 5.0 6.0 10.0 40.0 15.0 24.0 31.0 91.0 10.0 73.0 66.0 67.0 96.0 86.0 90.0 104.0 123.0 101.0 141.0
143 119.0 71.0 69.0 87.0 68.0 128.0 98.0 77.0 80.0 76.0 117.0 75.0 111.0 115.0 111.0 151.0 160.0 153.0 121.0 77.0 79.0 22.0 21.0 27.0 26.0 17.0 11.0 56.0 118.0 31.0 100.0 93.0 94.0 124.0 113.0 117.0 132.0 150.0 129.0 168.0
144 121.0 73.0 70.0 88.0 69.0 129.0 99.0 78.0 81.0 77.0 118.0 76.0 113.0 116.0 113.0 153.0 161.0 154.0 122.0 78.0 80.0 23.0 23.0 28.0 27.0 18.0 12.0 58.0 120.0 33.0 101.0 94.0 96.0 125.0 114.0 119.0 133.0 151.0 130.0 169.0

#distancia entre depositos y puentes
: 3 8 10 13 15 16 17 21 25 28 33 36 39 44 45 49 50 52 62 70 71 74 75 77 81 85 88 89 92 98 100 101 103 104 105 106 110 111 114 116:=
0 59.0 99.0 96.0 101.0 96.0 77.0 95.0 27.0 39.0 36.0 16.0 33.0 10.0 14.0 10.0 51.0 60.0 53.0 20.0 129.0 130.0 96.0 97.0 92.0 91.0 97.0 92.0 128.0 171.0 99.0 157.0 150.0 151.0 170.0 165.0 170.0 184.0 180.0 181.0 208.0
1 151.0 103.0 100.0 118.0 100.0 160.0 130.0 91.0 94.0 90.0 131.0 89.0 126.0 129.0 126.0 166.0 174.0 167.0 135.0 38.0 40.0 23.0 24.0 27.0 58.0 33.0 41.0 12.0 80.0 17.0 61.0 54.0 55.0 85.0 74.0 79.0 93.0 111.0 90.0 129.0

#distancia entre puentes y depositos
: 0 1:=
3 59.0 150.0
8 99.0 102.0
10 97.0 99.0
13 101.0 117.0
15 96.0 99.0
16 77.0 158.0
17 95.0 128.0
21 27.0 91.0
25 38.0 94.0
28 35.0 91.0
33 16.0 131.0
36 33.0 88.0
39 10.0 126.0
44 13.0 129.0
45 10.0 126.0
49 77.0 191.0
50 59.0 174.0
52 75.0 190.0
62 20.0 136.0
70 128.0 38.0
71 129.0 39.0
74 96.0 23.0
75 96.0 24.0
77 92.0 29.0
81 97.0 65.0
85 96.0 32.0
88 91.0 40.0
89 127.0 12.0
92 169.0 79.0
98 99.0 17.0
100 156.0 60.0
101 149.0 54.0
103 150.0 55.0
104 175.0 85.0
105 164.0 73.0
106 169.0 78.0
110 182.0 92.0
111 183.0 110.0
114 179.0 89.0
116 212.0 127.0

;