set O:= 0 1;
set N:= 3 8 13 16 17 21 25 28 36 62 74 81 85 88 89 92 98 100 103 104 105 106 111 114 116;
set M:= 124 127 128 129 130 131 134 137 144 146;
set K:= 1 2 3 4 5;
param D:= 100;
param Q:= 540;
param v:= 2000000;
param f:= 
124 63000
127 25694
128 39740
129 42028
130 45000
131 73862
134 96841
137 27856
144 52000
146 78000
;
param:	xcoord ycoord w q:=
0 -32.75044 -70.72613 0 1 
1 -33.0433 -71.624 0 1 
3 -32.35092 -70.79153 105 1 
8 -32.44708 -71.19315 110 1 
13 -32.34055 -71.17481 99 1 
16 -32.21823 -70.82151 78 1 
17 -32.34859 -71.07237 51 1 
21 -32.80094 -70.95847 94 1 
25 -32.86219 -70.89013 69 1 
28 -32.86292 -70.94795 99 1 
36 -32.83944 -71.00021 66 1 
62 -32.76924 -70.56035 84 1 
74 -32.91961 -71.50488 57 1 
81 -32.68399 -71.39191 70 1 
85 -32.8625 -71.46772 106 1 
88 -32.80869 -71.44189 36 1 
89 -33.10385 -71.66487 64 1 
92 -33.58655 -71.52943 57 1 
98 -32.98749 -71.50073 83 1 
100 -33.38903 -71.69158 108 1 
103 -33.35491 -71.65289 40 1 
104 -33.61332 -71.40226 39 1 
105 -33.53115 -71.54035 119 1 
106 -33.53398 -71.59339 54 1 
111 -33.77523 -71.42462 65 1 
114 -33.63163 -71.61037 97 1 
116 -33.88859 -71.64141 97 1 
124 -32.85659 -70.41855 0 1 
127 -32.24898 -70.9333 0 1 
128 -32.43019 -71.07467 0 1 
129 -32.44456 -71.22894 0 1 
130 -33.65802 -71.56785 0 1 
131 -33.65502 -71.62965 0 1 
134 -33.61172 -71.60733 0 1 
137 -32.91915 -71.52057 0 1 
144 -32.77144 -71.53401 0 1 
146 -33.38843 -71.53636 0 1 
;
param d[*,*]
#distancia de viaje entre puentes
: 3 8 13 16 17 21 25 28 36 62 74 81 85 88 89 92 98 100 103 104 105 106 111 114 116:=
3 0.0 51.0 52.0 19.0 46.0 83.0 97.0 94.0 90.0 78.0 127.0 99.0 117.0 110.0 161.0 212.0 136.0 198.0 192.0 217.0 207.0 211.0 238.0 222.0 261.0
8 51.0 0.0 20.0 62.0 32.0 75.0 77.0 73.0 73.0 119.0 79.0 51.0 69.0 61.0 113.0 164.0 88.0 150.0 144.0 169.0 158.0 163.0 196.0 174.0 213.0
13 52.0 20.0 0.0 50.0 19.0 90.0 93.0 89.0 88.0 120.0 94.0 66.0 85.0 77.0 128.0 179.0 103.0 166.0 160.0 184.0 174.0 178.0 211.0 189.0 229.0
16 19.0 62.0 49.0 0.0 31.0 101.0 115.0 112.0 109.0 96.0 135.0 107.0 126.0 118.0 170.0 220.0 144.0 207.0 201.0 226.0 215.0 219.0 252.0 230.0 270.0
17 46.0 31.0 19.0 31.0 0.0 91.0 103.0 100.0 99.0 114.0 105.0 77.0 95.0 88.0 139.0 190.0 114.0 176.0 170.0 195.0 185.0 189.0 222.0 200.0 239.0
21 83.0 74.0 89.0 101.0 91.0 0.0 14.0 11.0 7.0 46.0 71.0 65.0 72.0 67.0 103.0 146.0 74.0 132.0 126.0 151.0 140.0 145.0 177.0 156.0 195.0
25 96.0 77.0 92.0 115.0 104.0 14.0 0.0 7.0 12.0 58.0 74.0 69.0 76.0 70.0 106.0 149.0 78.0 135.0 130.0 154.0 144.0 148.0 176.0 159.0 199.0
28 93.0 73.0 89.0 111.0 100.0 11.0 7.0 0.0 9.0 55.0 70.0 65.0 72.0 67.0 102.0 145.0 74.0 132.0 126.0 150.0 140.0 144.0 177.0 155.0 195.0
36 91.0 70.0 86.0 109.0 97.0 8.0 12.0 8.0 0.0 52.0 67.0 62.0 69.0 64.0 99.0 142.0 71.0 129.0 123.0 148.0 137.0 141.0 174.0 152.0 192.0
62 78.0 118.0 120.0 96.0 114.0 46.0 58.0 55.0 52.0 0.0 115.0 110.0 117.0 112.0 147.0 182.0 119.0 176.0 171.0 169.0 177.0 181.0 180.0 191.0 208.0
74 128.0 80.0 96.0 137.0 107.0 71.0 74.0 70.0 69.0 115.0 0.0 35.0 10.0 18.0 34.0 96.0 9.0 78.0 72.0 101.0 91.0 95.0 128.0 106.0 146.0
81 107.0 59.0 74.0 115.0 85.0 73.0 75.0 71.0 70.0 117.0 42.0 0.0 32.0 24.0 76.0 138.0 51.0 120.0 114.0 143.0 133.0 137.0 170.0 148.0 188.0
85 121.0 73.0 88.0 129.0 99.0 72.0 74.0 70.0 70.0 116.0 10.0 27.0 0.0 10.0 44.0 106.0 19.0 88.0 82.0 111.0 100.0 105.0 138.0 116.0 155.0
88 110.0 62.0 78.0 119.0 89.0 67.0 69.0 65.0 65.0 111.0 18.0 17.0 8.0 0.0 52.0 114.0 26.0 95.0 90.0 119.0 108.0 113.0 145.0 124.0 163.0
89 163.0 115.0 130.0 171.0 141.0 103.0 105.0 102.0 101.0 147.0 35.0 69.0 44.0 53.0 0.0 81.0 29.0 63.0 57.0 87.0 76.0 81.0 113.0 92.0 131.0
92 211.0 163.0 178.0 220.0 189.0 145.0 147.0 143.0 143.0 185.0 95.0 130.0 105.0 113.0 84.0 0.0 87.0 32.0 36.0 19.0 7.0 12.0 36.0 16.0 56.0
98 137.0 89.0 104.0 145.0 115.0 74.0 77.0 73.0 72.0 118.0 8.0 43.0 18.0 26.0 28.0 88.0 0.0 69.0 64.0 93.0 82.0 87.0 119.0 98.0 137.0
100 198.0 150.0 165.0 207.0 176.0 132.0 134.0 130.0 129.0 176.0 77.0 112.0 87.0 95.0 66.0 32.0 68.0 0.0 6.0 45.0 28.0 21.0 64.0 33.0 73.0
103 192.0 144.0 159.0 201.0 171.0 126.0 128.0 125.0 124.0 170.0 71.0 106.0 81.0 89.0 60.0 36.0 63.0 6.0 0.0 50.0 33.0 27.0 68.0 40.0 79.0
104 217.0 169.0 184.0 226.0 195.0 151.0 153.0 149.0 149.0 182.0 101.0 136.0 111.0 119.0 90.0 18.0 92.0 45.0 48.0 0.0 18.0 24.0 31.0 24.0 63.0
105 206.0 158.0 173.0 214.0 184.0 140.0 142.0 138.0 137.0 179.0 90.0 125.0 100.0 107.0 78.0 8.0 81.0 28.0 32.0 18.0 0.0 7.0 39.0 19.0 58.0
106 211.0 163.0 178.0 219.0 189.0 145.0 147.0 143.0 142.0 184.0 95.0 130.0 105.0 113.0 84.0 12.0 86.0 21.0 26.0 25.0 7.0 0.0 43.0 13.0 52.0
111 241.0 194.0 209.0 251.0 220.0 176.0 178.0 174.0 174.0 182.0 126.0 161.0 136.0 144.0 115.0 36.0 118.0 63.0 66.0 27.0 38.0 42.0 0.0 36.0 75.0
114 221.0 173.0 188.0 230.0 199.0 155.0 157.0 153.0 153.0 193.0 105.0 140.0 115.0 123.0 94.0 15.0 96.0 34.0 40.0 24.0 19.0 13.0 36.0 0.0 39.0
116 260.0 212.0 227.0 268.0 238.0 193.0 196.0 192.0 191.0 211.0 144.0 179.0 153.0 161.0 132.0 54.0 135.0 73.0 78.0 62.0 57.0 52.0 74.0 39.0 0.0

#distancia viaje entre puentes y alojamientos
: 124 127 128 129 130 131 134 137 144 146:=
3 93.0 31.0 34.0 53.0 228.0 226.0 220.0 129.0 120.0 192.0
8 132.0 51.0 17.0 5.0 180.0 178.0 172.0 81.0 71.0 144.0
13 135.0 39.0 21.0 21.0 195.0 193.0 187.0 96.0 87.0 159.0
16 111.0 12.0 45.0 62.0 236.0 234.0 228.0 137.0 128.0 200.0
17 129.0 20.0 14.0 32.0 206.0 204.0 198.0 107.0 98.0 170.0
21 60.0 110.0 79.0 70.0 162.0 160.0 154.0 72.0 79.0 126.0
25 71.0 123.0 91.0 73.0 165.0 163.0 157.0 75.0 82.0 129.0
28 68.0 119.0 87.0 69.0 161.0 159.0 153.0 72.0 78.0 125.0
36 66.0 116.0 85.0 66.0 158.0 156.0 150.0 69.0 75.0 122.0
62 23.0 108.0 102.0 114.0 188.0 194.0 190.0 116.0 123.0 164.0
74 129.0 126.0 94.0 76.0 112.0 110.0 104.0 2.0 23.0 76.0
81 130.0 104.0 73.0 54.0 154.0 152.0 146.0 44.0 35.0 118.0
85 129.0 118.0 87.0 68.0 122.0 120.0 114.0 11.0 18.0 86.0
88 124.0 108.0 77.0 58.0 130.0 128.0 122.0 19.0 12.0 94.0
89 160.0 161.0 129.0 111.0 98.0 96.0 89.0 34.0 58.0 61.0
92 195.0 209.0 177.0 159.0 22.0 20.0 14.0 92.0 119.0 36.0
98 132.0 134.0 103.0 84.0 104.0 102.0 96.0 9.0 32.0 67.0
100 189.0 196.0 164.0 146.0 39.0 38.0 31.0 74.0 101.0 17.0
103 183.0 190.0 158.0 140.0 46.0 44.0 38.0 69.0 95.0 16.0
104 192.0 215.0 183.0 165.0 21.0 28.0 24.0 98.0 125.0 44.0
105 189.0 204.0 172.0 154.0 25.0 23.0 17.0 87.0 113.0 33.0
106 194.0 209.0 177.0 159.0 19.0 17.0 11.0 92.0 118.0 27.0
111 192.0 240.0 208.0 190.0 33.0 40.0 36.0 123.0 150.0 67.0
114 203.0 219.0 187.0 169.0 8.0 4.0 2.0 102.0 129.0 40.0
116 222.0 257.0 226.0 207.0 47.0 39.0 41.0 141.0 167.0 79.0

#distancia entre alojamientos y puentes
: 3 8 13 16 17 21 25 28 36 62 74 81 85 88 89 92 98 100 103 104 105 106 111 114 116:=
124 92.0 132.0 135.0 111.0 128.0 60.0 72.0 69.0 65.0 23.0 129.0 123.0 130.0 125.0 160.0 192.0 132.0 189.0 183.0 179.0 187.0 191.0 190.0 201.0 218.0
127 31.0 51.0 38.0 12.0 20.0 110.0 123.0 119.0 118.0 109.0 124.0 96.0 115.0 107.0 159.0 209.0 133.0 196.0 190.0 215.0 204.0 208.0 241.0 219.0 259.0
128 34.0 17.0 21.0 45.0 14.0 79.0 91.0 88.0 87.0 102.0 93.0 65.0 83.0 76.0 127.0 178.0 102.0 164.0 159.0 183.0 173.0 177.0 210.0 188.0 228.0
129 53.0 5.0 20.0 62.0 31.0 71.0 73.0 69.0 68.0 115.0 75.0 47.0 65.0 57.0 109.0 160.0 83.0 146.0 140.0 165.0 154.0 159.0 191.0 170.0 209.0
130 227.0 179.0 194.0 236.0 205.0 161.0 163.0 159.0 158.0 190.0 111.0 146.0 121.0 129.0 100.0 21.0 102.0 40.0 45.0 21.0 24.0 19.0 33.0 8.0 47.0
131 225.0 177.0 192.0 234.0 203.0 159.0 161.0 157.0 156.0 196.0 109.0 144.0 119.0 127.0 98.0 19.0 100.0 38.0 43.0 28.0 22.0 17.0 40.0 4.0 40.0
134 219.0 170.0 186.0 227.0 197.0 152.0 155.0 151.0 150.0 192.0 103.0 137.0 112.0 120.0 91.0 13.0 94.0 32.0 37.0 24.0 16.0 11.0 36.0 2.0 42.0
137 130.0 82.0 97.0 139.0 108.0 72.0 75.0 71.0 70.0 116.0 2.0 37.0 11.0 20.0 34.0 93.0 10.0 75.0 69.0 99.0 88.0 92.0 125.0 103.0 143.0
144 121.0 73.0 88.0 129.0 99.0 78.0 81.0 77.0 76.0 122.0 23.0 27.0 18.0 12.0 58.0 120.0 33.0 101.0 96.0 125.0 114.0 119.0 151.0 130.0 169.0
146 192.0 144.0 160.0 201.0 171.0 126.0 129.0 125.0 124.0 167.0 76.0 111.0 86.0 94.0 65.0 36.0 68.0 18.0 15.0 43.0 33.0 27.0 68.0 40.0 80.0

#distancia entre depositos y puentes
: 3 8 13 16 17 21 25 28 36 62 74 81 85 88 89 92 98 100 103 104 105 106 111 114 116:=
0 59.0 99.0 101.0 77.0 95.0 27.0 39.0 36.0 33.0 20.0 96.0 91.0 97.0 92.0 128.0 171.0 99.0 157.0 151.0 170.0 165.0 170.0 180.0 181.0 208.0
1 151.0 103.0 118.0 160.0 130.0 91.0 94.0 90.0 89.0 135.0 23.0 58.0 33.0 41.0 12.0 80.0 17.0 61.0 55.0 85.0 74.0 79.0 111.0 90.0 129.0

#distancia entre puentes y depositos
: 0 1:=
3 59.0 150.0
8 99.0 102.0
13 101.0 117.0
16 77.0 158.0
17 95.0 128.0
21 27.0 91.0
25 38.0 94.0
28 35.0 91.0
36 33.0 88.0
62 20.0 136.0
74 96.0 23.0
81 97.0 65.0
85 96.0 32.0
88 91.0 40.0
89 127.0 12.0
92 169.0 79.0
98 99.0 17.0
100 156.0 60.0
103 150.0 55.0
104 175.0 85.0
105 164.0 73.0
106 169.0 78.0
111 183.0 110.0
114 179.0 89.0
116 212.0 127.0

;