set O:= 0 1;
set N:= 4 13 15 26 37 39 57 71 74 77 78 80 96 100 103 105 106 107 109 110;
set M:= 123 129 134 140 143;
set K:= 1 2 3;
param D:= 100;
param Q:= 540;
param v:= 2000000;
param f:= 
123 26037
129 42028
134 96841
140 48596
143 48720
;
param:	xcoord ycoord w q:=
0 -32.75044 -70.72613 0 1 
1 -33.0433 -71.624 0 1 
4 -32.44056 -71.00665 106 1 
13 -32.34055 -71.17481 99 1 
15 -32.44511 -71.32299 71 1 
26 -32.84855 -70.98046 116 1 
37 -32.81691 -70.71195 53 1 
39 -32.74002 -70.64044 105 1 
57 -32.89552 -70.6746 98 1 
71 -33.29475 -71.41066 32 1 
74 -32.91961 -71.50488 57 1 
77 -32.9314 -71.47561 30 1 
78 -32.93288 -71.46643 63 1 
80 -32.63102 -71.41979 41 1 
96 -32.99633 -71.50138 105 1 
100 -33.38903 -71.69158 108 1 
103 -33.35491 -71.65289 40 1 
105 -33.53115 -71.54035 119 1 
106 -33.53398 -71.59339 54 1 
107 -33.42116 -71.69462 116 1 
109 -33.44473 -71.67916 117 1 
110 -33.63989 -71.57131 49 1 
123 -32.88254 -71.09009 0 1 
129 -32.44456 -71.22894 0 1 
134 -33.61172 -71.60733 0 1 
140 -32.93024 -71.55027 0 1 
143 -32.78349 -71.53032 0 1 
;
param d[*,*]
#distancia de viaje entre puentes
: 4 13 15 26 37 39 57 71 74 77 78 80 96 100 103 105 106 107 109 110:=
4 0.0 27.0 36.0 78.0 84.0 84.0 93.0 145.0 101.0 103.0 102.0 62.0 114.0 173.0 167.0 181.0 185.0 176.0 179.0 200.0
13 27.0 0.0 29.0 84.0 111.0 110.0 119.0 138.0 94.0 96.0 95.0 55.0 106.0 166.0 160.0 174.0 178.0 169.0 172.0 193.0
15 37.0 30.0 0.0 66.0 103.0 106.0 112.0 119.0 76.0 78.0 77.0 36.0 88.0 147.0 141.0 155.0 159.0 151.0 154.0 174.0
26 85.0 92.0 73.0 0.0 46.0 48.0 49.0 107.0 73.0 70.0 69.0 74.0 80.0 134.0 129.0 143.0 147.0 138.0 141.0 161.0
37 84.0 111.0 103.0 40.0 0.0 17.0 11.0 137.0 103.0 100.0 99.0 104.0 110.0 165.0 159.0 169.0 174.0 168.0 171.0 178.0
39 83.0 110.0 105.0 42.0 17.0 0.0 25.0 139.0 106.0 102.0 101.0 106.0 113.0 167.0 161.0 175.0 180.0 171.0 174.0 191.0
57 93.0 119.0 111.0 48.0 11.0 25.0 0.0 132.0 112.0 108.0 107.0 112.0 116.0 160.0 154.0 158.0 163.0 163.0 164.0 167.0
71 145.0 138.0 119.0 98.0 136.0 138.0 133.0 0.0 56.0 59.0 55.0 96.0 46.0 37.0 31.0 37.0 42.0 41.0 43.0 56.0
74 103.0 96.0 77.0 65.0 103.0 106.0 111.0 56.0 0.0 5.0 5.0 40.0 12.0 78.0 72.0 91.0 95.0 82.0 85.0 110.0
77 104.0 97.0 79.0 62.0 100.0 102.0 108.0 60.0 9.0 0.0 1.0 42.0 15.0 81.0 76.0 94.0 99.0 85.0 88.0 113.0
78 103.0 96.0 78.0 61.0 99.0 101.0 107.0 56.0 4.0 1.0 0.0 41.0 12.0 78.0 72.0 91.0 95.0 81.0 84.0 109.0
80 62.0 55.0 36.0 65.0 102.0 105.0 111.0 96.0 39.0 41.0 40.0 0.0 51.0 117.0 112.0 130.0 135.0 121.0 124.0 149.0
96 112.0 105.0 86.0 70.0 108.0 110.0 116.0 49.0 9.0 13.0 9.0 50.0 0.0 71.0 65.0 84.0 88.0 75.0 78.0 103.0
100 172.0 165.0 146.0 126.0 164.0 166.0 161.0 37.0 77.0 80.0 77.0 118.0 68.0 0.0 6.0 28.0 21.0 4.0 7.0 37.0
103 166.0 159.0 141.0 120.0 158.0 160.0 155.0 31.0 71.0 75.0 71.0 112.0 62.0 6.0 0.0 33.0 27.0 10.0 13.0 43.0
105 180.0 173.0 154.0 134.0 171.0 174.0 161.0 37.0 90.0 93.0 90.0 130.0 81.0 28.0 32.0 0.0 7.0 24.0 21.0 22.0
106 185.0 178.0 159.0 139.0 177.0 179.0 166.0 42.0 95.0 98.0 95.0 135.0 86.0 21.0 26.0 7.0 0.0 17.0 14.0 16.0
107 176.0 169.0 150.0 130.0 167.0 170.0 164.0 41.0 81.0 84.0 81.0 121.0 72.0 4.0 9.0 24.0 17.0 0.0 3.0 33.0
109 179.0 172.0 153.0 133.0 170.0 173.0 166.0 42.0 84.0 87.0 84.0 124.0 75.0 7.0 13.0 21.0 14.0 3.0 0.0 30.0
110 198.0 191.0 173.0 152.0 180.0 192.0 169.0 55.0 108.0 111.0 108.0 149.0 99.0 37.0 43.0 22.0 17.0 33.0 30.0 0.0

#distancia viaje entre puentes y alojamientos
: 123 129 134 140 143:=
4 86.0 28.0 194.0 107.0 92.0
13 79.0 21.0 187.0 100.0 85.0
15 60.0 10.0 168.0 81.0 67.0
26 25.0 72.0 156.0 78.0 80.0
37 55.0 102.0 183.0 109.0 110.0
39 58.0 105.0 188.0 111.0 112.0
57 64.0 110.0 172.0 117.0 118.0
71 92.0 118.0 50.0 51.0 78.0
74 58.0 76.0 104.0 6.0 22.0
77 55.0 78.0 108.0 14.0 31.0
78 54.0 77.0 104.0 10.0 26.0
80 59.0 36.0 144.0 45.0 30.0
96 63.0 85.0 97.0 12.0 31.0
100 119.0 146.0 31.0 72.0 99.0
103 114.0 140.0 38.0 66.0 93.0
105 127.0 154.0 17.0 85.0 112.0
106 132.0 159.0 11.0 90.0 117.0
107 123.0 149.0 28.0 76.0 103.0
109 126.0 152.0 25.0 79.0 106.0
110 146.0 172.0 6.0 103.0 130.0

#distancia entre alojamientos y puentes
: 4 13 15 26 37 39 57 71 74 77 78 80 96 100 103 105 106 107 109 110:=
123 85.0 78.0 60.0 18.0 55.0 58.0 64.0 92.0 59.0 55.0 54.0 60.0 65.0 120.0 114.0 128.0 132.0 124.0 127.0 147.0
129 28.0 20.0 10.0 65.0 103.0 105.0 111.0 118.0 75.0 77.0 76.0 35.0 87.0 146.0 140.0 154.0 159.0 150.0 153.0 173.0
134 193.0 186.0 167.0 147.0 184.0 187.0 174.0 49.0 103.0 106.0 102.0 143.0 93.0 32.0 37.0 16.0 11.0 28.0 25.0 6.0
140 108.0 101.0 82.0 70.0 108.0 110.0 116.0 51.0 5.0 10.0 9.0 46.0 13.0 73.0 67.0 86.0 90.0 77.0 80.0 104.0
143 94.0 87.0 68.0 71.0 109.0 111.0 117.0 79.0 22.0 27.0 27.0 32.0 34.0 100.0 94.0 113.0 117.0 104.0 107.0 132.0

#distancia entre depositos y puentes
: 4 13 15 26 37 39 57 71 74 77 78 80 96 100 103 105 106 107 109 110:=
0 75.0 101.0 96.0 32.0 11.0 10.0 19.0 130.0 96.0 92.0 92.0 96.0 103.0 157.0 151.0 165.0 170.0 161.0 164.0 184.0
1 125.0 118.0 100.0 86.0 123.0 126.0 127.0 40.0 23.0 27.0 25.0 63.0 16.0 61.0 55.0 74.0 79.0 65.0 68.0 93.0

#distancia entre puentes y depositos
: 0 1:=
4 75.0 124.0
13 101.0 117.0
15 96.0 99.0
26 38.0 93.0
37 11.0 124.0
39 10.0 126.0
57 19.0 125.0
71 129.0 39.0
74 96.0 23.0
77 92.0 29.0
78 91.0 25.0
80 95.0 62.0
96 100.0 18.0
100 156.0 60.0
103 150.0 55.0
105 164.0 73.0
106 169.0 78.0
107 160.0 64.0
109 163.0 67.0
110 182.0 92.0

;