set O:= 0 1;
set N:= 2 4 13 14 15 16 20 22 25 26 29 32 35 37 39 45 48 49 50 51 52 57 59 62 63 71 73 74 75 76 77 78 80 81 84 85 88 92 93 100 101 104 105 106 109 110 114 115 116 119;
set M:= 122 123 127 128 129 131 134 140 143 144 146 147;
set K:= 1 2 3 4 5 6 7;
param D:= 100;
param Q:= 540;
param v:= 2000000;
param f:= 
122 24000
123 26037
127 25694
128 39740
129 42028
131 73862
134 96841
140 48596
143 48720
144 52000
146 78000
147 45000
;
param:	xcoord ycoord w q:=
0 -32.75044 -70.72613 0 1 
1 -33.0433 -71.624 0 1 
2 -32.5191 -70.92373 38 1 
4 -32.44056 -71.00665 106 1 
13 -32.34055 -71.17481 99 1 
14 -32.51115 -71.42049 30 1 
15 -32.44511 -71.32299 71 1 
16 -32.21823 -70.82151 78 1 
20 -32.69998 -70.93128 51 1 
22 -32.75643 -70.94537 48 1 
25 -32.86219 -70.89013 69 1 
26 -32.84855 -70.98046 116 1 
29 -32.58297 -70.73334 108 1 
32 -32.66447 -70.697 94 1 
35 -32.7126 -70.74393 65 1 
37 -32.81691 -70.71195 53 1 
39 -32.74002 -70.64044 105 1 
45 -32.74039 -70.64 42 1 
48 -32.88608 -70.59211 103 1 
49 -32.90731 -70.28602 104 1 
50 -32.87857 -70.20821 39 1 
51 -32.90645 -70.28716 50 1 
52 -32.90338 -70.26912 86 1 
57 -32.89552 -70.6746 98 1 
59 -32.83316 -70.70835 85 1 
62 -32.76924 -70.56035 84 1 
63 -32.76227 -70.50125 44 1 
71 -33.29475 -71.41066 32 1 
73 -33.20765 -71.57225 80 1 
74 -32.91961 -71.50488 57 1 
75 -32.91508 -71.49869 66 1 
76 -32.93269 -71.43975 112 1 
77 -32.9314 -71.47561 30 1 
78 -32.93288 -71.46643 63 1 
80 -32.63102 -71.41979 41 1 
81 -32.68399 -71.39191 70 1 
84 -32.86028 -71.45447 70 1 
85 -32.8625 -71.46772 106 1 
88 -32.80869 -71.44189 36 1 
92 -33.58655 -71.52943 57 1 
93 -33.01883 -71.50131 58 1 
100 -33.38903 -71.69158 108 1 
101 -33.34522 -71.64882 59 1 
104 -33.61332 -71.40226 39 1 
105 -33.53115 -71.54035 119 1 
106 -33.53398 -71.59339 54 1 
109 -33.44473 -71.67916 117 1 
110 -33.63989 -71.57131 49 1 
114 -33.63163 -71.61037 97 1 
115 -33.93803 -71.7365 56 1 
116 -33.88859 -71.64141 97 1 
119 -33.8283 -71.64323 81 1 
122 -32.77961 -70.95976 0 1 
123 -32.88254 -71.09009 0 1 
127 -32.24898 -70.9333 0 1 
128 -32.43019 -71.07467 0 1 
129 -32.44456 -71.22894 0 1 
131 -33.65502 -71.62965 0 1 
134 -33.61172 -71.60733 0 1 
140 -32.93024 -71.55027 0 1 
143 -32.78349 -71.53032 0 1 
144 -32.77144 -71.53401 0 1 
146 -33.38843 -71.53636 0 1 
147 -33.32534 -71.38598 0 1 
;
param d[*,*]
#distancia de viaje entre puentes
: 2 4 13 14 15 16 20 22 25 26 29 32 35 37 39 45 48 49 50 51 52 57 59 62 63 71 73 74 75 76 77 78 80 81 84 85 88 92 93 100 101 104 105 106 109 110 114 115 116 119:=
2 0.0 16.0 42.0 64.0 52.0 48.0 46.0 50.0 70.0 63.0 41.0 50.0 54.0 69.0 69.0 68.0 82.0 110.0 118.0 110.0 112.0 77.0 71.0 79.0 86.0 159.0 160.0 117.0 116.0 115.0 119.0 118.0 78.0 89.0 106.0 107.0 99.0 200.0 130.0 186.0 179.0 205.0 194.0 199.0 193.0 213.0 210.0 257.0 249.0 239.0
4 16.0 0.0 27.0 49.0 36.0 45.0 62.0 66.0 85.0 78.0 57.0 66.0 70.0 84.0 84.0 84.0 98.0 126.0 134.0 126.0 127.0 93.0 86.0 94.0 101.0 145.0 144.0 101.0 101.0 100.0 103.0 102.0 62.0 73.0 90.0 92.0 84.0 186.0 115.0 173.0 166.0 192.0 181.0 185.0 179.0 200.0 196.0 244.0 236.0 225.0
13 42.0 27.0 0.0 41.0 29.0 50.0 88.0 92.0 93.0 84.0 83.0 92.0 96.0 111.0 110.0 110.0 124.0 152.0 160.0 152.0 154.0 119.0 113.0 120.0 127.0 138.0 137.0 94.0 94.0 93.0 96.0 95.0 55.0 66.0 83.0 85.0 77.0 179.0 108.0 166.0 159.0 184.0 174.0 178.0 172.0 193.0 189.0 237.0 229.0 218.0
14 64.0 49.0 42.0 0.0 12.0 83.0 94.0 87.0 86.0 78.0 105.0 114.0 112.0 115.0 118.0 118.0 129.0 158.0 166.0 157.0 159.0 123.0 117.0 127.0 134.0 120.0 106.0 64.0 63.0 62.0 65.0 64.0 24.0 35.0 52.0 54.0 46.0 160.0 77.0 142.0 135.0 165.0 154.0 159.0 148.0 173.0 170.0 217.0 209.0 199.0
15 52.0 37.0 30.0 12.0 0.0 71.0 82.0 76.0 74.0 66.0 93.0 102.0 100.0 103.0 106.0 106.0 117.0 146.0 154.0 145.0 147.0 112.0 105.0 115.0 123.0 119.0 118.0 76.0 75.0 74.0 78.0 77.0 36.0 48.0 65.0 66.0 58.0 160.0 89.0 147.0 140.0 166.0 155.0 159.0 154.0 174.0 171.0 218.0 210.0 199.0
16 48.0 45.0 49.0 83.0 70.0 0.0 94.0 98.0 115.0 108.0 59.0 68.0 72.0 87.0 86.0 86.0 100.0 128.0 136.0 128.0 130.0 95.0 89.0 96.0 103.0 179.0 178.0 135.0 135.0 134.0 137.0 136.0 96.0 107.0 124.0 126.0 118.0 220.0 149.0 207.0 200.0 226.0 215.0 219.0 213.0 234.0 230.0 278.0 270.0 259.0
20 46.0 62.0 88.0 94.0 82.0 94.0 0.0 7.0 27.0 20.0 54.0 48.0 39.0 47.0 50.0 49.0 61.0 89.0 98.0 89.0 91.0 55.0 49.0 59.0 66.0 116.0 120.0 82.0 83.0 75.0 79.0 78.0 83.0 77.0 82.0 84.0 79.0 157.0 90.0 143.0 136.0 162.0 152.0 156.0 150.0 170.0 167.0 214.0 207.0 196.0
22 50.0 66.0 92.0 87.0 75.0 98.0 7.0 0.0 20.0 13.0 47.0 41.0 32.0 40.0 43.0 43.0 54.0 82.0 91.0 82.0 84.0 48.0 42.0 52.0 59.0 109.0 113.0 75.0 76.0 68.0 72.0 71.0 76.0 70.0 75.0 77.0 72.0 150.0 83.0 137.0 130.0 155.0 145.0 149.0 143.0 164.0 160.0 208.0 200.0 189.0
25 70.0 85.0 92.0 86.0 74.0 115.0 27.0 20.0 0.0 10.0 59.0 52.0 43.0 46.0 48.0 48.0 53.0 88.0 97.0 88.0 90.0 44.0 48.0 58.0 65.0 108.0 112.0 74.0 75.0 67.0 71.0 70.0 75.0 69.0 74.0 76.0 70.0 149.0 82.0 135.0 128.0 154.0 144.0 148.0 142.0 162.0 159.0 206.0 199.0 188.0
26 69.0 85.0 92.0 85.0 73.0 114.0 26.0 20.0 9.0 0.0 59.0 51.0 42.0 46.0 48.0 48.0 58.0 88.0 96.0 88.0 90.0 49.0 48.0 58.0 65.0 107.0 111.0 73.0 74.0 66.0 70.0 69.0 74.0 68.0 73.0 75.0 69.0 148.0 81.0 134.0 127.0 153.0 143.0 147.0 141.0 161.0 158.0 205.0 198.0 187.0
29 41.0 57.0 83.0 105.0 93.0 59.0 54.0 47.0 60.0 53.0 0.0 13.0 17.0 32.0 31.0 31.0 45.0 73.0 81.0 73.0 75.0 40.0 34.0 41.0 48.0 150.0 154.0 117.0 117.0 110.0 113.0 112.0 117.0 111.0 117.0 118.0 113.0 191.0 125.0 178.0 171.0 190.0 186.0 190.0 185.0 205.0 202.0 243.0 229.0 230.0
32 50.0 66.0 92.0 114.0 102.0 68.0 47.0 41.0 52.0 45.0 13.0 0.0 9.0 24.0 23.0 23.0 37.0 65.0 73.0 65.0 66.0 32.0 25.0 33.0 40.0 142.0 146.0 109.0 110.0 102.0 105.0 104.0 109.0 103.0 109.0 110.0 105.0 184.0 117.0 170.0 163.0 182.0 178.0 183.0 177.0 197.0 194.0 235.0 221.0 223.0
35 54.0 70.0 96.0 112.0 99.0 72.0 38.0 32.0 43.0 36.0 17.0 9.0 0.0 15.0 14.0 14.0 28.0 56.0 64.0 56.0 58.0 23.0 17.0 24.0 31.0 133.0 137.0 100.0 101.0 93.0 96.0 95.0 100.0 94.0 100.0 101.0 96.0 175.0 108.0 161.0 154.0 173.0 169.0 174.0 168.0 188.0 185.0 226.0 212.0 214.0
37 69.0 84.0 111.0 115.0 103.0 87.0 47.0 40.0 47.0 40.0 32.0 24.0 15.0 0.0 17.0 17.0 17.0 47.0 55.0 47.0 49.0 11.0 3.0 20.0 27.0 137.0 141.0 103.0 104.0 96.0 100.0 99.0 104.0 98.0 103.0 105.0 100.0 175.0 111.0 165.0 158.0 162.0 169.0 174.0 171.0 178.0 183.0 214.0 200.0 204.0
39 68.0 83.0 110.0 117.0 105.0 86.0 49.0 42.0 49.0 42.0 30.0 23.0 14.0 17.0 0.0 0.0 22.0 48.0 56.0 48.0 50.0 25.0 20.0 11.0 18.0 139.0 143.0 106.0 106.0 99.0 102.0 101.0 106.0 100.0 106.0 107.0 102.0 180.0 114.0 167.0 160.0 176.0 175.0 180.0 174.0 191.0 191.0 228.0 214.0 219.0
45 68.0 83.0 110.0 117.0 105.0 86.0 49.0 42.0 49.0 42.0 30.0 22.0 14.0 17.0 0.0 0.0 21.0 48.0 56.0 48.0 49.0 25.0 20.0 11.0 18.0 139.0 143.0 106.0 106.0 99.0 102.0 101.0 106.0 100.0 106.0 107.0 102.0 180.0 114.0 167.0 160.0 175.0 175.0 179.0 174.0 191.0 191.0 228.0 214.0 219.0
48 83.0 98.0 124.0 129.0 117.0 100.0 61.0 54.0 52.0 53.0 45.0 37.0 28.0 17.0 21.0 21.0 0.0 40.0 48.0 40.0 42.0 9.0 16.0 15.0 22.0 141.0 146.0 117.0 118.0 110.0 114.0 113.0 117.0 112.0 117.0 118.0 113.0 172.0 121.0 169.0 162.0 160.0 167.0 172.0 173.0 176.0 181.0 212.0 198.0 202.0
49 135.0 151.0 177.0 183.0 171.0 153.0 115.0 108.0 115.0 107.0 98.0 90.0 81.0 73.0 73.0 73.0 66.0 0.0 8.0 1.0 2.0 71.0 73.0 65.0 72.0 203.0 209.0 171.0 172.0 164.0 168.0 167.0 171.0 166.0 171.0 172.0 167.0 235.0 179.0 231.0 224.0 222.0 229.0 234.0 235.0 238.0 243.0 274.0 260.0 264.0
50 118.0 133.0 160.0 166.0 153.0 136.0 97.0 91.0 97.0 90.0 80.0 73.0 64.0 55.0 56.0 56.0 48.0 12.0 0.0 8.0 14.0 54.0 56.0 48.0 55.0 186.0 191.0 154.0 155.0 147.0 150.0 150.0 154.0 149.0 154.0 155.0 150.0 217.0 162.0 214.0 207.0 205.0 212.0 217.0 218.0 221.0 226.0 257.0 243.0 247.0
51 109.0 125.0 151.0 157.0 145.0 127.0 89.0 82.0 89.0 82.0 72.0 64.0 55.0 47.0 47.0 47.0 40.0 4.0 8.0 0.0 2.0 46.0 47.0 39.0 46.0 178.0 183.0 146.0 146.0 139.0 142.0 141.0 146.0 140.0 145.0 147.0 142.0 209.0 154.0 205.0 198.0 196.0 204.0 208.0 209.0 212.0 217.0 249.0 235.0 239.0
52 133.0 149.0 175.0 181.0 169.0 151.0 113.0 106.0 113.0 106.0 96.0 88.0 79.0 71.0 71.0 71.0 64.0 2.0 7.0 3.0 0.0 70.0 71.0 63.0 70.0 202.0 207.0 169.0 170.0 162.0 166.0 165.0 170.0 164.0 169.0 171.0 166.0 233.0 177.0 229.0 222.0 220.0 228.0 232.0 233.0 236.0 241.0 272.0 259.0 263.0
57 77.0 93.0 119.0 123.0 111.0 95.0 55.0 48.0 44.0 48.0 40.0 32.0 23.0 11.0 25.0 25.0 9.0 46.0 55.0 46.0 48.0 0.0 9.0 19.0 26.0 132.0 138.0 112.0 112.0 105.0 108.0 107.0 112.0 106.0 112.0 113.0 108.0 164.0 112.0 160.0 153.0 151.0 158.0 163.0 164.0 167.0 172.0 203.0 189.0 193.0
59 71.0 86.0 113.0 117.0 105.0 89.0 49.0 42.0 48.0 42.0 33.0 26.0 17.0 3.0 20.0 20.0 16.0 47.0 56.0 47.0 49.0 9.0 0.0 20.0 27.0 139.0 143.0 105.0 106.0 98.0 102.0 101.0 106.0 100.0 105.0 107.0 102.0 173.0 113.0 166.0 159.0 160.0 167.0 172.0 173.0 176.0 181.0 212.0 198.0 202.0
62 78.0 94.0 120.0 127.0 115.0 96.0 59.0 52.0 58.0 52.0 41.0 33.0 24.0 20.0 11.0 11.0 15.0 40.0 48.0 40.0 41.0 19.0 20.0 0.0 7.0 149.0 153.0 115.0 116.0 108.0 112.0 111.0 116.0 110.0 115.0 117.0 112.0 182.0 123.0 176.0 169.0 169.0 177.0 181.0 183.0 185.0 191.0 222.0 208.0 212.0
63 85.0 101.0 127.0 134.0 122.0 103.0 66.0 59.0 65.0 59.0 48.0 40.0 31.0 27.0 18.0 18.0 22.0 47.0 55.0 47.0 49.0 26.0 27.0 7.0 0.0 156.0 160.0 122.0 123.0 115.0 119.0 118.0 123.0 117.0 122.0 124.0 119.0 189.0 130.0 183.0 176.0 176.0 184.0 188.0 190.0 192.0 198.0 229.0 215.0 219.0
71 158.0 145.0 138.0 120.0 119.0 179.0 115.0 108.0 107.0 98.0 149.0 142.0 133.0 136.0 138.0 138.0 142.0 178.0 187.0 178.0 180.0 133.0 138.0 148.0 155.0 0.0 27.0 56.0 56.0 57.0 59.0 55.0 96.0 90.0 67.0 65.0 73.0 42.0 43.0 37.0 30.0 48.0 37.0 42.0 43.0 56.0 53.0 100.0 92.0 81.0
73 160.0 145.0 138.0 107.0 119.0 179.0 119.0 112.0 110.0 102.0 153.0 145.0 137.0 140.0 142.0 142.0 147.0 182.0 190.0 182.0 184.0 138.0 142.0 152.0 159.0 27.0 0.0 42.0 43.0 44.0 45.0 42.0 83.0 77.0 54.0 52.0 60.0 66.0 29.0 36.0 29.0 72.0 61.0 57.0 43.0 73.0 70.0 117.0 109.0 99.0
74 118.0 103.0 96.0 64.0 77.0 137.0 82.0 75.0 74.0 65.0 116.0 109.0 100.0 103.0 106.0 105.0 117.0 145.0 154.0 145.0 147.0 111.0 105.0 115.0 122.0 56.0 43.0 0.0 1.0 7.0 5.0 5.0 40.0 35.0 12.0 10.0 18.0 96.0 13.0 78.0 71.0 101.0 91.0 95.0 85.0 110.0 106.0 154.0 146.0 135.0
75 117.0 102.0 95.0 64.0 76.0 136.0 83.0 76.0 74.0 66.0 117.0 109.0 101.0 104.0 106.0 106.0 118.0 146.0 154.0 146.0 148.0 112.0 106.0 116.0 123.0 57.0 43.0 1.0 0.0 8.0 6.0 5.0 40.0 34.0 11.0 9.0 17.0 97.0 14.0 79.0 72.0 102.0 92.0 96.0 85.0 110.0 107.0 154.0 146.0 136.0
76 116.0 101.0 94.0 63.0 75.0 135.0 75.0 68.0 67.0 58.0 109.0 102.0 93.0 96.0 98.0 98.0 110.0 138.0 147.0 138.0 140.0 104.0 98.0 108.0 115.0 58.0 44.0 7.0 8.0 0.0 3.0 3.0 39.0 33.0 10.0 11.0 16.0 98.0 15.0 80.0 73.0 103.0 93.0 97.0 86.0 111.0 108.0 155.0 147.0 137.0
77 120.0 104.0 97.0 66.0 79.0 139.0 79.0 72.0 70.0 62.0 113.0 105.0 96.0 100.0 102.0 102.0 113.0 142.0 150.0 142.0 143.0 108.0 101.0 112.0 119.0 60.0 46.0 9.0 9.0 4.0 0.0 1.0 42.0 37.0 13.0 15.0 20.0 100.0 17.0 81.0 74.0 105.0 94.0 99.0 88.0 113.0 110.0 157.0 149.0 139.0
78 119.0 103.0 96.0 65.0 78.0 138.0 78.0 71.0 69.0 61.0 112.0 104.0 95.0 99.0 101.0 101.0 112.0 141.0 149.0 141.0 143.0 107.0 101.0 111.0 118.0 56.0 42.0 4.0 5.0 3.0 1.0 0.0 41.0 36.0 12.0 14.0 19.0 96.0 13.0 78.0 71.0 101.0 91.0 95.0 84.0 109.0 106.0 153.0 145.0 135.0
80 77.0 62.0 55.0 24.0 36.0 96.0 81.0 75.0 73.0 65.0 115.0 108.0 99.0 102.0 105.0 105.0 116.0 145.0 153.0 144.0 146.0 111.0 104.0 114.0 122.0 96.0 82.0 39.0 39.0 38.0 41.0 40.0 0.0 11.0 28.0 30.0 22.0 136.0 53.0 117.0 110.0 141.0 130.0 135.0 124.0 149.0 146.0 193.0 185.0 175.0
81 96.0 81.0 74.0 43.0 55.0 115.0 84.0 77.0 75.0 67.0 118.0 110.0 101.0 105.0 107.0 107.0 118.0 147.0 155.0 147.0 148.0 113.0 106.0 117.0 124.0 98.0 85.0 42.0 41.0 40.0 44.0 43.0 19.0 0.0 31.0 32.0 24.0 138.0 55.0 120.0 113.0 143.0 133.0 137.0 127.0 152.0 148.0 196.0 188.0 177.0
84 107.0 91.0 84.0 53.0 65.0 125.0 82.0 75.0 73.0 65.0 116.0 108.0 100.0 103.0 105.0 105.0 117.0 145.0 153.0 145.0 147.0 111.0 105.0 115.0 122.0 68.0 54.0 11.0 10.0 10.0 13.0 12.0 29.0 23.0 0.0 2.0 6.0 107.0 25.0 89.0 82.0 113.0 102.0 106.0 96.0 121.0 118.0 165.0 157.0 146.0
85 110.0 95.0 88.0 57.0 69.0 129.0 83.0 76.0 74.0 66.0 117.0 109.0 100.0 104.0 106.0 106.0 117.0 146.0 154.0 146.0 148.0 112.0 106.0 116.0 123.0 66.0 52.0 10.0 9.0 10.0 14.0 13.0 33.0 27.0 4.0 0.0 10.0 106.0 23.0 88.0 81.0 111.0 100.0 105.0 94.0 119.0 116.0 163.0 155.0 145.0
88 100.0 85.0 78.0 47.0 59.0 119.0 78.0 71.0 69.0 61.0 112.0 104.0 95.0 99.0 101.0 101.0 112.0 141.0 149.0 141.0 143.0 107.0 101.0 111.0 118.0 74.0 60.0 18.0 17.0 16.0 19.0 18.0 23.0 17.0 6.0 8.0 0.0 114.0 31.0 95.0 88.0 119.0 108.0 113.0 102.0 127.0 124.0 171.0 163.0 153.0
92 199.0 185.0 178.0 160.0 160.0 220.0 156.0 149.0 147.0 139.0 190.0 182.0 174.0 177.0 179.0 179.0 175.0 211.0 220.0 211.0 213.0 166.0 175.0 185.0 192.0 42.0 66.0 95.0 96.0 97.0 98.0 95.0 136.0 130.0 107.0 105.0 113.0 0.0 82.0 32.0 37.0 19.0 7.0 12.0 26.0 19.0 16.0 63.0 56.0 45.0
93 131.0 115.0 108.0 77.0 89.0 150.0 90.0 83.0 81.0 73.0 124.0 116.0 107.0 111.0 113.0 113.0 123.0 153.0 161.0 153.0 155.0 114.0 113.0 123.0 130.0 43.0 30.0 13.0 13.0 15.0 16.0 12.0 53.0 47.0 24.0 22.0 31.0 83.0 0.0 65.0 58.0 88.0 78.0 82.0 72.0 97.0 93.0 141.0 133.0 122.0
100 185.0 172.0 165.0 141.0 146.0 207.0 143.0 136.0 134.0 126.0 177.0 169.0 160.0 164.0 166.0 166.0 169.0 206.0 214.0 206.0 208.0 161.0 166.0 176.0 183.0 37.0 36.0 77.0 78.0 79.0 80.0 77.0 118.0 112.0 88.0 87.0 95.0 32.0 64.0 0.0 7.0 45.0 28.0 21.0 7.0 37.0 33.0 81.0 73.0 62.0
101 179.0 165.0 158.0 135.0 140.0 200.0 136.0 129.0 127.0 119.0 170.0 162.0 153.0 157.0 159.0 159.0 162.0 199.0 207.0 199.0 201.0 154.0 159.0 169.0 176.0 30.0 29.0 70.0 71.0 72.0 73.0 70.0 111.0 105.0 82.0 80.0 88.0 37.0 57.0 7.0 0.0 51.0 34.0 28.0 14.0 44.0 41.0 88.0 80.0 70.0
104 205.0 191.0 184.0 165.0 166.0 226.0 162.0 155.0 153.0 145.0 196.0 188.0 179.0 175.0 185.0 185.0 172.0 209.0 217.0 209.0 211.0 164.0 173.0 182.0 189.0 48.0 72.0 101.0 102.0 103.0 104.0 101.0 142.0 136.0 112.0 111.0 119.0 18.0 88.0 45.0 49.0 0.0 18.0 24.0 39.0 19.0 24.0 71.0 63.0 53.0
105 193.0 180.0 173.0 154.0 154.0 214.0 151.0 144.0 142.0 134.0 185.0 177.0 168.0 171.0 174.0 174.0 169.0 206.0 214.0 206.0 208.0 161.0 170.0 179.0 186.0 37.0 61.0 90.0 91.0 91.0 93.0 90.0 130.0 125.0 101.0 100.0 107.0 8.0 77.0 28.0 33.0 18.0 0.0 7.0 21.0 22.0 19.0 66.0 58.0 48.0
106 198.0 185.0 178.0 159.0 159.0 219.0 156.0 149.0 147.0 139.0 190.0 182.0 173.0 177.0 179.0 179.0 174.0 211.0 219.0 211.0 213.0 166.0 175.0 184.0 191.0 42.0 56.0 95.0 96.0 96.0 98.0 95.0 135.0 130.0 106.0 105.0 113.0 12.0 82.0 21.0 27.0 25.0 7.0 0.0 14.0 16.0 13.0 60.0 52.0 42.0
109 192.0 179.0 172.0 148.0 153.0 213.0 149.0 143.0 141.0 133.0 183.0 176.0 167.0 170.0 173.0 173.0 175.0 211.0 220.0 211.0 213.0 166.0 172.0 183.0 190.0 42.0 43.0 84.0 85.0 85.0 87.0 84.0 124.0 119.0 95.0 94.0 102.0 26.0 71.0 7.0 14.0 39.0 21.0 14.0 0.0 30.0 27.0 74.0 66.0 56.0
110 212.0 198.0 191.0 173.0 173.0 233.0 169.0 162.0 160.0 152.0 203.0 195.0 187.0 180.0 192.0 192.0 178.0 214.0 223.0 214.0 216.0 169.0 178.0 187.0 194.0 55.0 73.0 108.0 109.0 110.0 111.0 108.0 149.0 143.0 120.0 118.0 126.0 19.0 95.0 37.0 44.0 19.0 22.0 17.0 30.0 0.0 5.0 52.0 45.0 34.0
114 209.0 195.0 188.0 169.0 170.0 230.0 166.0 159.0 157.0 149.0 200.0 192.0 183.0 185.0 189.0 189.0 183.0 219.0 228.0 219.0 221.0 174.0 183.0 193.0 200.0 52.0 70.0 105.0 106.0 107.0 108.0 105.0 146.0 140.0 117.0 115.0 123.0 15.0 92.0 34.0 41.0 24.0 19.0 13.0 27.0 5.0 0.0 47.0 39.0 29.0
115 256.0 243.0 236.0 217.0 217.0 277.0 213.0 206.0 205.0 196.0 247.0 238.0 230.0 218.0 231.0 231.0 215.0 252.0 260.0 252.0 254.0 207.0 216.0 225.0 232.0 99.0 117.0 152.0 153.0 154.0 156.0 152.0 193.0 187.0 164.0 162.0 170.0 63.0 139.0 81.0 88.0 71.0 66.0 61.0 74.0 52.0 47.0 0.0 14.0 18.0
116 247.0 234.0 227.0 208.0 208.0 268.0 204.0 198.0 196.0 188.0 233.0 225.0 216.0 204.0 218.0 218.0 201.0 238.0 247.0 238.0 240.0 193.0 202.0 211.0 218.0 90.0 109.0 144.0 145.0 145.0 147.0 144.0 184.0 179.0 155.0 153.0 161.0 54.0 131.0 73.0 79.0 62.0 57.0 52.0 66.0 44.0 39.0 14.0 0.0 10.0
119 237.0 224.0 217.0 198.0 198.0 259.0 195.0 188.0 186.0 178.0 229.0 221.0 212.0 208.0 218.0 218.0 205.0 242.0 250.0 242.0 244.0 196.0 205.0 215.0 222.0 81.0 99.0 134.0 135.0 136.0 137.0 134.0 174.0 169.0 145.0 144.0 152.0 44.0 121.0 63.0 70.0 53.0 47.0 42.0 56.0 34.0 29.0 18.0 11.0 0.0

#distancia viaje entre puentes y alojamientos
: 122 123 127 128 129 131 134 140 143 144 146 147:=
2 53.0 78.0 55.0 24.0 43.0 214.0 208.0 123.0 108.0 109.0 180.0 164.0
4 69.0 86.0 40.0 8.0 28.0 200.0 194.0 107.0 92.0 94.0 166.0 151.0
13 91.0 79.0 39.0 21.0 21.0 193.0 187.0 100.0 85.0 87.0 159.0 144.0
14 84.0 72.0 72.0 40.0 22.0 174.0 168.0 69.0 55.0 56.0 140.0 126.0
15 72.0 60.0 60.0 28.0 10.0 174.0 168.0 81.0 67.0 68.0 140.0 125.0
16 99.0 120.0 12.0 45.0 62.0 234.0 228.0 141.0 126.0 128.0 200.0 185.0
20 10.0 36.0 101.0 70.0 81.0 171.0 165.0 87.0 89.0 90.0 137.0 122.0
22 4.0 29.0 105.0 74.0 74.0 164.0 158.0 81.0 82.0 83.0 130.0 115.0
25 16.0 26.0 123.0 91.0 73.0 163.0 157.0 79.0 81.0 82.0 129.0 114.0
26 16.0 25.0 122.0 90.0 72.0 162.0 156.0 78.0 80.0 81.0 128.0 113.0
29 44.0 69.0 71.0 65.0 84.0 205.0 199.0 122.0 123.0 125.0 171.0 156.0
32 37.0 61.0 80.0 74.0 93.0 198.0 192.0 114.0 115.0 117.0 163.0 148.0
35 28.0 52.0 84.0 78.0 97.0 189.0 183.0 105.0 106.0 108.0 155.0 139.0
37 37.0 55.0 99.0 93.0 102.0 187.0 183.0 109.0 110.0 111.0 156.0 141.0
39 39.0 58.0 98.0 92.0 105.0 195.0 188.0 111.0 112.0 114.0 160.0 145.0
45 39.0 58.0 98.0 92.0 104.0 194.0 188.0 111.0 112.0 114.0 160.0 145.0
48 50.0 69.0 113.0 106.0 116.0 185.0 180.0 122.0 124.0 125.0 154.0 139.0
49 104.0 123.0 165.0 159.0 170.0 247.0 243.0 176.0 178.0 179.0 216.0 201.0
50 87.0 106.0 148.0 142.0 153.0 230.0 226.0 159.0 160.0 162.0 199.0 184.0
51 79.0 97.0 139.0 133.0 144.0 221.0 217.0 151.0 152.0 153.0 191.0 175.0
52 103.0 121.0 163.0 157.0 168.0 245.0 241.0 175.0 176.0 177.0 215.0 199.0
57 45.0 64.0 107.0 101.0 110.0 176.0 172.0 117.0 118.0 120.0 145.0 130.0
59 38.0 57.0 101.0 95.0 104.0 185.0 181.0 110.0 112.0 113.0 154.0 139.0
62 48.0 67.0 108.0 102.0 114.0 194.0 190.0 120.0 122.0 123.0 164.0 148.0
63 55.0 74.0 115.0 109.0 121.0 201.0 197.0 127.0 129.0 130.0 171.0 155.0
71 105.0 92.0 168.0 136.0 118.0 57.0 50.0 51.0 78.0 79.0 24.0 7.0
73 109.0 95.0 168.0 137.0 118.0 74.0 68.0 37.0 64.0 66.0 46.0 32.0
74 72.0 58.0 126.0 94.0 76.0 110.0 104.0 6.0 22.0 23.0 76.0 62.0
75 73.0 59.0 125.0 94.0 75.0 111.0 105.0 6.0 21.0 23.0 77.0 63.0
76 65.0 51.0 124.0 93.0 74.0 112.0 106.0 12.0 27.0 28.0 78.0 64.0
77 69.0 55.0 128.0 96.0 78.0 114.0 108.0 14.0 31.0 32.0 79.0 65.0
78 68.0 54.0 127.0 95.0 77.0 110.0 104.0 10.0 26.0 28.0 76.0 62.0
80 71.0 59.0 85.0 54.0 36.0 150.0 144.0 45.0 30.0 32.0 115.0 101.0
81 74.0 61.0 104.0 73.0 54.0 152.0 146.0 48.0 33.0 35.0 118.0 104.0
84 72.0 58.0 115.0 83.0 65.0 121.0 115.0 17.0 17.0 19.0 87.0 73.0
85 73.0 59.0 118.0 87.0 68.0 120.0 114.0 15.0 17.0 18.0 86.0 72.0
88 68.0 55.0 108.0 77.0 58.0 128.0 122.0 23.0 11.0 12.0 94.0 79.0
92 146.0 132.0 209.0 177.0 159.0 20.0 14.0 90.0 117.0 119.0 36.0 40.0
93 80.0 66.0 139.0 107.0 89.0 97.0 91.0 15.0 35.0 36.0 63.0 49.0
100 133.0 119.0 196.0 164.0 146.0 38.0 31.0 72.0 99.0 101.0 17.0 39.0
101 126.0 112.0 189.0 157.0 139.0 45.0 39.0 65.0 92.0 94.0 17.0 32.0
104 152.0 138.0 215.0 183.0 165.0 28.0 24.0 96.0 123.0 125.0 44.0 46.0
105 141.0 127.0 204.0 172.0 154.0 23.0 17.0 85.0 112.0 113.0 33.0 35.0
106 146.0 132.0 209.0 177.0 159.0 17.0 11.0 90.0 117.0 118.0 27.0 40.0
109 139.0 126.0 202.0 171.0 152.0 31.0 25.0 79.0 106.0 107.0 17.0 40.0
110 159.0 146.0 222.0 190.0 172.0 9.0 6.0 103.0 130.0 132.0 43.0 53.0
114 156.0 142.0 219.0 187.0 169.0 4.0 2.0 100.0 127.0 129.0 40.0 50.0
115 203.0 190.0 266.0 234.0 216.0 48.0 50.0 147.0 174.0 176.0 87.0 97.0
116 194.0 181.0 257.0 226.0 207.0 39.0 41.0 139.0 166.0 167.0 79.0 89.0
119 185.0 171.0 248.0 216.0 198.0 30.0 31.0 129.0 156.0 157.0 69.0 79.0

#distancia entre alojamientos y puentes
: 2 4 13 14 15 16 20 22 25 26 29 32 35 37 39 45 48 49 50 51 52 57 59 62 63 71 73 74 75 76 77 78 80 81 84 85 88 92 93 100 101 104 105 106 109 110 114 115 116 119:=
122 53.0 69.0 91.0 84.0 72.0 99.0 10.0 3.0 16.0 10.0 44.0 37.0 28.0 37.0 39.0 39.0 50.0 79.0 87.0 79.0 81.0 45.0 39.0 49.0 56.0 106.0 110.0 73.0 73.0 66.0 69.0 68.0 73.0 67.0 73.0 74.0 69.0 147.0 81.0 134.0 127.0 153.0 142.0 146.0 141.0 161.0 158.0 205.0 197.0 186.0
123 79.0 85.0 78.0 72.0 60.0 120.0 36.0 29.0 26.0 18.0 69.0 61.0 52.0 55.0 58.0 58.0 69.0 98.0 106.0 98.0 99.0 64.0 57.0 68.0 75.0 92.0 96.0 59.0 59.0 52.0 55.0 54.0 60.0 54.0 59.0 60.0 56.0 133.0 67.0 120.0 113.0 139.0 128.0 132.0 127.0 147.0 144.0 191.0 183.0 172.0
127 55.0 40.0 38.0 72.0 59.0 12.0 101.0 105.0 123.0 115.0 71.0 80.0 84.0 99.0 99.0 98.0 112.0 140.0 148.0 140.0 142.0 107.0 101.0 109.0 116.0 168.0 167.0 124.0 124.0 123.0 126.0 125.0 85.0 96.0 113.0 115.0 107.0 209.0 138.0 196.0 189.0 215.0 204.0 208.0 202.0 223.0 219.0 267.0 259.0 248.0
128 24.0 8.0 21.0 40.0 28.0 45.0 70.0 74.0 91.0 83.0 65.0 74.0 78.0 93.0 92.0 92.0 106.0 134.0 142.0 134.0 135.0 101.0 94.0 102.0 109.0 137.0 136.0 93.0 92.0 91.0 95.0 94.0 54.0 65.0 82.0 83.0 76.0 178.0 106.0 164.0 157.0 183.0 173.0 177.0 171.0 191.0 188.0 235.0 228.0 217.0
129 43.0 28.0 20.0 22.0 10.0 62.0 82.0 75.0 73.0 65.0 84.0 93.0 97.0 103.0 105.0 105.0 116.0 145.0 153.0 145.0 147.0 111.0 105.0 115.0 122.0 118.0 118.0 75.0 74.0 73.0 77.0 76.0 35.0 47.0 64.0 65.0 57.0 160.0 88.0 146.0 139.0 165.0 154.0 159.0 153.0 173.0 170.0 217.0 209.0 199.0
131 212.0 199.0 192.0 173.0 173.0 234.0 170.0 163.0 161.0 153.0 204.0 196.0 187.0 189.0 193.0 193.0 186.0 223.0 232.0 223.0 225.0 178.0 187.0 196.0 203.0 56.0 74.0 109.0 110.0 111.0 112.0 109.0 149.0 144.0 120.0 119.0 127.0 19.0 96.0 38.0 45.0 28.0 22.0 17.0 31.0 9.0 4.0 48.0 40.0 30.0
134 206.0 193.0 186.0 167.0 167.0 227.0 163.0 157.0 155.0 147.0 197.0 190.0 181.0 184.0 187.0 187.0 182.0 219.0 227.0 219.0 221.0 174.0 183.0 192.0 199.0 49.0 68.0 103.0 103.0 104.0 106.0 102.0 143.0 137.0 114.0 112.0 120.0 13.0 90.0 32.0 38.0 24.0 16.0 11.0 25.0 6.0 2.0 50.0 42.0 31.0
140 123.0 108.0 101.0 70.0 82.0 142.0 87.0 80.0 78.0 70.0 121.0 113.0 105.0 108.0 110.0 110.0 122.0 150.0 158.0 150.0 152.0 116.0 110.0 120.0 127.0 51.0 37.0 5.0 6.0 12.0 10.0 9.0 46.0 40.0 17.0 15.0 24.0 91.0 14.0 73.0 66.0 96.0 86.0 90.0 80.0 104.0 101.0 148.0 141.0 130.0
143 109.0 94.0 87.0 56.0 68.0 128.0 88.0 81.0 80.0 71.0 122.0 115.0 106.0 109.0 111.0 111.0 123.0 151.0 160.0 151.0 153.0 117.0 111.0 121.0 128.0 79.0 65.0 22.0 21.0 27.0 27.0 27.0 32.0 26.0 17.0 17.0 11.0 118.0 36.0 100.0 93.0 124.0 113.0 117.0 107.0 132.0 129.0 176.0 168.0 157.0
144 110.0 95.0 88.0 57.0 69.0 129.0 89.0 82.0 81.0 73.0 123.0 116.0 107.0 110.0 113.0 113.0 124.0 153.0 161.0 152.0 154.0 119.0 112.0 122.0 129.0 80.0 66.0 23.0 23.0 28.0 28.0 28.0 33.0 27.0 19.0 18.0 12.0 120.0 37.0 101.0 94.0 125.0 114.0 119.0 108.0 133.0 130.0 177.0 169.0 159.0
146 180.0 167.0 160.0 141.0 141.0 201.0 137.0 130.0 129.0 120.0 171.0 164.0 155.0 158.0 160.0 160.0 157.0 194.0 202.0 194.0 196.0 149.0 158.0 167.0 174.0 24.0 45.0 76.0 77.0 78.0 80.0 76.0 117.0 111.0 88.0 86.0 94.0 36.0 63.0 18.0 16.0 43.0 33.0 27.0 19.0 43.0 40.0 87.0 80.0 69.0
147 163.0 150.0 143.0 125.0 124.0 184.0 120.0 113.0 112.0 103.0 154.0 147.0 138.0 141.0 143.0 143.0 142.0 179.0 187.0 179.0 181.0 134.0 143.0 152.0 159.0 5.0 32.0 61.0 61.0 62.0 64.0 60.0 101.0 95.0 72.0 70.0 78.0 41.0 48.0 39.0 32.0 46.0 35.0 40.0 41.0 54.0 51.0 98.0 90.0 80.0

#distancia entre depositos y puentes
: 2 4 13 14 15 16 20 22 25 26 29 32 35 37 39 45 48 49 50 51 52 57 59 62 63 71 73 74 75 76 77 78 80 81 84 85 88 92 93 100 101 104 105 106 109 110 114 115 116 119:=
0 60.0 75.0 101.0 108.0 96.0 77.0 39.0 33.0 39.0 32.0 22.0 14.0 5.0 11.0 10.0 10.0 23.0 51.0 60.0 51.0 53.0 19.0 13.0 20.0 27.0 130.0 133.0 96.0 97.0 89.0 92.0 92.0 96.0 91.0 96.0 97.0 92.0 171.0 104.0 157.0 150.0 170.0 165.0 170.0 164.0 184.0 181.0 222.0 208.0 210.0
1 141.0 125.0 118.0 87.0 100.0 160.0 102.0 96.0 94.0 86.0 136.0 129.0 120.0 123.0 126.0 126.0 135.0 166.0 174.0 165.0 167.0 127.0 125.0 135.0 143.0 40.0 26.0 23.0 24.0 27.0 27.0 25.0 63.0 58.0 35.0 33.0 41.0 80.0 15.0 61.0 54.0 85.0 74.0 79.0 68.0 93.0 90.0 137.0 129.0 119.0

#distancia entre puentes y depositos
: 0 1:=
2 59.0 140.0
4 75.0 124.0
13 101.0 117.0
14 108.0 86.0
15 96.0 99.0
16 77.0 158.0
20 40.0 103.0
22 33.0 96.0
25 38.0 94.0
26 38.0 93.0
29 22.0 137.0
32 14.0 129.0
35 5.0 120.0
37 11.0 124.0
39 10.0 126.0
45 10.0 126.0
48 24.0 134.0
49 77.0 191.0
50 59.0 174.0
51 51.0 166.0
52 75.0 190.0
57 19.0 125.0
59 12.0 126.0
62 20.0 136.0
63 27.0 143.0
71 129.0 39.0
73 132.0 26.0
74 96.0 23.0
75 96.0 24.0
76 89.0 27.0
77 92.0 29.0
78 91.0 25.0
80 95.0 62.0
81 97.0 65.0
84 95.0 34.0
85 96.0 32.0
88 91.0 40.0
92 169.0 79.0
93 103.0 15.0
100 156.0 60.0
101 149.0 54.0
104 175.0 85.0
105 164.0 73.0
106 169.0 78.0
109 163.0 67.0
110 182.0 92.0
114 179.0 89.0
115 225.0 136.0
116 212.0 127.0
119 208.0 118.0

;