set O:= 0 1;
set N:= 3 4 14 15 20 21 25 32 37 50 51 62 69 71 73 81 86 104 107 115;
set M:= 127 131 134 140 147;
set K:= 1 2 3;
param D:= 100;
param Q:= 540;
param v:= 2000000;
param f:= 
127 25694
131 73862
134 96841
140 48596
147 45000
;
param:	xcoord ycoord w q:=
0 -32.75044 -70.72613 0 1 
1 -33.0433 -71.624 0 1 
3 -32.35092 -70.79153 105 1 
4 -32.44056 -71.00665 106 1 
14 -32.51115 -71.42049 30 1 
15 -32.44511 -71.32299 71 1 
20 -32.69998 -70.93128 51 1 
21 -32.80094 -70.95847 94 1 
25 -32.86219 -70.89013 69 1 
32 -32.66447 -70.697 94 1 
37 -32.81691 -70.71195 53 1 
50 -32.87857 -70.20821 39 1 
51 -32.90645 -70.28716 50 1 
62 -32.76924 -70.56035 84 1 
69 -33.37956 -71.38904 76 1 
71 -33.29475 -71.41066 32 1 
73 -33.20765 -71.57225 80 1 
81 -32.68399 -71.39191 70 1 
86 -32.86452 -71.49062 87 1 
104 -33.61332 -71.40226 39 1 
107 -33.42116 -71.69462 116 1 
115 -33.93803 -71.7365 56 1 
127 -32.24898 -70.9333 0 1 
131 -33.65502 -71.62965 0 1 
134 -33.61172 -71.60733 0 1 
140 -32.93024 -71.55027 0 1 
147 -33.32534 -71.38598 0 1 
;
param d[*,*]
#distancia de viaje entre puentes
: 3 4 14 15 20 21 25 32 37 50 51 62 69 71 73 81 86 104 107 115:=
3 0.0 26.0 74.0 62.0 75.0 83.0 97.0 50.0 68.0 118.0 110.0 78.0 181.0 171.0 170.0 99.0 120.0 217.0 202.0 269.0
4 26.0 0.0 49.0 36.0 62.0 71.0 85.0 66.0 84.0 134.0 126.0 94.0 155.0 145.0 144.0 73.0 94.0 192.0 176.0 244.0
14 74.0 49.0 0.0 12.0 94.0 83.0 86.0 114.0 115.0 166.0 157.0 127.0 130.0 120.0 106.0 35.0 56.0 165.0 145.0 217.0
15 62.0 37.0 12.0 0.0 82.0 71.0 74.0 102.0 103.0 154.0 145.0 115.0 129.0 119.0 118.0 48.0 68.0 166.0 151.0 218.0
20 75.0 62.0 94.0 82.0 0.0 13.0 27.0 48.0 47.0 98.0 89.0 59.0 126.0 116.0 120.0 77.0 87.0 162.0 147.0 214.0
21 83.0 71.0 83.0 70.0 13.0 0.0 14.0 39.0 34.0 85.0 76.0 46.0 114.0 104.0 108.0 65.0 75.0 151.0 136.0 203.0
25 96.0 85.0 86.0 74.0 27.0 14.0 0.0 52.0 46.0 97.0 88.0 58.0 118.0 108.0 112.0 69.0 79.0 154.0 139.0 206.0
32 50.0 66.0 114.0 102.0 47.0 39.0 52.0 0.0 24.0 73.0 65.0 33.0 152.0 142.0 146.0 103.0 113.0 182.0 174.0 235.0
37 69.0 84.0 115.0 103.0 47.0 34.0 47.0 24.0 0.0 55.0 47.0 20.0 143.0 137.0 141.0 98.0 108.0 162.0 168.0 214.0
50 117.0 133.0 166.0 153.0 97.0 85.0 97.0 73.0 55.0 0.0 8.0 48.0 186.0 186.0 191.0 149.0 159.0 205.0 217.0 257.0
51 109.0 125.0 157.0 145.0 89.0 76.0 89.0 64.0 47.0 8.0 0.0 39.0 177.0 178.0 183.0 140.0 150.0 196.0 208.0 249.0
62 78.0 94.0 127.0 115.0 59.0 46.0 58.0 33.0 20.0 48.0 40.0 0.0 151.0 149.0 153.0 110.0 120.0 169.0 180.0 222.0
69 180.0 155.0 130.0 129.0 125.0 114.0 117.0 152.0 146.0 189.0 180.0 153.0 0.0 10.0 37.0 100.0 74.0 40.0 36.0 92.0
71 170.0 145.0 120.0 119.0 115.0 104.0 107.0 142.0 136.0 187.0 178.0 148.0 10.0 0.0 27.0 90.0 64.0 48.0 41.0 100.0
73 170.0 145.0 107.0 119.0 119.0 108.0 110.0 145.0 140.0 190.0 182.0 152.0 36.0 27.0 0.0 77.0 51.0 72.0 40.0 117.0
81 107.0 81.0 43.0 55.0 84.0 73.0 75.0 110.0 105.0 155.0 147.0 117.0 108.0 98.0 85.0 0.0 35.0 143.0 124.0 196.0
86 121.0 95.0 57.0 69.0 85.0 74.0 77.0 112.0 106.0 157.0 148.0 118.0 74.0 64.0 50.0 27.0 0.0 109.0 89.0 161.0
104 217.0 191.0 165.0 166.0 162.0 151.0 153.0 188.0 175.0 217.0 209.0 182.0 40.0 48.0 72.0 136.0 109.0 0.0 42.0 71.0
107 202.0 176.0 145.0 150.0 146.0 135.0 138.0 173.0 167.0 218.0 209.0 180.0 36.0 41.0 40.0 116.0 89.0 42.0 0.0 77.0
115 268.0 243.0 217.0 217.0 213.0 202.0 205.0 238.0 218.0 260.0 252.0 225.0 92.0 99.0 117.0 187.0 161.0 71.0 77.0 0.0

#distancia viaje entre puentes y alojamientos
: 127 131 134 140 147:=
3 31.0 226.0 220.0 133.0 177.0
4 40.0 200.0 194.0 107.0 151.0
14 72.0 174.0 168.0 69.0 126.0
15 60.0 174.0 168.0 81.0 125.0
20 101.0 171.0 165.0 87.0 122.0
21 110.0 160.0 154.0 76.0 110.0
25 123.0 163.0 157.0 79.0 114.0
32 80.0 198.0 192.0 114.0 148.0
37 99.0 187.0 183.0 109.0 141.0
50 148.0 230.0 226.0 159.0 184.0
51 139.0 221.0 217.0 151.0 175.0
62 108.0 194.0 190.0 120.0 148.0
69 178.0 49.0 43.0 60.0 9.0
71 168.0 57.0 50.0 51.0 7.0
73 168.0 74.0 68.0 37.0 32.0
81 104.0 152.0 146.0 48.0 104.0
86 119.0 118.0 112.0 13.0 69.0
104 215.0 28.0 24.0 96.0 46.0
107 199.0 34.0 28.0 76.0 41.0
115 266.0 48.0 50.0 147.0 97.0

#distancia entre alojamientos y puentes
: 3 4 14 15 20 21 25 32 37 50 51 62 69 71 73 81 86 104 107 115:=
127 31.0 40.0 72.0 59.0 101.0 110.0 123.0 80.0 99.0 148.0 140.0 109.0 178.0 168.0 167.0 96.0 117.0 215.0 199.0 267.0
131 225.0 199.0 173.0 173.0 170.0 159.0 161.0 196.0 189.0 232.0 223.0 196.0 48.0 56.0 74.0 144.0 117.0 28.0 34.0 48.0
134 219.0 193.0 167.0 167.0 163.0 152.0 155.0 190.0 184.0 227.0 219.0 192.0 42.0 49.0 68.0 137.0 111.0 24.0 28.0 50.0
140 134.0 108.0 70.0 82.0 87.0 76.0 78.0 113.0 108.0 158.0 150.0 120.0 61.0 51.0 37.0 40.0 14.0 96.0 77.0 148.0
147 175.0 150.0 125.0 124.0 120.0 109.0 112.0 147.0 141.0 187.0 179.0 152.0 9.0 5.0 32.0 95.0 69.0 46.0 40.0 98.0

#distancia entre depositos y puentes
: 3 4 14 15 20 21 25 32 37 50 51 62 69 71 73 81 86 104 107 115:=
0 59.0 75.0 108.0 96.0 39.0 27.0 39.0 14.0 11.0 60.0 51.0 20.0 140.0 130.0 133.0 91.0 101.0 170.0 161.0 222.0
1 151.0 125.0 87.0 100.0 102.0 91.0 94.0 129.0 123.0 174.0 165.0 135.0 50.0 40.0 26.0 58.0 31.0 85.0 65.0 137.0

#distancia entre puentes y depositos
: 0 1:=
3 59.0 150.0
4 75.0 124.0
14 108.0 86.0
15 96.0 99.0
20 40.0 103.0
21 27.0 91.0
25 38.0 94.0
32 14.0 129.0
37 11.0 124.0
50 59.0 174.0
51 51.0 166.0
62 20.0 136.0
69 138.0 49.0
71 129.0 39.0
73 132.0 26.0
81 97.0 65.0
86 99.0 30.0
104 175.0 85.0
107 160.0 64.0
115 225.0 136.0

;