set O:= 0 1;
set N:= 8 15 21 26 28 35 45 57 59 64 69 73 75 76 80 81 84 88 93 100 101 108 109 111 119;
set M:= 122 123 127 128 129 130 131 140 144 146;
set K:= 1 2 3 4 5;
param D:= 100;
param Q:= 540;
param v:= 2000000;
param f:= 
122 24000
123 26037
127 25694
128 39740
129 42028
130 45000
131 73862
140 48596
144 52000
146 78000
;
param:	xcoord ycoord w q:=
0 -32.75044 -70.72613 0 1 
1 -33.0433 -71.624 0 1 
8 -32.44708 -71.19315 110 1 
15 -32.44511 -71.32299 71 1 
21 -32.80094 -70.95847 94 1 
26 -32.84855 -70.98046 116 1 
28 -32.86292 -70.94795 99 1 
35 -32.7126 -70.74393 65 1 
45 -32.74039 -70.64 42 1 
57 -32.89552 -70.6746 98 1 
59 -32.83316 -70.70835 85 1 
64 -32.75022 -70.59169 119 1 
69 -33.37956 -71.38904 76 1 
73 -33.20765 -71.57225 80 1 
75 -32.91508 -71.49869 66 1 
76 -32.93269 -71.43975 112 1 
80 -32.63102 -71.41979 41 1 
81 -32.68399 -71.39191 70 1 
84 -32.86028 -71.45447 70 1 
88 -32.80869 -71.44189 36 1 
93 -33.01883 -71.50131 58 1 
100 -33.38903 -71.69158 108 1 
101 -33.34522 -71.64882 59 1 
108 -33.44564 -71.67852 41 1 
109 -33.44473 -71.67916 117 1 
111 -33.77523 -71.42462 65 1 
119 -33.8283 -71.64323 81 1 
122 -32.77961 -70.95976 0 1 
123 -32.88254 -71.09009 0 1 
127 -32.24898 -70.9333 0 1 
128 -32.43019 -71.07467 0 1 
129 -32.44456 -71.22894 0 1 
130 -33.65802 -71.56785 0 1 
131 -33.65502 -71.62965 0 1 
140 -32.93024 -71.55027 0 1 
144 -32.77144 -71.53401 0 1 
146 -33.38843 -71.53636 0 1 
;
param d[*,*]
#distancia de viaje entre puentes
: 8 15 21 26 28 35 45 57 59 64 69 73 75 76 80 81 84 88 93 100 101 108 109 111 119:=
8 0.0 14.0 75.0 69.0 73.0 95.0 109.0 115.0 109.0 115.0 132.0 122.0 78.0 77.0 40.0 51.0 68.0 61.0 92.0 150.0 143.0 157.0 157.0 196.0 203.0
15 14.0 0.0 71.0 66.0 70.0 100.0 106.0 112.0 105.0 111.0 129.0 118.0 75.0 74.0 36.0 48.0 65.0 58.0 89.0 147.0 140.0 154.0 154.0 192.0 199.0
21 74.0 70.0 0.0 7.0 11.0 30.0 37.0 43.0 36.0 42.0 114.0 108.0 72.0 64.0 71.0 65.0 71.0 67.0 79.0 132.0 125.0 139.0 139.0 177.0 185.0
26 76.0 73.0 14.0 0.0 5.0 42.0 48.0 49.0 48.0 54.0 117.0 111.0 74.0 66.0 74.0 68.0 73.0 69.0 81.0 134.0 127.0 141.0 141.0 180.0 187.0
28 73.0 70.0 11.0 5.0 0.0 39.0 45.0 47.0 45.0 51.0 114.0 108.0 71.0 63.0 71.0 65.0 70.0 67.0 78.0 132.0 125.0 138.0 138.0 177.0 184.0
35 95.0 99.0 30.0 36.0 40.0 0.0 14.0 23.0 17.0 20.0 143.0 137.0 101.0 93.0 100.0 94.0 100.0 96.0 108.0 161.0 154.0 168.0 168.0 184.0 214.0
45 109.0 105.0 36.0 42.0 45.0 14.0 0.0 25.0 20.0 6.0 149.0 143.0 106.0 99.0 106.0 100.0 106.0 102.0 114.0 167.0 160.0 174.0 174.0 186.0 219.0
57 114.0 111.0 42.0 48.0 46.0 23.0 25.0 0.0 9.0 22.0 132.0 138.0 112.0 105.0 112.0 106.0 112.0 108.0 112.0 160.0 153.0 164.0 164.0 161.0 193.0
59 108.0 105.0 36.0 42.0 45.0 17.0 20.0 9.0 0.0 23.0 141.0 143.0 106.0 98.0 106.0 100.0 105.0 102.0 113.0 166.0 159.0 173.0 173.0 170.0 202.0
64 114.0 110.0 42.0 47.0 51.0 19.0 6.0 22.0 23.0 0.0 153.0 148.0 112.0 104.0 111.0 106.0 111.0 107.0 119.0 172.0 165.0 179.0 179.0 183.0 215.0
69 132.0 129.0 114.0 108.0 113.0 143.0 148.0 135.0 144.0 154.0 0.0 37.0 66.0 67.0 106.0 100.0 77.0 83.0 53.0 36.0 34.0 37.0 37.0 67.0 74.0
73 122.0 119.0 108.0 102.0 106.0 137.0 142.0 138.0 142.0 148.0 36.0 0.0 43.0 44.0 83.0 77.0 54.0 60.0 29.0 36.0 29.0 43.0 43.0 98.0 99.0
75 79.0 76.0 72.0 66.0 71.0 101.0 106.0 112.0 106.0 112.0 67.0 43.0 0.0 8.0 40.0 34.0 11.0 17.0 14.0 79.0 72.0 86.0 85.0 129.0 136.0
76 78.0 75.0 64.0 58.0 63.0 93.0 98.0 104.0 98.0 104.0 68.0 44.0 8.0 0.0 39.0 33.0 10.0 16.0 15.0 80.0 73.0 87.0 86.0 130.0 137.0
80 40.0 36.0 70.0 65.0 69.0 99.0 105.0 111.0 104.0 110.0 106.0 82.0 39.0 38.0 0.0 11.0 28.0 22.0 53.0 117.0 110.0 124.0 124.0 167.0 175.0
81 59.0 55.0 73.0 67.0 71.0 101.0 107.0 113.0 106.0 113.0 108.0 85.0 41.0 40.0 19.0 0.0 31.0 24.0 55.0 120.0 113.0 127.0 127.0 170.0 177.0
84 69.0 65.0 71.0 65.0 70.0 100.0 105.0 111.0 105.0 111.0 77.0 54.0 10.0 10.0 29.0 23.0 0.0 6.0 25.0 89.0 82.0 96.0 96.0 139.0 146.0
88 62.0 59.0 67.0 61.0 65.0 95.0 101.0 107.0 101.0 107.0 84.0 60.0 17.0 16.0 23.0 17.0 6.0 0.0 31.0 95.0 88.0 102.0 102.0 145.0 153.0
93 93.0 89.0 79.0 73.0 77.0 107.0 113.0 114.0 113.0 119.0 53.0 30.0 13.0 15.0 53.0 47.0 24.0 31.0 0.0 65.0 58.0 72.0 72.0 115.0 122.0
100 150.0 146.0 132.0 126.0 130.0 160.0 166.0 161.0 166.0 172.0 35.0 36.0 78.0 79.0 118.0 112.0 88.0 95.0 64.0 0.0 7.0 7.0 7.0 64.0 62.0
101 143.0 140.0 125.0 119.0 123.0 153.0 159.0 154.0 159.0 165.0 36.0 29.0 71.0 72.0 111.0 105.0 82.0 88.0 57.0 7.0 0.0 14.0 14.0 69.0 70.0
108 157.0 153.0 139.0 133.0 137.0 167.0 173.0 166.0 172.0 179.0 36.0 43.0 85.0 86.0 124.0 119.0 95.0 102.0 71.0 7.0 14.0 0.0 0.0 57.0 55.0
109 157.0 153.0 138.0 133.0 137.0 167.0 173.0 166.0 172.0 179.0 36.0 43.0 85.0 85.0 124.0 119.0 95.0 102.0 71.0 7.0 14.0 0.0 0.0 57.0 56.0
111 194.0 191.0 176.0 170.0 174.0 187.0 189.0 164.0 173.0 185.0 66.0 97.0 127.0 128.0 167.0 161.0 138.0 144.0 113.0 63.0 67.0 56.0 56.0 0.0 65.0
119 202.0 198.0 184.0 178.0 182.0 212.0 218.0 196.0 205.0 218.0 73.0 99.0 135.0 136.0 174.0 169.0 145.0 152.0 121.0 63.0 70.0 56.0 56.0 65.0 0.0

#distancia viaje entre puentes y alojamientos
: 122 123 127 128 129 130 131 140 144 146:=
8 76.0 63.0 51.0 17.0 5.0 180.0 178.0 85.0 71.0 144.0
15 72.0 60.0 60.0 28.0 10.0 176.0 174.0 81.0 68.0 140.0
21 2.0 23.0 110.0 79.0 70.0 162.0 160.0 76.0 79.0 126.0
26 16.0 25.0 122.0 90.0 72.0 164.0 162.0 78.0 81.0 128.0
28 13.0 22.0 119.0 87.0 69.0 161.0 159.0 75.0 78.0 125.0
35 28.0 52.0 84.0 78.0 97.0 191.0 189.0 105.0 108.0 155.0
45 39.0 58.0 98.0 92.0 104.0 194.0 194.0 111.0 114.0 160.0
57 45.0 64.0 107.0 101.0 110.0 169.0 176.0 117.0 120.0 145.0
59 38.0 57.0 101.0 95.0 104.0 178.0 185.0 110.0 113.0 154.0
64 44.0 63.0 103.0 97.0 110.0 191.0 197.0 116.0 119.0 166.0
69 115.0 102.0 178.0 146.0 128.0 51.0 49.0 60.0 89.0 18.0
73 109.0 95.0 168.0 137.0 118.0 76.0 74.0 37.0 66.0 46.0
75 73.0 59.0 125.0 94.0 75.0 113.0 111.0 6.0 23.0 77.0
76 65.0 51.0 124.0 93.0 74.0 114.0 112.0 12.0 28.0 78.0
80 71.0 59.0 85.0 54.0 36.0 152.0 150.0 45.0 32.0 115.0
81 74.0 61.0 104.0 73.0 54.0 154.0 152.0 48.0 35.0 118.0
84 72.0 58.0 115.0 83.0 65.0 123.0 121.0 17.0 19.0 87.0
88 68.0 55.0 108.0 77.0 58.0 130.0 128.0 23.0 12.0 94.0
93 80.0 66.0 139.0 107.0 89.0 99.0 97.0 15.0 36.0 63.0
100 133.0 119.0 196.0 164.0 146.0 39.0 38.0 72.0 101.0 17.0
101 126.0 112.0 189.0 157.0 139.0 47.0 45.0 65.0 94.0 17.0
108 140.0 126.0 203.0 171.0 153.0 32.0 30.0 79.0 107.0 17.0
109 139.0 126.0 202.0 171.0 152.0 33.0 31.0 79.0 107.0 17.0
111 177.0 163.0 240.0 208.0 190.0 33.0 40.0 121.0 150.0 67.0
119 185.0 171.0 248.0 216.0 198.0 37.0 30.0 129.0 157.0 69.0

#distancia entre alojamientos y puentes
: 8 15 21 26 28 35 45 57 59 64 69 73 75 76 80 81 84 88 93 100 101 108 109 111 119:=
122 76.0 72.0 2.0 10.0 13.0 28.0 39.0 45.0 39.0 45.0 116.0 110.0 73.0 66.0 73.0 67.0 73.0 69.0 81.0 134.0 127.0 141.0 141.0 179.0 186.0
123 63.0 60.0 23.0 18.0 22.0 52.0 58.0 64.0 57.0 64.0 102.0 96.0 59.0 52.0 60.0 54.0 59.0 56.0 67.0 120.0 113.0 127.0 127.0 165.0 172.0
127 51.0 59.0 110.0 115.0 119.0 84.0 98.0 107.0 101.0 104.0 178.0 167.0 124.0 123.0 85.0 96.0 113.0 107.0 138.0 196.0 189.0 203.0 202.0 241.0 248.0
128 17.0 28.0 79.0 83.0 88.0 78.0 92.0 101.0 94.0 98.0 147.0 136.0 92.0 91.0 54.0 65.0 82.0 76.0 106.0 164.0 157.0 171.0 171.0 210.0 217.0
129 5.0 10.0 71.0 65.0 69.0 97.0 105.0 111.0 105.0 111.0 128.0 118.0 74.0 73.0 35.0 47.0 64.0 57.0 88.0 146.0 139.0 153.0 153.0 191.0 199.0
130 179.0 175.0 161.0 155.0 159.0 189.0 195.0 172.0 181.0 193.0 50.0 76.0 112.0 113.0 151.0 146.0 122.0 129.0 98.0 40.0 47.0 33.0 33.0 33.0 37.0
131 177.0 173.0 159.0 153.0 157.0 187.0 193.0 178.0 187.0 199.0 48.0 74.0 110.0 111.0 149.0 144.0 120.0 127.0 96.0 38.0 45.0 31.0 31.0 40.0 30.0
140 86.0 82.0 76.0 70.0 75.0 105.0 110.0 116.0 110.0 116.0 61.0 37.0 6.0 12.0 46.0 40.0 17.0 24.0 14.0 73.0 66.0 80.0 80.0 123.0 130.0
144 73.0 69.0 78.0 73.0 77.0 107.0 113.0 119.0 112.0 118.0 90.0 66.0 23.0 28.0 33.0 27.0 19.0 12.0 37.0 101.0 94.0 108.0 108.0 151.0 159.0
146 144.0 141.0 126.0 120.0 125.0 155.0 160.0 149.0 158.0 166.0 18.0 45.0 77.0 78.0 117.0 111.0 88.0 94.0 63.0 18.0 16.0 19.0 19.0 68.0 69.0

#distancia entre depositos y puentes
: 8 15 21 26 28 35 45 57 59 64 69 73 75 76 80 81 84 88 93 100 101 108 109 111 119:=
0 99.0 96.0 27.0 32.0 36.0 5.0 10.0 19.0 13.0 16.0 140.0 133.0 97.0 89.0 96.0 91.0 96.0 92.0 104.0 157.0 150.0 164.0 164.0 180.0 210.0
1 103.0 100.0 91.0 86.0 90.0 120.0 126.0 127.0 125.0 131.0 50.0 26.0 24.0 27.0 63.0 58.0 35.0 41.0 15.0 61.0 54.0 68.0 68.0 111.0 119.0

#distancia entre puentes y depositos
: 0 1:=
8 99.0 102.0
15 96.0 99.0
21 27.0 91.0
26 38.0 93.0
28 35.0 91.0
35 5.0 120.0
45 10.0 126.0
57 19.0 125.0
59 12.0 126.0
64 15.0 131.0
69 138.0 49.0
73 132.0 26.0
75 96.0 24.0
76 89.0 27.0
80 95.0 62.0
81 97.0 65.0
84 95.0 34.0
88 91.0 40.0
93 103.0 15.0
100 156.0 60.0
101 149.0 54.0
108 163.0 67.0
109 163.0 67.0
111 183.0 110.0
119 208.0 118.0

;