set O:= 0 1;
set N:= 16 17 20 28 29 37 45 49 50 52 63 64 77 85 86 88 92 93 106 114;
set M:= 122 124 130 131 143;
set K:= 1 2 3;
param D:= 100;
param Q:= 540;
param v:= 2000000;
param f:= 
122 24000
124 63000
130 45000
131 73862
143 48720
;
param:	xcoord ycoord w q:=
0 -32.75044 -70.72613 0 1 
1 -33.0433 -71.624 0 1 
16 -32.21823 -70.82151 78 1 
17 -32.34859 -71.07237 51 1 
20 -32.69998 -70.93128 51 1 
28 -32.86292 -70.94795 99 1 
29 -32.58297 -70.73334 108 1 
37 -32.81691 -70.71195 53 1 
45 -32.74039 -70.64 42 1 
49 -32.90731 -70.28602 104 1 
50 -32.87857 -70.20821 39 1 
52 -32.90338 -70.26912 86 1 
63 -32.76227 -70.50125 44 1 
64 -32.75022 -70.59169 119 1 
77 -32.9314 -71.47561 30 1 
85 -32.8625 -71.46772 106 1 
86 -32.86452 -71.49062 87 1 
88 -32.80869 -71.44189 36 1 
92 -33.58655 -71.52943 57 1 
93 -33.01883 -71.50131 58 1 
106 -33.53398 -71.59339 54 1 
114 -33.63163 -71.61037 97 1 
122 -32.77961 -70.95976 0 1 
124 -32.85659 -70.41855 0 1 
130 -33.65802 -71.56785 0 1 
131 -33.65502 -71.62965 0 1 
143 -32.78349 -71.53032 0 1 
;
param d[*,*]
#distancia de viaje entre puentes
: 16 17 20 28 29 37 45 49 50 52 63 64 77 85 86 88 92 93 106 114:=
16 0.0 31.0 94.0 112.0 59.0 87.0 86.0 128.0 136.0 130.0 103.0 92.0 137.0 126.0 128.0 118.0 220.0 149.0 219.0 230.0
17 31.0 0.0 82.0 100.0 76.0 104.0 104.0 146.0 154.0 147.0 121.0 110.0 107.0 95.0 98.0 88.0 190.0 118.0 189.0 200.0
20 94.0 82.0 0.0 24.0 54.0 47.0 49.0 89.0 98.0 91.0 66.0 55.0 79.0 84.0 87.0 79.0 157.0 90.0 156.0 167.0
28 111.0 100.0 23.0 0.0 56.0 43.0 45.0 85.0 93.0 87.0 62.0 51.0 67.0 72.0 75.0 67.0 145.0 78.0 144.0 155.0
29 59.0 76.0 54.0 57.0 0.0 32.0 31.0 73.0 81.0 75.0 48.0 37.0 113.0 118.0 121.0 113.0 191.0 125.0 190.0 202.0
37 87.0 104.0 47.0 43.0 32.0 0.0 17.0 47.0 55.0 49.0 27.0 23.0 100.0 105.0 108.0 100.0 175.0 111.0 174.0 183.0
45 86.0 103.0 49.0 45.0 30.0 17.0 0.0 48.0 56.0 49.0 18.0 6.0 102.0 107.0 110.0 102.0 180.0 114.0 179.0 191.0
49 153.0 171.0 115.0 111.0 98.0 73.0 73.0 0.0 8.0 2.0 72.0 69.0 168.0 172.0 176.0 167.0 235.0 179.0 234.0 243.0
50 136.0 153.0 97.0 94.0 80.0 55.0 56.0 12.0 0.0 14.0 55.0 52.0 150.0 155.0 159.0 150.0 217.0 162.0 217.0 226.0
52 151.0 169.0 113.0 109.0 96.0 71.0 71.0 2.0 7.0 0.0 70.0 67.0 166.0 171.0 174.0 166.0 233.0 177.0 232.0 241.0
63 103.0 121.0 66.0 62.0 48.0 27.0 18.0 47.0 55.0 49.0 0.0 12.0 119.0 124.0 127.0 119.0 189.0 130.0 188.0 198.0
64 91.0 109.0 54.0 51.0 36.0 23.0 6.0 44.0 52.0 46.0 12.0 0.0 107.0 112.0 116.0 107.0 185.0 119.0 184.0 193.0
77 139.0 108.0 79.0 66.0 113.0 100.0 102.0 142.0 150.0 143.0 119.0 108.0 0.0 15.0 17.0 20.0 100.0 17.0 99.0 110.0
85 129.0 99.0 83.0 70.0 117.0 104.0 106.0 146.0 154.0 148.0 123.0 112.0 14.0 0.0 3.0 10.0 106.0 23.0 105.0 116.0
86 130.0 99.0 85.0 73.0 119.0 106.0 108.0 148.0 157.0 150.0 125.0 114.0 12.0 2.0 0.0 12.0 104.0 21.0 103.0 114.0
88 119.0 89.0 78.0 65.0 112.0 99.0 101.0 141.0 149.0 143.0 118.0 107.0 19.0 8.0 11.0 0.0 114.0 31.0 113.0 124.0
92 220.0 189.0 156.0 143.0 190.0 177.0 179.0 211.0 220.0 213.0 192.0 185.0 98.0 105.0 104.0 113.0 0.0 82.0 12.0 16.0
93 150.0 119.0 90.0 77.0 124.0 111.0 113.0 153.0 161.0 155.0 130.0 119.0 16.0 22.0 21.0 31.0 83.0 0.0 82.0 93.0
106 219.0 189.0 156.0 143.0 190.0 177.0 179.0 211.0 219.0 213.0 191.0 185.0 98.0 105.0 103.0 113.0 12.0 82.0 0.0 13.0
114 230.0 199.0 166.0 153.0 200.0 185.0 189.0 219.0 228.0 221.0 200.0 195.0 108.0 115.0 113.0 123.0 15.0 92.0 13.0 0.0

#distancia viaje entre puentes y alojamientos
: 122 124 130 131 143:=
16 99.0 111.0 236.0 234.0 126.0
17 89.0 129.0 206.0 204.0 96.0
20 10.0 73.0 173.0 171.0 89.0
28 13.0 68.0 161.0 159.0 77.0
29 44.0 56.0 207.0 205.0 123.0
37 37.0 30.0 180.0 187.0 110.0
45 39.0 31.0 194.0 194.0 112.0
49 104.0 43.0 240.0 247.0 178.0
50 87.0 26.0 223.0 230.0 160.0
52 103.0 42.0 239.0 245.0 176.0
63 55.0 30.0 195.0 201.0 129.0
64 44.0 27.0 191.0 197.0 117.0
77 69.0 125.0 116.0 114.0 31.0
85 73.0 129.0 122.0 120.0 17.0
86 75.0 132.0 120.0 118.0 15.0
88 68.0 124.0 130.0 128.0 11.0
92 146.0 195.0 22.0 20.0 117.0
93 80.0 136.0 99.0 97.0 35.0
106 146.0 194.0 19.0 17.0 117.0
114 156.0 203.0 8.0 4.0 127.0

#distancia entre alojamientos y puentes
: 16 17 20 28 29 37 45 49 50 52 63 64 77 85 86 88 92 93 106 114:=
122 99.0 89.0 10.0 13.0 44.0 37.0 39.0 79.0 87.0 81.0 56.0 45.0 69.0 74.0 77.0 69.0 147.0 81.0 146.0 158.0
124 111.0 128.0 72.0 69.0 55.0 30.0 31.0 18.0 26.0 19.0 30.0 27.0 125.0 130.0 133.0 125.0 192.0 137.0 191.0 201.0
130 236.0 205.0 172.0 159.0 206.0 183.0 195.0 217.0 225.0 219.0 197.0 193.0 114.0 121.0 119.0 129.0 21.0 98.0 19.0 8.0
131 234.0 203.0 170.0 157.0 204.0 189.0 193.0 223.0 232.0 225.0 203.0 199.0 112.0 119.0 117.0 127.0 19.0 96.0 17.0 4.0
143 128.0 98.0 88.0 76.0 122.0 109.0 111.0 151.0 160.0 153.0 128.0 117.0 27.0 17.0 15.0 11.0 118.0 36.0 117.0 129.0

#distancia entre depositos y puentes
: 16 17 20 28 29 37 45 49 50 52 63 64 77 85 86 88 92 93 106 114:=
0 77.0 95.0 39.0 36.0 22.0 11.0 10.0 51.0 60.0 53.0 27.0 16.0 92.0 97.0 101.0 92.0 171.0 104.0 170.0 181.0
1 160.0 130.0 102.0 90.0 136.0 123.0 126.0 166.0 174.0 167.0 143.0 131.0 27.0 33.0 31.0 41.0 80.0 15.0 79.0 90.0

#distancia entre puentes y depositos
: 0 1:=
16 77.0 158.0
17 95.0 128.0
20 40.0 103.0
28 35.0 91.0
29 22.0 137.0
37 11.0 124.0
45 10.0 126.0
49 77.0 191.0
50 59.0 174.0
52 75.0 190.0
63 27.0 143.0
64 15.0 131.0
77 92.0 29.0
85 96.0 32.0
86 99.0 30.0
88 91.0 40.0
92 169.0 79.0
93 103.0 15.0
106 169.0 78.0
114 179.0 89.0

;