set O:= 0 1;
set N:= 4 13 16 22 25 26 49 62 73 76 77 80 81 85 88 92 93 101 106 114;
set M:= 122 131 140 144 146;
set K:= 1 2 3;
param D:= 100;
param Q:= 540;
param v:= 2000000;
param f:= 
122 24000
131 73862
140 48596
144 52000
146 78000
;
param:	xcoord ycoord w q:=
0 -32.75044 -70.72613 0 1 
1 -33.0433 -71.624 0 1 
4 -32.44056 -71.00665 106 1 
13 -32.34055 -71.17481 99 1 
16 -32.21823 -70.82151 78 1 
22 -32.75643 -70.94537 48 1 
25 -32.86219 -70.89013 69 1 
26 -32.84855 -70.98046 116 1 
49 -32.90731 -70.28602 104 1 
62 -32.76924 -70.56035 84 1 
73 -33.20765 -71.57225 80 1 
76 -32.93269 -71.43975 112 1 
77 -32.9314 -71.47561 30 1 
80 -32.63102 -71.41979 41 1 
81 -32.68399 -71.39191 70 1 
85 -32.8625 -71.46772 106 1 
88 -32.80869 -71.44189 36 1 
92 -33.58655 -71.52943 57 1 
93 -33.01883 -71.50131 58 1 
101 -33.34522 -71.64882 59 1 
106 -33.53398 -71.59339 54 1 
114 -33.63163 -71.61037 97 1 
122 -32.77961 -70.95976 0 1 
131 -33.65502 -71.62965 0 1 
140 -32.93024 -71.55027 0 1 
144 -32.77144 -71.53401 0 1 
146 -33.38843 -71.53636 0 1 
;
param d[*,*]
#distancia de viaje entre puentes
: 4 13 16 22 25 26 49 62 73 76 77 80 81 85 88 92 93 101 106 114:=
4 0.0 27.0 45.0 66.0 85.0 78.0 126.0 94.0 144.0 100.0 103.0 62.0 73.0 92.0 84.0 186.0 115.0 166.0 185.0 196.0
13 27.0 0.0 50.0 92.0 93.0 84.0 152.0 120.0 137.0 93.0 96.0 55.0 66.0 85.0 77.0 179.0 108.0 159.0 178.0 189.0
16 45.0 49.0 0.0 98.0 115.0 108.0 128.0 96.0 178.0 134.0 137.0 96.0 107.0 126.0 118.0 220.0 149.0 200.0 219.0 230.0
22 66.0 92.0 98.0 0.0 20.0 13.0 82.0 52.0 113.0 68.0 72.0 76.0 70.0 77.0 72.0 150.0 83.0 130.0 149.0 160.0
25 85.0 92.0 115.0 20.0 0.0 10.0 88.0 58.0 112.0 67.0 71.0 75.0 69.0 76.0 70.0 149.0 82.0 128.0 148.0 159.0
26 85.0 92.0 114.0 20.0 9.0 0.0 88.0 58.0 111.0 66.0 70.0 74.0 68.0 75.0 69.0 148.0 81.0 127.0 147.0 158.0
49 151.0 177.0 153.0 108.0 115.0 107.0 0.0 65.0 209.0 164.0 168.0 171.0 166.0 172.0 167.0 235.0 179.0 224.0 234.0 243.0
62 94.0 120.0 96.0 52.0 58.0 52.0 40.0 0.0 153.0 108.0 112.0 116.0 110.0 117.0 112.0 182.0 123.0 169.0 181.0 191.0
73 145.0 138.0 179.0 112.0 110.0 102.0 182.0 152.0 0.0 44.0 45.0 83.0 77.0 52.0 60.0 66.0 29.0 29.0 57.0 70.0
76 101.0 94.0 135.0 68.0 67.0 58.0 138.0 108.0 44.0 0.0 3.0 39.0 33.0 11.0 16.0 98.0 15.0 73.0 97.0 108.0
77 104.0 97.0 139.0 72.0 70.0 62.0 142.0 112.0 46.0 4.0 0.0 42.0 37.0 15.0 20.0 100.0 17.0 74.0 99.0 110.0
80 62.0 55.0 96.0 75.0 73.0 65.0 145.0 114.0 82.0 38.0 41.0 0.0 11.0 30.0 22.0 136.0 53.0 110.0 135.0 146.0
81 81.0 74.0 115.0 77.0 75.0 67.0 147.0 117.0 85.0 40.0 44.0 19.0 0.0 32.0 24.0 138.0 55.0 113.0 137.0 148.0
85 95.0 88.0 129.0 76.0 74.0 66.0 146.0 116.0 52.0 10.0 14.0 33.0 27.0 0.0 10.0 106.0 23.0 81.0 105.0 116.0
88 85.0 78.0 119.0 71.0 69.0 61.0 141.0 111.0 60.0 16.0 19.0 23.0 17.0 8.0 0.0 114.0 31.0 88.0 113.0 124.0
92 185.0 178.0 220.0 149.0 147.0 139.0 211.0 185.0 66.0 97.0 98.0 136.0 130.0 105.0 113.0 0.0 82.0 37.0 12.0 16.0
93 115.0 108.0 150.0 83.0 81.0 73.0 153.0 123.0 30.0 15.0 16.0 53.0 47.0 22.0 31.0 83.0 0.0 58.0 82.0 93.0
101 165.0 158.0 200.0 129.0 127.0 119.0 199.0 169.0 29.0 72.0 73.0 111.0 105.0 80.0 88.0 37.0 57.0 0.0 28.0 41.0
106 185.0 178.0 219.0 149.0 147.0 139.0 211.0 184.0 56.0 96.0 98.0 135.0 130.0 105.0 113.0 12.0 82.0 27.0 0.0 13.0
114 195.0 188.0 230.0 159.0 157.0 149.0 219.0 193.0 70.0 107.0 108.0 146.0 140.0 115.0 123.0 15.0 92.0 41.0 13.0 0.0

#distancia viaje entre puentes y alojamientos
: 122 131 140 144 146:=
4 69.0 200.0 107.0 94.0 166.0
13 91.0 193.0 100.0 87.0 159.0
16 99.0 234.0 141.0 128.0 200.0
22 4.0 164.0 81.0 83.0 130.0
25 16.0 163.0 79.0 82.0 129.0
26 16.0 162.0 78.0 81.0 128.0
49 104.0 247.0 176.0 179.0 216.0
62 48.0 194.0 120.0 123.0 164.0
73 109.0 74.0 37.0 66.0 46.0
76 65.0 112.0 12.0 28.0 78.0
77 69.0 114.0 14.0 32.0 79.0
80 71.0 150.0 45.0 32.0 115.0
81 74.0 152.0 48.0 35.0 118.0
85 73.0 120.0 15.0 18.0 86.0
88 68.0 128.0 23.0 12.0 94.0
92 146.0 20.0 90.0 119.0 36.0
93 80.0 97.0 15.0 36.0 63.0
101 126.0 45.0 65.0 94.0 17.0
106 146.0 17.0 90.0 118.0 27.0
114 156.0 4.0 100.0 129.0 40.0

#distancia entre alojamientos y puentes
: 4 13 16 22 25 26 49 62 73 76 77 80 81 85 88 92 93 101 106 114:=
122 69.0 91.0 99.0 3.0 16.0 10.0 79.0 49.0 110.0 66.0 69.0 73.0 67.0 74.0 69.0 147.0 81.0 127.0 146.0 158.0
131 199.0 192.0 234.0 163.0 161.0 153.0 223.0 196.0 74.0 111.0 112.0 149.0 144.0 119.0 127.0 19.0 96.0 45.0 17.0 4.0
140 108.0 101.0 142.0 80.0 78.0 70.0 150.0 120.0 37.0 12.0 10.0 46.0 40.0 15.0 24.0 91.0 14.0 66.0 90.0 101.0
144 95.0 88.0 129.0 82.0 81.0 73.0 153.0 122.0 66.0 28.0 28.0 33.0 27.0 18.0 12.0 120.0 37.0 94.0 119.0 130.0
146 167.0 160.0 201.0 130.0 129.0 120.0 194.0 167.0 45.0 78.0 80.0 117.0 111.0 86.0 94.0 36.0 63.0 16.0 27.0 40.0

#distancia entre depositos y puentes
: 4 13 16 22 25 26 49 62 73 76 77 80 81 85 88 92 93 101 106 114:=
0 75.0 101.0 77.0 33.0 39.0 32.0 51.0 20.0 133.0 89.0 92.0 96.0 91.0 97.0 92.0 171.0 104.0 150.0 170.0 181.0
1 125.0 118.0 160.0 96.0 94.0 86.0 166.0 135.0 26.0 27.0 27.0 63.0 58.0 33.0 41.0 80.0 15.0 54.0 79.0 90.0

#distancia entre puentes y depositos
: 0 1:=
4 75.0 124.0
13 101.0 117.0
16 77.0 158.0
22 33.0 96.0
25 38.0 94.0
26 38.0 93.0
49 77.0 191.0
62 20.0 136.0
73 132.0 26.0
76 89.0 27.0
77 92.0 29.0
80 95.0 62.0
81 97.0 65.0
85 96.0 32.0
88 91.0 40.0
92 169.0 79.0
93 103.0 15.0
101 149.0 54.0
106 169.0 78.0
114 179.0 89.0

;