set O:= 0 1;
set N:= 3 4 10 13 14 15 16 17 20 21 22 25 26 29 32 36 37 49 50 51 57 59 62 63 64 69 71 73 74 76 78 80 81 86 88 89 92 98 100 101 103 104 105 107 109 110 111 114 115 119;
set M:= 124 126 127 129 130 134 137 140 143 144 146 147;
set K:= 1 2 3 4 5 6 7;
param D:= 100;
param Q:= 540;
param v:= 2000000;
param f:= 
124 63000
126 68517
127 25694
129 42028
130 45000
134 96841
137 27856
140 48596
143 48720
144 52000
146 78000
147 45000
;
param:	xcoord ycoord w q:=
0 -32.75044 -70.72613 0 1 
1 -33.0433 -71.624 0 1 
3 -32.35092 -70.79153 105 1 
4 -32.44056 -71.00665 106 1 
10 -32.43335 -71.23322 48 1 
13 -32.34055 -71.17481 99 1 
14 -32.51115 -71.42049 30 1 
15 -32.44511 -71.32299 71 1 
16 -32.21823 -70.82151 78 1 
17 -32.34859 -71.07237 51 1 
20 -32.69998 -70.93128 51 1 
21 -32.80094 -70.95847 94 1 
22 -32.75643 -70.94537 48 1 
25 -32.86219 -70.89013 69 1 
26 -32.84855 -70.98046 116 1 
29 -32.58297 -70.73334 108 1 
32 -32.66447 -70.697 94 1 
36 -32.83944 -71.00021 66 1 
37 -32.81691 -70.71195 53 1 
49 -32.90731 -70.28602 104 1 
50 -32.87857 -70.20821 39 1 
51 -32.90645 -70.28716 50 1 
57 -32.89552 -70.6746 98 1 
59 -32.83316 -70.70835 85 1 
62 -32.76924 -70.56035 84 1 
63 -32.76227 -70.50125 44 1 
64 -32.75022 -70.59169 119 1 
69 -33.37956 -71.38904 76 1 
71 -33.29475 -71.41066 32 1 
73 -33.20765 -71.57225 80 1 
74 -32.91961 -71.50488 57 1 
76 -32.93269 -71.43975 112 1 
78 -32.93288 -71.46643 63 1 
80 -32.63102 -71.41979 41 1 
81 -32.68399 -71.39191 70 1 
86 -32.86452 -71.49062 87 1 
88 -32.80869 -71.44189 36 1 
89 -33.10385 -71.66487 64 1 
92 -33.58655 -71.52943 57 1 
98 -32.98749 -71.50073 83 1 
100 -33.38903 -71.69158 108 1 
101 -33.34522 -71.64882 59 1 
103 -33.35491 -71.65289 40 1 
104 -33.61332 -71.40226 39 1 
105 -33.53115 -71.54035 119 1 
107 -33.42116 -71.69462 116 1 
109 -33.44473 -71.67916 117 1 
110 -33.63989 -71.57131 49 1 
111 -33.77523 -71.42462 65 1 
114 -33.63163 -71.61037 97 1 
115 -33.93803 -71.7365 56 1 
119 -33.8283 -71.64323 81 1 
124 -32.85659 -70.41855 0 1 
126 -32.25311 -70.93619 0 1 
127 -32.24898 -70.9333 0 1 
129 -32.44456 -71.22894 0 1 
130 -33.65802 -71.56785 0 1 
134 -33.61172 -71.60733 0 1 
137 -32.91915 -71.52057 0 1 
140 -32.93024 -71.55027 0 1 
143 -32.78349 -71.53032 0 1 
144 -32.77144 -71.53401 0 1 
146 -33.38843 -71.53636 0 1 
147 -33.32534 -71.38598 0 1 
;
param d[*,*]
#distancia de viaje entre puentes
: 3 4 10 13 14 15 16 17 20 21 22 25 26 29 32 36 37 49 50 51 57 59 62 63 64 69 71 73 74 76 78 80 81 86 88 89 92 98 100 101 103 104 105 107 109 110 111 114 115 119:=
3 0.0 26.0 55.0 52.0 74.0 62.0 19.0 46.0 75.0 83.0 79.0 97.0 90.0 41.0 50.0 90.0 68.0 110.0 118.0 110.0 77.0 70.0 78.0 85.0 74.0 181.0 171.0 170.0 127.0 125.0 128.0 88.0 99.0 120.0 110.0 161.0 212.0 136.0 198.0 191.0 192.0 217.0 207.0 202.0 205.0 225.0 238.0 222.0 269.0 251.0
4 26.0 0.0 29.0 27.0 49.0 36.0 45.0 20.0 62.0 71.0 66.0 85.0 78.0 57.0 66.0 79.0 84.0 126.0 134.0 126.0 93.0 86.0 94.0 101.0 90.0 155.0 145.0 144.0 101.0 100.0 102.0 62.0 73.0 94.0 84.0 136.0 186.0 110.0 173.0 166.0 167.0 192.0 181.0 176.0 179.0 200.0 218.0 196.0 244.0 225.0
10 55.0 30.0 0.0 19.0 23.0 11.0 60.0 30.0 83.0 72.0 76.0 75.0 66.0 86.0 95.0 70.0 104.0 146.0 155.0 146.0 112.0 106.0 116.0 123.0 112.0 130.0 120.0 119.0 76.0 75.0 77.0 37.0 48.0 69.0 59.0 110.0 161.0 85.0 148.0 141.0 142.0 166.0 156.0 151.0 154.0 175.0 193.0 171.0 219.0 200.0
13 52.0 27.0 19.0 0.0 41.0 29.0 50.0 19.0 88.0 90.0 92.0 93.0 84.0 83.0 92.0 88.0 111.0 152.0 160.0 152.0 119.0 113.0 120.0 127.0 116.0 148.0 138.0 137.0 94.0 93.0 95.0 55.0 66.0 87.0 77.0 128.0 179.0 103.0 166.0 159.0 160.0 184.0 174.0 169.0 172.0 193.0 211.0 189.0 237.0 218.0
14 74.0 49.0 23.0 42.0 0.0 12.0 83.0 53.0 94.0 83.0 87.0 86.0 78.0 105.0 114.0 81.0 115.0 158.0 166.0 157.0 123.0 117.0 127.0 134.0 123.0 130.0 120.0 106.0 64.0 62.0 64.0 24.0 35.0 56.0 46.0 98.0 160.0 72.0 142.0 135.0 136.0 165.0 154.0 145.0 148.0 173.0 192.0 170.0 217.0 199.0
15 62.0 37.0 11.0 30.0 12.0 0.0 71.0 41.0 82.0 71.0 76.0 74.0 66.0 93.0 102.0 69.0 103.0 146.0 154.0 145.0 112.0 105.0 115.0 123.0 111.0 129.0 119.0 118.0 76.0 74.0 77.0 36.0 48.0 68.0 58.0 110.0 160.0 84.0 147.0 140.0 141.0 166.0 155.0 151.0 154.0 174.0 192.0 171.0 218.0 199.0
16 19.0 45.0 60.0 49.0 83.0 70.0 0.0 31.0 94.0 101.0 98.0 115.0 108.0 59.0 68.0 109.0 87.0 128.0 136.0 128.0 95.0 89.0 96.0 103.0 92.0 189.0 179.0 178.0 135.0 134.0 136.0 96.0 107.0 128.0 118.0 170.0 220.0 144.0 207.0 200.0 201.0 226.0 215.0 210.0 213.0 234.0 252.0 230.0 278.0 259.0
17 46.0 20.0 30.0 19.0 52.0 40.0 31.0 0.0 82.0 91.0 85.0 103.0 95.0 76.0 86.0 99.0 104.0 146.0 154.0 145.0 112.0 106.0 114.0 121.0 110.0 159.0 149.0 148.0 105.0 103.0 106.0 66.0 77.0 98.0 88.0 139.0 190.0 114.0 176.0 169.0 170.0 195.0 185.0 180.0 183.0 203.0 222.0 200.0 247.0 229.0
20 75.0 62.0 83.0 88.0 94.0 82.0 94.0 82.0 0.0 13.0 7.0 27.0 20.0 54.0 48.0 20.0 47.0 89.0 98.0 89.0 55.0 49.0 59.0 66.0 55.0 126.0 116.0 120.0 82.0 75.0 78.0 83.0 77.0 87.0 79.0 114.0 157.0 86.0 143.0 136.0 138.0 162.0 152.0 147.0 150.0 170.0 189.0 167.0 214.0 196.0
21 83.0 71.0 71.0 89.0 83.0 70.0 101.0 91.0 13.0 0.0 6.0 14.0 7.0 46.0 39.0 7.0 34.0 77.0 85.0 76.0 43.0 36.0 46.0 53.0 42.0 114.0 104.0 108.0 71.0 64.0 66.0 71.0 65.0 75.0 67.0 103.0 146.0 74.0 132.0 125.0 126.0 151.0 140.0 136.0 139.0 159.0 177.0 156.0 203.0 185.0
22 79.0 66.0 76.0 92.0 87.0 75.0 98.0 85.0 7.0 6.0 0.0 20.0 13.0 47.0 41.0 13.0 40.0 82.0 91.0 82.0 48.0 42.0 52.0 59.0 48.0 119.0 109.0 113.0 75.0 68.0 71.0 76.0 70.0 80.0 72.0 107.0 150.0 79.0 137.0 130.0 131.0 155.0 145.0 140.0 143.0 164.0 182.0 160.0 208.0 189.0
25 96.0 85.0 74.0 92.0 86.0 74.0 115.0 104.0 27.0 14.0 20.0 0.0 10.0 59.0 52.0 12.0 46.0 88.0 97.0 88.0 44.0 48.0 58.0 65.0 54.0 118.0 108.0 112.0 74.0 67.0 70.0 75.0 69.0 79.0 70.0 106.0 149.0 78.0 135.0 128.0 130.0 154.0 144.0 139.0 142.0 162.0 176.0 159.0 206.0 188.0
26 96.0 85.0 73.0 92.0 85.0 73.0 114.0 103.0 26.0 14.0 20.0 9.0 0.0 59.0 51.0 12.0 46.0 88.0 96.0 88.0 49.0 48.0 58.0 65.0 54.0 117.0 107.0 111.0 73.0 66.0 69.0 74.0 68.0 78.0 69.0 105.0 148.0 77.0 134.0 127.0 129.0 153.0 143.0 138.0 141.0 161.0 180.0 158.0 205.0 187.0
29 41.0 57.0 86.0 83.0 105.0 93.0 59.0 76.0 54.0 46.0 47.0 60.0 53.0 0.0 13.0 54.0 32.0 73.0 81.0 73.0 40.0 34.0 41.0 48.0 37.0 160.0 150.0 154.0 117.0 110.0 112.0 117.0 111.0 121.0 113.0 148.0 191.0 120.0 178.0 171.0 172.0 190.0 186.0 181.0 185.0 205.0 201.0 202.0 243.0 230.0
32 50.0 66.0 95.0 92.0 114.0 102.0 68.0 86.0 47.0 39.0 41.0 52.0 45.0 13.0 0.0 45.0 24.0 65.0 73.0 65.0 32.0 25.0 33.0 40.0 29.0 152.0 142.0 146.0 109.0 102.0 104.0 109.0 103.0 113.0 105.0 140.0 184.0 112.0 170.0 163.0 164.0 182.0 178.0 174.0 177.0 197.0 193.0 194.0 235.0 223.0
36 91.0 79.0 68.0 86.0 79.0 67.0 109.0 97.0 21.0 8.0 14.0 12.0 4.0 54.0 46.0 0.0 40.0 83.0 91.0 82.0 49.0 42.0 52.0 60.0 48.0 111.0 101.0 105.0 67.0 60.0 63.0 68.0 62.0 72.0 64.0 99.0 142.0 71.0 129.0 122.0 123.0 148.0 137.0 132.0 135.0 156.0 174.0 152.0 200.0 181.0
37 69.0 84.0 104.0 111.0 115.0 103.0 87.0 104.0 47.0 34.0 40.0 47.0 40.0 32.0 24.0 40.0 0.0 47.0 55.0 47.0 11.0 3.0 20.0 27.0 23.0 143.0 137.0 141.0 103.0 96.0 99.0 104.0 98.0 108.0 100.0 135.0 175.0 107.0 165.0 158.0 159.0 162.0 169.0 168.0 171.0 178.0 172.0 183.0 214.0 204.0
49 135.0 151.0 171.0 177.0 183.0 171.0 153.0 171.0 115.0 102.0 108.0 115.0 107.0 98.0 90.0 108.0 73.0 0.0 8.0 1.0 71.0 73.0 65.0 72.0 69.0 203.0 203.0 209.0 171.0 164.0 167.0 171.0 166.0 176.0 167.0 203.0 235.0 174.0 231.0 224.0 225.0 222.0 229.0 234.0 235.0 238.0 232.0 243.0 274.0 264.0
50 117.0 133.0 154.0 160.0 166.0 153.0 136.0 153.0 97.0 85.0 91.0 97.0 90.0 80.0 73.0 91.0 55.0 12.0 0.0 8.0 54.0 56.0 48.0 55.0 52.0 186.0 186.0 191.0 154.0 147.0 150.0 154.0 149.0 159.0 150.0 186.0 217.0 157.0 214.0 207.0 208.0 205.0 212.0 217.0 218.0 221.0 215.0 226.0 257.0 247.0
51 109.0 125.0 146.0 151.0 157.0 145.0 127.0 145.0 89.0 76.0 82.0 89.0 82.0 72.0 64.0 82.0 47.0 4.0 8.0 0.0 46.0 47.0 39.0 46.0 43.0 177.0 178.0 183.0 146.0 139.0 141.0 146.0 140.0 150.0 142.0 177.0 209.0 149.0 205.0 198.0 199.0 196.0 204.0 208.0 209.0 212.0 207.0 217.0 249.0 239.0
57 77.0 93.0 112.0 119.0 123.0 111.0 95.0 113.0 55.0 42.0 48.0 44.0 48.0 40.0 32.0 48.0 11.0 46.0 55.0 46.0 0.0 9.0 19.0 26.0 22.0 132.0 132.0 138.0 112.0 105.0 107.0 112.0 106.0 116.0 108.0 137.0 164.0 115.0 160.0 153.0 154.0 151.0 158.0 163.0 164.0 167.0 161.0 172.0 203.0 193.0
59 70.0 86.0 106.0 113.0 117.0 105.0 89.0 106.0 49.0 36.0 42.0 48.0 42.0 33.0 26.0 42.0 3.0 47.0 56.0 47.0 9.0 0.0 20.0 27.0 23.0 141.0 139.0 143.0 105.0 98.0 101.0 106.0 100.0 110.0 102.0 137.0 173.0 109.0 166.0 159.0 161.0 160.0 167.0 170.0 173.0 176.0 170.0 181.0 212.0 202.0
62 78.0 94.0 116.0 120.0 127.0 115.0 96.0 114.0 59.0 46.0 52.0 58.0 52.0 41.0 33.0 52.0 20.0 40.0 48.0 40.0 19.0 20.0 0.0 7.0 5.0 151.0 149.0 153.0 115.0 108.0 111.0 116.0 110.0 120.0 112.0 147.0 182.0 119.0 176.0 169.0 171.0 169.0 177.0 180.0 183.0 185.0 180.0 191.0 222.0 212.0
63 85.0 101.0 123.0 127.0 134.0 122.0 103.0 121.0 66.0 53.0 59.0 65.0 59.0 48.0 40.0 59.0 27.0 47.0 55.0 47.0 26.0 27.0 7.0 0.0 12.0 158.0 156.0 160.0 122.0 115.0 118.0 123.0 117.0 127.0 119.0 154.0 189.0 126.0 183.0 176.0 178.0 176.0 184.0 187.0 190.0 192.0 187.0 198.0 229.0 219.0
64 73.0 89.0 111.0 115.0 123.0 110.0 91.0 109.0 54.0 42.0 48.0 54.0 47.0 36.0 28.0 48.0 23.0 44.0 52.0 44.0 22.0 23.0 5.0 12.0 0.0 153.0 144.0 148.0 111.0 104.0 107.0 111.0 106.0 116.0 107.0 143.0 185.0 114.0 172.0 165.0 166.0 172.0 180.0 176.0 179.0 188.0 183.0 193.0 225.0 215.0
69 180.0 155.0 130.0 148.0 130.0 129.0 189.0 159.0 125.0 114.0 118.0 117.0 108.0 159.0 152.0 112.0 146.0 180.0 189.0 180.0 135.0 144.0 153.0 160.0 154.0 0.0 10.0 37.0 66.0 67.0 65.0 106.0 100.0 74.0 83.0 54.0 35.0 57.0 36.0 34.0 33.0 40.0 30.0 36.0 37.0 48.0 67.0 45.0 92.0 74.0
71 170.0 145.0 120.0 138.0 120.0 119.0 179.0 149.0 115.0 104.0 108.0 107.0 98.0 149.0 142.0 102.0 136.0 178.0 187.0 178.0 133.0 138.0 148.0 155.0 144.0 10.0 0.0 27.0 56.0 57.0 55.0 96.0 90.0 64.0 73.0 44.0 42.0 47.0 37.0 30.0 31.0 48.0 37.0 41.0 43.0 56.0 74.0 53.0 100.0 81.0
73 170.0 145.0 120.0 138.0 107.0 119.0 179.0 149.0 119.0 108.0 112.0 110.0 102.0 153.0 145.0 106.0 140.0 182.0 190.0 182.0 138.0 142.0 152.0 159.0 148.0 36.0 27.0 0.0 42.0 44.0 42.0 83.0 77.0 51.0 60.0 31.0 66.0 34.0 36.0 29.0 30.0 72.0 61.0 40.0 43.0 73.0 98.0 70.0 117.0 99.0
74 128.0 103.0 77.0 96.0 64.0 77.0 137.0 107.0 82.0 71.0 75.0 74.0 65.0 116.0 109.0 69.0 103.0 145.0 154.0 145.0 111.0 105.0 115.0 122.0 111.0 66.0 56.0 43.0 0.0 7.0 5.0 40.0 35.0 8.0 18.0 34.0 96.0 9.0 78.0 71.0 72.0 101.0 91.0 82.0 85.0 110.0 128.0 106.0 154.0 135.0
76 126.0 101.0 76.0 94.0 63.0 75.0 135.0 105.0 75.0 64.0 68.0 67.0 58.0 109.0 102.0 62.0 96.0 138.0 147.0 138.0 104.0 98.0 108.0 115.0 104.0 68.0 58.0 44.0 7.0 0.0 3.0 39.0 33.0 14.0 16.0 39.0 98.0 10.0 80.0 73.0 74.0 103.0 93.0 83.0 86.0 111.0 130.0 108.0 155.0 137.0
78 129.0 103.0 78.0 96.0 65.0 78.0 138.0 107.0 78.0 67.0 71.0 69.0 61.0 112.0 104.0 64.0 99.0 141.0 149.0 141.0 107.0 101.0 111.0 118.0 107.0 66.0 56.0 42.0 4.0 3.0 0.0 41.0 36.0 13.0 19.0 37.0 96.0 9.0 78.0 71.0 72.0 101.0 91.0 81.0 84.0 109.0 128.0 106.0 153.0 135.0
80 88.0 62.0 37.0 55.0 24.0 36.0 96.0 66.0 81.0 70.0 75.0 73.0 65.0 115.0 108.0 68.0 102.0 145.0 153.0 144.0 111.0 104.0 114.0 122.0 110.0 106.0 96.0 82.0 39.0 38.0 40.0 0.0 11.0 32.0 22.0 74.0 136.0 48.0 117.0 110.0 112.0 141.0 130.0 121.0 124.0 149.0 167.0 146.0 193.0 175.0
81 107.0 81.0 56.0 74.0 43.0 55.0 115.0 85.0 84.0 73.0 77.0 75.0 67.0 118.0 110.0 70.0 105.0 147.0 155.0 147.0 113.0 106.0 117.0 124.0 113.0 108.0 98.0 85.0 42.0 40.0 43.0 19.0 0.0 35.0 24.0 76.0 138.0 51.0 120.0 113.0 114.0 143.0 133.0 124.0 127.0 152.0 170.0 148.0 196.0 177.0
86 121.0 95.0 70.0 88.0 57.0 69.0 130.0 99.0 85.0 74.0 78.0 77.0 68.0 119.0 112.0 72.0 106.0 148.0 157.0 148.0 114.0 108.0 118.0 125.0 114.0 74.0 64.0 50.0 7.0 13.0 12.0 33.0 27.0 0.0 12.0 42.0 104.0 17.0 85.0 78.0 80.0 109.0 98.0 89.0 92.0 117.0 135.0 114.0 161.0 143.0
88 110.0 85.0 60.0 78.0 47.0 59.0 119.0 89.0 78.0 67.0 71.0 69.0 61.0 112.0 104.0 65.0 99.0 141.0 149.0 141.0 107.0 101.0 111.0 118.0 107.0 84.0 74.0 60.0 18.0 16.0 18.0 23.0 17.0 11.0 0.0 52.0 114.0 26.0 95.0 88.0 90.0 119.0 108.0 99.0 102.0 127.0 145.0 124.0 171.0 153.0
89 163.0 137.0 112.0 130.0 99.0 111.0 171.0 141.0 114.0 103.0 107.0 105.0 97.0 148.0 141.0 101.0 135.0 177.0 186.0 177.0 138.0 137.0 147.0 154.0 143.0 51.0 42.0 28.0 35.0 39.0 37.0 75.0 69.0 43.0 53.0 0.0 81.0 29.0 63.0 56.0 57.0 87.0 76.0 67.0 70.0 95.0 113.0 92.0 139.0 120.0
92 211.0 185.0 160.0 178.0 160.0 160.0 220.0 189.0 156.0 145.0 149.0 147.0 139.0 190.0 182.0 143.0 177.0 211.0 220.0 211.0 166.0 175.0 185.0 192.0 185.0 35.0 42.0 66.0 95.0 97.0 95.0 136.0 130.0 104.0 113.0 84.0 0.0 87.0 32.0 37.0 36.0 19.0 7.0 29.0 26.0 19.0 36.0 16.0 63.0 45.0
98 137.0 111.0 86.0 104.0 73.0 85.0 145.0 115.0 85.0 74.0 79.0 77.0 69.0 119.0 112.0 72.0 106.0 149.0 157.0 148.0 115.0 108.0 118.0 126.0 115.0 58.0 48.0 34.0 8.0 10.0 8.0 49.0 43.0 17.0 26.0 28.0 88.0 0.0 69.0 62.0 64.0 93.0 82.0 73.0 76.0 101.0 119.0 98.0 145.0 127.0
100 198.0 172.0 147.0 165.0 141.0 146.0 207.0 176.0 143.0 132.0 136.0 134.0 126.0 177.0 169.0 129.0 164.0 206.0 214.0 206.0 161.0 166.0 176.0 183.0 172.0 35.0 37.0 36.0 77.0 79.0 77.0 118.0 112.0 85.0 95.0 66.0 32.0 68.0 0.0 7.0 6.0 45.0 28.0 4.0 7.0 37.0 64.0 33.0 81.0 62.0
101 191.0 165.0 140.0 158.0 135.0 140.0 200.0 169.0 136.0 125.0 129.0 127.0 119.0 170.0 162.0 123.0 157.0 199.0 207.0 199.0 154.0 159.0 169.0 176.0 165.0 36.0 30.0 29.0 70.0 72.0 70.0 111.0 105.0 79.0 88.0 59.0 37.0 62.0 7.0 0.0 1.0 51.0 34.0 11.0 14.0 44.0 69.0 41.0 88.0 70.0
103 192.0 166.0 141.0 159.0 136.0 141.0 201.0 171.0 137.0 126.0 130.0 128.0 120.0 171.0 163.0 124.0 158.0 200.0 208.0 200.0 155.0 160.0 170.0 177.0 166.0 34.0 31.0 30.0 71.0 73.0 71.0 112.0 106.0 80.0 89.0 60.0 36.0 63.0 6.0 1.0 0.0 50.0 33.0 10.0 13.0 43.0 68.0 40.0 87.0 69.0
104 217.0 191.0 166.0 184.0 165.0 166.0 226.0 195.0 162.0 151.0 155.0 153.0 145.0 196.0 188.0 149.0 175.0 209.0 217.0 209.0 164.0 173.0 182.0 189.0 185.0 40.0 48.0 72.0 101.0 103.0 101.0 142.0 136.0 109.0 119.0 90.0 18.0 92.0 45.0 49.0 48.0 0.0 18.0 42.0 39.0 19.0 31.0 24.0 71.0 53.0
105 206.0 180.0 155.0 173.0 154.0 154.0 214.0 184.0 151.0 140.0 144.0 142.0 134.0 185.0 177.0 137.0 171.0 206.0 214.0 206.0 161.0 170.0 179.0 186.0 180.0 29.0 37.0 61.0 90.0 91.0 90.0 130.0 125.0 98.0 107.0 78.0 8.0 81.0 28.0 33.0 32.0 18.0 0.0 24.0 21.0 22.0 39.0 19.0 66.0 48.0
107 202.0 176.0 151.0 169.0 145.0 150.0 210.0 180.0 146.0 135.0 140.0 138.0 130.0 180.0 173.0 133.0 167.0 210.0 218.0 209.0 164.0 169.0 180.0 187.0 176.0 36.0 41.0 40.0 81.0 82.0 81.0 121.0 116.0 89.0 98.0 69.0 29.0 72.0 4.0 11.0 9.0 42.0 24.0 0.0 3.0 33.0 60.0 30.0 77.0 59.0
109 205.0 179.0 154.0 172.0 148.0 153.0 213.0 183.0 149.0 138.0 143.0 141.0 133.0 183.0 176.0 136.0 170.0 211.0 220.0 211.0 166.0 172.0 183.0 190.0 179.0 36.0 42.0 43.0 84.0 85.0 84.0 124.0 119.0 92.0 102.0 72.0 26.0 75.0 7.0 14.0 13.0 39.0 21.0 3.0 0.0 30.0 57.0 27.0 74.0 56.0
110 224.0 198.0 173.0 191.0 173.0 173.0 233.0 203.0 169.0 158.0 162.0 160.0 152.0 203.0 195.0 156.0 180.0 214.0 223.0 214.0 169.0 178.0 187.0 194.0 190.0 48.0 55.0 73.0 108.0 110.0 108.0 149.0 143.0 117.0 126.0 97.0 19.0 100.0 37.0 44.0 43.0 19.0 22.0 33.0 30.0 0.0 31.0 5.0 52.0 34.0
111 241.0 216.0 191.0 209.0 191.0 191.0 251.0 220.0 187.0 176.0 180.0 178.0 170.0 203.0 196.0 174.0 175.0 209.0 218.0 209.0 164.0 173.0 182.0 189.0 185.0 66.0 73.0 97.0 126.0 128.0 126.0 167.0 161.0 134.0 144.0 115.0 36.0 118.0 63.0 67.0 66.0 27.0 38.0 59.0 56.0 31.0 0.0 36.0 83.0 65.0
114 221.0 195.0 170.0 188.0 169.0 170.0 230.0 199.0 166.0 155.0 159.0 157.0 149.0 200.0 192.0 153.0 185.0 219.0 228.0 219.0 174.0 183.0 193.0 200.0 195.0 45.0 52.0 70.0 105.0 107.0 105.0 146.0 140.0 113.0 123.0 94.0 15.0 96.0 34.0 41.0 40.0 24.0 19.0 30.0 27.0 5.0 36.0 0.0 47.0 29.0
115 268.0 243.0 218.0 236.0 217.0 217.0 277.0 247.0 213.0 202.0 206.0 205.0 196.0 247.0 238.0 200.0 218.0 252.0 260.0 252.0 207.0 216.0 225.0 232.0 228.0 92.0 99.0 117.0 152.0 154.0 152.0 193.0 187.0 161.0 170.0 141.0 63.0 144.0 81.0 88.0 87.0 71.0 66.0 77.0 74.0 52.0 83.0 47.0 0.0 18.0
119 250.0 224.0 199.0 217.0 198.0 198.0 259.0 228.0 195.0 184.0 188.0 186.0 178.0 229.0 221.0 181.0 208.0 242.0 250.0 242.0 196.0 205.0 215.0 222.0 218.0 73.0 81.0 99.0 134.0 136.0 134.0 174.0 169.0 142.0 152.0 123.0 44.0 125.0 63.0 70.0 68.0 53.0 47.0 59.0 56.0 34.0 65.0 29.0 18.0 0.0

#distancia viaje entre puentes y alojamientos
: 124 126 127 129 130 134 137 140 143 144 146 147:=
3 93.0 32.0 31.0 53.0 228.0 220.0 129.0 133.0 118.0 120.0 192.0 177.0
4 109.0 39.0 40.0 28.0 202.0 194.0 103.0 107.0 92.0 94.0 166.0 151.0
10 130.0 49.0 49.0 3.0 177.0 169.0 78.0 82.0 67.0 69.0 141.0 126.0
13 135.0 38.0 39.0 21.0 195.0 187.0 96.0 100.0 85.0 87.0 159.0 144.0
14 141.0 71.0 72.0 22.0 176.0 168.0 65.0 69.0 55.0 56.0 140.0 126.0
15 129.0 59.0 60.0 10.0 176.0 168.0 78.0 81.0 67.0 68.0 140.0 125.0
16 111.0 12.0 12.0 62.0 236.0 228.0 137.0 141.0 126.0 128.0 200.0 185.0
17 129.0 20.0 20.0 32.0 206.0 198.0 107.0 111.0 96.0 98.0 170.0 155.0
20 73.0 101.0 101.0 81.0 173.0 165.0 83.0 87.0 89.0 90.0 137.0 122.0
21 60.0 110.0 110.0 70.0 162.0 154.0 72.0 76.0 77.0 79.0 126.0 110.0
22 66.0 104.0 105.0 74.0 166.0 158.0 77.0 81.0 82.0 83.0 130.0 115.0
25 71.0 122.0 123.0 73.0 165.0 157.0 75.0 79.0 81.0 82.0 129.0 114.0
26 71.0 121.0 122.0 72.0 164.0 156.0 74.0 78.0 80.0 81.0 128.0 113.0
29 56.0 71.0 71.0 84.0 207.0 199.0 118.0 122.0 123.0 125.0 171.0 156.0
32 48.0 80.0 80.0 93.0 200.0 192.0 110.0 114.0 115.0 117.0 163.0 148.0
36 66.0 116.0 116.0 66.0 158.0 150.0 69.0 73.0 74.0 75.0 122.0 107.0
37 30.0 99.0 99.0 102.0 180.0 183.0 105.0 109.0 110.0 111.0 156.0 141.0
49 43.0 165.0 165.0 170.0 240.0 243.0 172.0 176.0 178.0 179.0 216.0 201.0
50 26.0 148.0 148.0 153.0 223.0 226.0 155.0 159.0 160.0 162.0 199.0 184.0
51 18.0 140.0 139.0 144.0 215.0 217.0 147.0 151.0 152.0 153.0 191.0 175.0
57 29.0 107.0 107.0 110.0 169.0 172.0 113.0 117.0 118.0 120.0 145.0 130.0
59 31.0 101.0 101.0 104.0 178.0 181.0 106.0 110.0 112.0 113.0 154.0 139.0
62 23.0 109.0 108.0 114.0 188.0 190.0 116.0 120.0 122.0 123.0 164.0 148.0
63 30.0 115.0 115.0 121.0 195.0 197.0 123.0 127.0 129.0 130.0 171.0 155.0
64 27.0 103.0 103.0 110.0 191.0 193.0 112.0 116.0 117.0 119.0 166.0 151.0
69 163.0 177.0 178.0 128.0 51.0 43.0 63.0 60.0 88.0 89.0 18.0 9.0
71 161.0 168.0 168.0 118.0 59.0 50.0 53.0 51.0 78.0 79.0 24.0 7.0
73 165.0 168.0 168.0 118.0 76.0 68.0 39.0 37.0 64.0 66.0 46.0 32.0
74 129.0 125.0 126.0 76.0 112.0 104.0 2.0 6.0 22.0 23.0 76.0 62.0
76 121.0 124.0 124.0 74.0 114.0 106.0 8.0 12.0 27.0 28.0 78.0 64.0
78 124.0 126.0 127.0 77.0 112.0 104.0 6.0 10.0 26.0 28.0 76.0 62.0
80 128.0 85.0 85.0 36.0 152.0 144.0 41.0 45.0 30.0 32.0 115.0 101.0
81 130.0 104.0 104.0 54.0 154.0 146.0 44.0 48.0 33.0 35.0 118.0 104.0
86 132.0 118.0 119.0 69.0 120.0 112.0 9.0 13.0 15.0 16.0 83.0 69.0
88 124.0 108.0 108.0 58.0 130.0 122.0 19.0 23.0 11.0 12.0 94.0 79.0
89 160.0 160.0 161.0 111.0 98.0 89.0 34.0 31.0 57.0 58.0 61.0 47.0
92 195.0 208.0 209.0 159.0 22.0 14.0 92.0 90.0 117.0 119.0 36.0 40.0
98 132.0 134.0 134.0 84.0 104.0 96.0 9.0 11.0 30.0 32.0 67.0 53.0
100 189.0 195.0 196.0 146.0 39.0 31.0 74.0 72.0 99.0 101.0 17.0 39.0
101 182.0 188.0 189.0 139.0 47.0 39.0 67.0 65.0 92.0 94.0 17.0 32.0
103 183.0 189.0 190.0 140.0 46.0 38.0 69.0 66.0 93.0 95.0 16.0 33.0
104 192.0 214.0 215.0 165.0 21.0 24.0 98.0 96.0 123.0 125.0 44.0 46.0
105 189.0 203.0 204.0 154.0 25.0 17.0 87.0 85.0 112.0 113.0 33.0 35.0
107 193.0 199.0 199.0 149.0 36.0 28.0 78.0 76.0 103.0 104.0 18.0 41.0
109 195.0 202.0 202.0 152.0 33.0 25.0 81.0 79.0 106.0 107.0 17.0 40.0
110 198.0 221.0 222.0 172.0 3.0 6.0 106.0 103.0 130.0 132.0 43.0 53.0
111 192.0 239.0 240.0 190.0 33.0 36.0 123.0 121.0 148.0 150.0 67.0 71.0
114 203.0 218.0 219.0 169.0 8.0 2.0 102.0 100.0 127.0 129.0 40.0 50.0
115 235.0 265.0 266.0 216.0 55.0 50.0 150.0 147.0 174.0 176.0 87.0 97.0
119 225.0 247.0 248.0 198.0 37.0 31.0 131.0 129.0 156.0 157.0 69.0 79.0

#distancia entre alojamientos y puentes
: 3 4 10 13 14 15 16 17 20 21 22 25 26 29 32 36 37 49 50 51 57 59 62 63 64 69 71 73 74 76 78 80 81 86 88 89 92 98 100 101 103 104 105 107 109 110 111 114 115 119:=
124 92.0 108.0 129.0 135.0 141.0 128.0 111.0 128.0 72.0 60.0 65.0 72.0 65.0 55.0 47.0 65.0 30.0 18.0 26.0 18.0 29.0 31.0 23.0 30.0 27.0 161.0 161.0 166.0 129.0 122.0 124.0 129.0 123.0 133.0 125.0 160.0 192.0 132.0 189.0 182.0 183.0 179.0 187.0 192.0 193.0 195.0 190.0 201.0 232.0 222.0
126 32.0 39.0 48.0 38.0 71.0 59.0 13.0 19.0 101.0 110.0 104.0 122.0 114.0 71.0 81.0 117.0 99.0 140.0 149.0 140.0 107.0 101.0 109.0 116.0 105.0 177.0 167.0 166.0 124.0 122.0 124.0 84.0 96.0 116.0 106.0 158.0 208.0 132.0 195.0 188.0 189.0 214.0 203.0 199.0 202.0 222.0 240.0 219.0 266.0 247.0
127 31.0 40.0 49.0 38.0 72.0 59.0 12.0 20.0 101.0 110.0 105.0 123.0 115.0 71.0 80.0 118.0 99.0 140.0 148.0 140.0 107.0 101.0 109.0 116.0 104.0 178.0 168.0 167.0 124.0 123.0 125.0 85.0 96.0 117.0 107.0 159.0 209.0 133.0 196.0 189.0 190.0 215.0 204.0 199.0 202.0 223.0 241.0 219.0 267.0 248.0
129 53.0 28.0 2.0 20.0 22.0 10.0 62.0 31.0 82.0 71.0 75.0 73.0 65.0 84.0 93.0 68.0 103.0 145.0 153.0 145.0 111.0 105.0 115.0 122.0 111.0 128.0 118.0 118.0 75.0 73.0 76.0 35.0 47.0 67.0 57.0 109.0 160.0 83.0 146.0 139.0 140.0 165.0 154.0 150.0 153.0 173.0 191.0 170.0 217.0 199.0
130 227.0 201.0 176.0 194.0 175.0 175.0 236.0 205.0 172.0 161.0 165.0 163.0 155.0 206.0 198.0 158.0 183.0 217.0 225.0 217.0 172.0 181.0 190.0 197.0 193.0 50.0 58.0 76.0 111.0 113.0 111.0 151.0 146.0 119.0 129.0 100.0 21.0 102.0 40.0 47.0 45.0 21.0 24.0 36.0 33.0 3.0 33.0 8.0 55.0 37.0
134 219.0 193.0 168.0 186.0 167.0 167.0 227.0 197.0 163.0 152.0 157.0 155.0 147.0 197.0 190.0 150.0 184.0 219.0 227.0 219.0 174.0 183.0 192.0 199.0 192.0 42.0 49.0 68.0 103.0 104.0 102.0 143.0 137.0 111.0 120.0 91.0 13.0 94.0 32.0 38.0 37.0 24.0 16.0 28.0 25.0 6.0 36.0 2.0 50.0 31.0
137 130.0 104.0 79.0 97.0 66.0 79.0 139.0 108.0 83.0 72.0 76.0 75.0 66.0 117.0 110.0 70.0 104.0 146.0 155.0 146.0 112.0 106.0 116.0 123.0 112.0 63.0 53.0 40.0 2.0 8.0 6.0 42.0 37.0 10.0 20.0 34.0 93.0 10.0 75.0 68.0 69.0 99.0 88.0 79.0 82.0 107.0 125.0 103.0 151.0 132.0
140 134.0 108.0 83.0 101.0 70.0 82.0 142.0 112.0 87.0 76.0 80.0 78.0 70.0 121.0 113.0 74.0 108.0 150.0 158.0 150.0 116.0 110.0 120.0 127.0 116.0 61.0 51.0 37.0 5.0 12.0 9.0 46.0 40.0 14.0 24.0 31.0 91.0 10.0 73.0 66.0 67.0 96.0 86.0 77.0 80.0 104.0 123.0 101.0 148.0 130.0
143 119.0 94.0 69.0 87.0 56.0 68.0 128.0 98.0 88.0 77.0 81.0 80.0 71.0 122.0 115.0 75.0 109.0 151.0 160.0 151.0 117.0 111.0 121.0 128.0 117.0 88.0 79.0 65.0 22.0 27.0 27.0 32.0 26.0 15.0 11.0 56.0 118.0 31.0 100.0 93.0 94.0 124.0 113.0 104.0 107.0 132.0 150.0 129.0 176.0 157.0
144 121.0 95.0 70.0 88.0 57.0 69.0 129.0 99.0 89.0 78.0 82.0 81.0 73.0 123.0 116.0 76.0 110.0 153.0 161.0 152.0 119.0 112.0 122.0 129.0 118.0 90.0 80.0 66.0 23.0 28.0 28.0 33.0 27.0 16.0 12.0 58.0 120.0 33.0 101.0 94.0 96.0 125.0 114.0 105.0 108.0 133.0 151.0 130.0 177.0 159.0
146 192.0 167.0 142.0 160.0 141.0 141.0 201.0 171.0 137.0 126.0 130.0 129.0 120.0 171.0 164.0 124.0 158.0 194.0 202.0 194.0 149.0 158.0 167.0 174.0 166.0 18.0 24.0 45.0 76.0 78.0 76.0 117.0 111.0 85.0 94.0 65.0 36.0 68.0 18.0 16.0 15.0 43.0 33.0 18.0 19.0 43.0 68.0 40.0 87.0 69.0
147 175.0 150.0 125.0 143.0 125.0 124.0 184.0 154.0 120.0 109.0 113.0 112.0 103.0 154.0 147.0 107.0 141.0 179.0 187.0 179.0 134.0 143.0 152.0 159.0 149.0 9.0 5.0 32.0 61.0 62.0 60.0 101.0 95.0 69.0 78.0 49.0 41.0 52.0 39.0 32.0 33.0 46.0 35.0 40.0 41.0 54.0 73.0 51.0 98.0 80.0

#distancia entre depositos y puentes
: 3 4 10 13 14 15 16 17 20 21 22 25 26 29 32 36 37 49 50 51 57 59 62 63 64 69 71 73 74 76 78 80 81 86 88 89 92 98 100 101 103 104 105 107 109 110 111 114 115 119:=
0 59.0 75.0 96.0 101.0 108.0 96.0 77.0 95.0 39.0 27.0 33.0 39.0 32.0 22.0 14.0 33.0 11.0 51.0 60.0 51.0 19.0 13.0 20.0 27.0 16.0 140.0 130.0 133.0 96.0 89.0 92.0 96.0 91.0 101.0 92.0 128.0 171.0 99.0 157.0 150.0 151.0 170.0 165.0 161.0 164.0 184.0 180.0 181.0 222.0 210.0
1 151.0 125.0 100.0 118.0 87.0 100.0 160.0 130.0 102.0 91.0 96.0 94.0 86.0 136.0 129.0 89.0 123.0 166.0 174.0 165.0 127.0 125.0 135.0 143.0 131.0 50.0 40.0 26.0 23.0 27.0 25.0 63.0 58.0 31.0 41.0 12.0 80.0 17.0 61.0 54.0 55.0 85.0 74.0 65.0 68.0 93.0 111.0 90.0 137.0 119.0

#distancia entre puentes y depositos
: 0 1:=
3 59.0 150.0
4 75.0 124.0
10 97.0 99.0
13 101.0 117.0
14 108.0 86.0
15 96.0 99.0
16 77.0 158.0
17 95.0 128.0
20 40.0 103.0
21 27.0 91.0
22 33.0 96.0
25 38.0 94.0
26 38.0 93.0
29 22.0 137.0
32 14.0 129.0
36 33.0 88.0
37 11.0 124.0
49 77.0 191.0
50 59.0 174.0
51 51.0 166.0
57 19.0 125.0
59 12.0 126.0
62 20.0 136.0
63 27.0 143.0
64 15.0 131.0
69 138.0 49.0
71 129.0 39.0
73 132.0 26.0
74 96.0 23.0
76 89.0 27.0
78 91.0 25.0
80 95.0 62.0
81 97.0 65.0
86 99.0 30.0
88 91.0 40.0
89 127.0 12.0
92 169.0 79.0
98 99.0 17.0
100 156.0 60.0
101 149.0 54.0
103 150.0 55.0
104 175.0 85.0
105 164.0 73.0
107 160.0 64.0
109 163.0 67.0
110 182.0 92.0
111 183.0 110.0
114 179.0 89.0
115 225.0 136.0
119 208.0 118.0

;