set O:= 0 1;
set N:= 13 36 39 52 73 84 86 87 101 116;
set M:= 123 130 134 147;
set K:= 1 2 3;
param D:= 100;
param Q:= 540;
param v:= 2000000;
param f:= 
123 26037
130 45000
134 96841
147 45000
;
param:	xcoord ycoord w q:=
0 -32.75044 -70.72613 0 1 
1 -33.0433 -71.624 0 1 
13 -32.34055 -71.17481 99 1 
36 -32.83944 -71.00021 66 1 
39 -32.74002 -70.64044 105 1 
52 -32.90338 -70.26912 86 1 
73 -33.20765 -71.57225 80 1 
84 -32.86028 -71.45447 70 1 
86 -32.86452 -71.49062 87 1 
87 -32.83144 -71.47526 89 1 
101 -33.34522 -71.64882 59 1 
116 -33.88859 -71.64141 97 1 
123 -32.88254 -71.09009 0 1 
130 -33.65802 -71.56785 0 1 
134 -33.61172 -71.60733 0 1 
147 -33.32534 -71.38598 0 1 
;
param d[*,*]
#distancia de viaje entre puentes
: 13 36 39 52 73 84 86 87 101 116:=
13 0.0 88.0 110.0 154.0 137.0 83.0 87.0 83.0 159.0 229.0
36 86.0 0.0 43.0 84.0 105.0 67.0 72.0 71.0 122.0 192.0
39 110.0 42.0 0.0 50.0 143.0 106.0 110.0 109.0 160.0 214.0
52 175.0 106.0 71.0 0.0 207.0 169.0 174.0 173.0 222.0 259.0
73 138.0 106.0 142.0 184.0 0.0 54.0 51.0 54.0 29.0 109.0
84 84.0 69.0 105.0 147.0 54.0 0.0 5.0 8.0 82.0 157.0
86 88.0 72.0 109.0 150.0 50.0 6.0 0.0 4.0 78.0 153.0
87 84.0 71.0 108.0 149.0 54.0 10.0 4.0 0.0 83.0 157.0
101 158.0 123.0 159.0 201.0 29.0 82.0 79.0 82.0 0.0 80.0
116 227.0 191.0 218.0 240.0 109.0 155.0 152.0 155.0 79.0 0.0

#distancia viaje entre puentes y alojamientos
: 123 130 134 147:=
13 79.0 195.0 187.0 144.0
36 19.0 158.0 150.0 107.0
39 58.0 194.0 188.0 145.0
52 121.0 239.0 241.0 199.0
73 95.0 76.0 68.0 32.0
84 58.0 123.0 115.0 73.0
86 62.0 120.0 112.0 69.0
87 62.0 124.0 116.0 74.0
101 112.0 47.0 39.0 32.0
116 181.0 47.0 41.0 89.0

#distancia entre alojamientos y puentes
: 13 36 39 52 73 84 86 87 101 116:=
123 78.0 21.0 58.0 99.0 96.0 59.0 63.0 62.0 113.0 183.0
130 194.0 158.0 195.0 219.0 76.0 122.0 119.0 123.0 47.0 47.0
134 186.0 150.0 187.0 221.0 68.0 114.0 111.0 114.0 38.0 42.0
147 143.0 107.0 143.0 181.0 32.0 72.0 69.0 72.0 32.0 90.0

#distancia entre depositos y puentes
: 13 36 39 52 73 84 86 87 101 116:=
0 101.0 33.0 10.0 53.0 133.0 96.0 101.0 99.0 150.0 208.0
1 118.0 89.0 126.0 167.0 26.0 35.0 31.0 35.0 54.0 129.0

#distancia entre puentes y depositos
: 0 1:=
13 101.0 117.0
36 33.0 88.0
39 10.0 126.0
52 75.0 190.0
73 132.0 26.0
84 95.0 34.0
86 99.0 30.0
87 98.0 34.0
101 149.0 54.0
116 212.0 127.0

;