set O:= 0 1;
set N:= 2 3 4 8 13 15 16 17 26 28 29 32 36 37 44 48 49 51 57 62 70 71 73 75 77 85 92 93 96 98 100 103 104 105 106 108 109 111 114 115;
set M:= 122 123 124 128 130 134 137 140 143 144;
set K:= 1 2 3 4 5;
param D:= 100;
param Q:= 540;
param v:= 2000000;
param f:= 
122 24000
123 26037
124 63000
128 39740
130 45000
134 96841
137 27856
140 48596
143 48720
144 52000
;
param:	xcoord ycoord w q:=
0 -32.75044 -70.72613 0 1 
1 -33.0433 -71.624 0 1 
2 -32.5191 -70.92373 38 1 
3 -32.35092 -70.79153 105 1 
4 -32.44056 -71.00665 106 1 
8 -32.44708 -71.19315 110 1 
13 -32.34055 -71.17481 99 1 
15 -32.44511 -71.32299 71 1 
16 -32.21823 -70.82151 78 1 
17 -32.34859 -71.07237 51 1 
26 -32.84855 -70.98046 116 1 
28 -32.86292 -70.94795 99 1 
29 -32.58297 -70.73334 108 1 
32 -32.66447 -70.697 94 1 
36 -32.83944 -71.00021 66 1 
37 -32.81691 -70.71195 53 1 
44 -32.76742 -70.61154 38 1 
48 -32.88608 -70.59211 103 1 
49 -32.90731 -70.28602 104 1 
51 -32.90645 -70.28716 50 1 
57 -32.89552 -70.6746 98 1 
62 -32.76924 -70.56035 84 1 
70 -33.29115 -71.47716 94 1 
71 -33.29475 -71.41066 32 1 
73 -33.20765 -71.57225 80 1 
75 -32.91508 -71.49869 66 1 
77 -32.9314 -71.47561 30 1 
85 -32.8625 -71.46772 106 1 
92 -33.58655 -71.52943 57 1 
93 -33.01883 -71.50131 58 1 
96 -32.99633 -71.50138 105 1 
98 -32.98749 -71.50073 83 1 
100 -33.38903 -71.69158 108 1 
103 -33.35491 -71.65289 40 1 
104 -33.61332 -71.40226 39 1 
105 -33.53115 -71.54035 119 1 
106 -33.53398 -71.59339 54 1 
108 -33.44564 -71.67852 41 1 
109 -33.44473 -71.67916 117 1 
111 -33.77523 -71.42462 65 1 
114 -33.63163 -71.61037 97 1 
115 -33.93803 -71.7365 56 1 
122 -32.77961 -70.95976 0 1 
123 -32.88254 -71.09009 0 1 
124 -32.85659 -70.41855 0 1 
128 -32.43019 -71.07467 0 1 
130 -33.65802 -71.56785 0 1 
134 -33.61172 -71.60733 0 1 
137 -32.91915 -71.52057 0 1 
140 -32.93024 -71.55027 0 1 
143 -32.78349 -71.53032 0 1 
144 -32.77144 -71.53401 0 1 
;
param d[*,*]
#distancia de viaje entre puentes
: 2 3 4 8 13 15 16 17 26 28 29 32 36 37 44 48 49 51 57 62 70 71 73 75 77 85 92 93 96 98 100 103 104 105 106 108 109 111 114 115:=
2 0.0 29.0 16.0 41.0 42.0 52.0 48.0 35.0 63.0 66.0 41.0 50.0 63.0 69.0 72.0 82.0 110.0 110.0 77.0 79.0 158.0 159.0 160.0 116.0 119.0 107.0 200.0 130.0 129.0 126.0 186.0 180.0 205.0 194.0 199.0 193.0 193.0 232.0 210.0 257.0
3 29.0 0.0 26.0 51.0 52.0 62.0 19.0 46.0 90.0 94.0 41.0 50.0 90.0 68.0 71.0 82.0 110.0 110.0 77.0 78.0 171.0 171.0 170.0 126.0 129.0 117.0 212.0 140.0 139.0 136.0 198.0 192.0 217.0 207.0 211.0 205.0 205.0 238.0 222.0 269.0
4 16.0 26.0 0.0 25.0 27.0 36.0 45.0 20.0 78.0 82.0 57.0 66.0 79.0 84.0 87.0 98.0 126.0 126.0 93.0 94.0 145.0 145.0 144.0 101.0 103.0 92.0 186.0 115.0 114.0 110.0 173.0 167.0 192.0 181.0 185.0 180.0 179.0 218.0 196.0 244.0
8 41.0 51.0 25.0 0.0 20.0 14.0 62.0 32.0 69.0 73.0 82.0 91.0 73.0 107.0 112.0 120.0 149.0 149.0 115.0 119.0 122.0 122.0 122.0 78.0 81.0 69.0 164.0 92.0 91.0 88.0 150.0 144.0 169.0 158.0 163.0 157.0 157.0 196.0 174.0 221.0
13 42.0 52.0 27.0 20.0 0.0 29.0 50.0 19.0 84.0 89.0 83.0 92.0 88.0 111.0 113.0 124.0 152.0 152.0 119.0 120.0 138.0 138.0 137.0 94.0 96.0 85.0 179.0 108.0 106.0 103.0 166.0 160.0 184.0 174.0 178.0 172.0 172.0 211.0 189.0 237.0
15 52.0 62.0 37.0 14.0 30.0 0.0 71.0 41.0 66.0 70.0 93.0 102.0 69.0 103.0 109.0 117.0 146.0 145.0 112.0 115.0 119.0 119.0 118.0 75.0 78.0 66.0 160.0 89.0 88.0 84.0 147.0 141.0 166.0 155.0 159.0 154.0 154.0 192.0 171.0 218.0
16 48.0 19.0 45.0 62.0 49.0 70.0 0.0 31.0 108.0 112.0 59.0 68.0 109.0 87.0 89.0 100.0 128.0 128.0 95.0 96.0 179.0 179.0 178.0 135.0 137.0 126.0 220.0 149.0 147.0 144.0 207.0 201.0 226.0 215.0 219.0 213.0 213.0 252.0 230.0 278.0
17 35.0 46.0 20.0 31.0 19.0 40.0 31.0 0.0 95.0 100.0 76.0 86.0 99.0 104.0 107.0 118.0 146.0 145.0 112.0 114.0 149.0 149.0 148.0 104.0 107.0 95.0 190.0 118.0 117.0 114.0 176.0 170.0 195.0 185.0 189.0 183.0 183.0 222.0 200.0 247.0
26 69.0 96.0 85.0 76.0 92.0 73.0 114.0 103.0 0.0 5.0 59.0 51.0 12.0 46.0 52.0 58.0 88.0 88.0 49.0 58.0 107.0 107.0 111.0 74.0 70.0 75.0 148.0 81.0 80.0 77.0 134.0 129.0 153.0 143.0 147.0 141.0 141.0 180.0 158.0 205.0
28 66.0 93.0 82.0 73.0 89.0 70.0 111.0 100.0 5.0 0.0 56.0 48.0 9.0 43.0 49.0 55.0 85.0 85.0 47.0 55.0 104.0 104.0 108.0 71.0 67.0 72.0 145.0 78.0 77.0 74.0 132.0 126.0 150.0 140.0 144.0 138.0 138.0 177.0 155.0 203.0
29 41.0 41.0 57.0 82.0 83.0 93.0 59.0 76.0 53.0 57.0 0.0 13.0 54.0 32.0 34.0 45.0 73.0 73.0 40.0 41.0 150.0 150.0 154.0 117.0 113.0 118.0 191.0 125.0 123.0 120.0 178.0 172.0 190.0 186.0 190.0 185.0 185.0 201.0 202.0 243.0
32 50.0 50.0 66.0 91.0 92.0 102.0 68.0 86.0 45.0 49.0 13.0 0.0 45.0 24.0 26.0 37.0 65.0 65.0 32.0 33.0 142.0 142.0 146.0 110.0 105.0 110.0 184.0 117.0 116.0 112.0 170.0 164.0 182.0 178.0 183.0 177.0 177.0 193.0 194.0 235.0
36 64.0 91.0 79.0 70.0 86.0 67.0 109.0 97.0 4.0 8.0 54.0 46.0 0.0 40.0 46.0 54.0 83.0 82.0 49.0 52.0 101.0 101.0 105.0 68.0 64.0 69.0 142.0 76.0 74.0 71.0 129.0 123.0 148.0 137.0 141.0 135.0 135.0 174.0 152.0 200.0
37 69.0 69.0 84.0 106.0 111.0 103.0 87.0 104.0 40.0 43.0 32.0 24.0 40.0 0.0 21.0 17.0 47.0 47.0 11.0 20.0 137.0 137.0 141.0 104.0 100.0 105.0 175.0 111.0 110.0 107.0 165.0 159.0 162.0 169.0 174.0 171.0 171.0 172.0 183.0 214.0
44 71.0 71.0 87.0 112.0 113.0 108.0 89.0 106.0 45.0 49.0 34.0 26.0 45.0 20.0 0.0 18.0 44.0 44.0 22.0 8.0 142.0 142.0 146.0 110.0 105.0 110.0 183.0 117.0 116.0 112.0 170.0 164.0 172.0 178.0 183.0 177.0 177.0 183.0 193.0 225.0
48 83.0 82.0 98.0 120.0 124.0 117.0 100.0 118.0 53.0 54.0 45.0 37.0 54.0 17.0 18.0 0.0 40.0 40.0 9.0 15.0 141.0 141.0 146.0 118.0 114.0 118.0 172.0 121.0 124.0 120.0 169.0 163.0 160.0 167.0 172.0 173.0 173.0 170.0 181.0 212.0
49 135.0 135.0 151.0 174.0 177.0 171.0 153.0 171.0 107.0 111.0 98.0 90.0 108.0 73.0 69.0 66.0 0.0 1.0 71.0 65.0 203.0 203.0 209.0 172.0 168.0 172.0 235.0 179.0 178.0 174.0 231.0 225.0 222.0 229.0 234.0 235.0 235.0 232.0 243.0 274.0
51 109.0 109.0 125.0 148.0 151.0 145.0 127.0 145.0 82.0 85.0 72.0 64.0 82.0 47.0 44.0 40.0 4.0 0.0 46.0 39.0 177.0 178.0 183.0 146.0 142.0 147.0 209.0 154.0 152.0 149.0 205.0 199.0 196.0 204.0 208.0 209.0 209.0 207.0 217.0 249.0
57 77.0 77.0 93.0 114.0 119.0 111.0 95.0 113.0 48.0 46.0 40.0 32.0 48.0 11.0 22.0 9.0 46.0 46.0 0.0 19.0 132.0 132.0 138.0 112.0 108.0 113.0 164.0 112.0 116.0 115.0 160.0 154.0 151.0 158.0 163.0 164.0 164.0 161.0 172.0 203.0
62 78.0 78.0 94.0 118.0 120.0 115.0 96.0 114.0 52.0 55.0 41.0 33.0 52.0 20.0 8.0 15.0 40.0 40.0 19.0 0.0 149.0 149.0 153.0 116.0 112.0 117.0 182.0 123.0 122.0 119.0 176.0 171.0 169.0 177.0 181.0 183.0 183.0 180.0 191.0 222.0
70 158.0 170.0 144.0 122.0 138.0 119.0 179.0 149.0 98.0 103.0 149.0 141.0 102.0 136.0 142.0 142.0 178.0 178.0 133.0 148.0 0.0 10.0 25.0 55.0 58.0 64.0 41.0 41.0 45.0 46.0 28.0 22.0 47.0 36.0 40.0 35.0 35.0 73.0 52.0 99.0
71 158.0 170.0 145.0 122.0 138.0 119.0 179.0 149.0 98.0 103.0 149.0 142.0 102.0 136.0 142.0 142.0 178.0 178.0 133.0 148.0 10.0 0.0 27.0 56.0 59.0 65.0 42.0 43.0 46.0 47.0 37.0 31.0 48.0 37.0 42.0 43.0 43.0 74.0 53.0 100.0
73 160.0 170.0 145.0 122.0 138.0 119.0 179.0 149.0 102.0 106.0 153.0 145.0 106.0 140.0 146.0 147.0 182.0 182.0 138.0 152.0 25.0 27.0 0.0 43.0 45.0 52.0 66.0 29.0 33.0 34.0 36.0 30.0 72.0 61.0 57.0 43.0 43.0 98.0 70.0 117.0
75 117.0 127.0 102.0 79.0 95.0 76.0 136.0 106.0 66.0 71.0 117.0 109.0 70.0 104.0 110.0 118.0 146.0 146.0 112.0 116.0 56.0 57.0 43.0 0.0 6.0 9.0 97.0 14.0 13.0 10.0 79.0 73.0 102.0 92.0 96.0 86.0 85.0 129.0 107.0 154.0
77 120.0 130.0 104.0 82.0 97.0 79.0 139.0 108.0 62.0 66.0 113.0 105.0 65.0 100.0 106.0 113.0 142.0 142.0 108.0 112.0 58.0 60.0 46.0 9.0 0.0 15.0 100.0 17.0 15.0 12.0 81.0 76.0 105.0 94.0 99.0 88.0 88.0 131.0 110.0 157.0
85 110.0 121.0 95.0 73.0 88.0 69.0 129.0 99.0 66.0 70.0 117.0 109.0 70.0 104.0 110.0 117.0 146.0 146.0 112.0 116.0 64.0 66.0 52.0 9.0 14.0 0.0 106.0 23.0 22.0 19.0 88.0 82.0 111.0 100.0 105.0 94.0 94.0 138.0 116.0 163.0
92 199.0 211.0 185.0 163.0 178.0 160.0 220.0 189.0 139.0 143.0 190.0 182.0 143.0 177.0 183.0 175.0 211.0 211.0 166.0 185.0 41.0 42.0 66.0 96.0 98.0 105.0 0.0 82.0 86.0 87.0 32.0 36.0 19.0 7.0 12.0 26.0 26.0 36.0 16.0 63.0
93 131.0 141.0 115.0 93.0 108.0 89.0 150.0 119.0 73.0 77.0 124.0 116.0 77.0 111.0 117.0 123.0 153.0 153.0 114.0 123.0 42.0 43.0 30.0 13.0 16.0 22.0 83.0 0.0 4.0 4.0 65.0 59.0 88.0 78.0 82.0 72.0 72.0 115.0 93.0 141.0
96 127.0 137.0 112.0 89.0 105.0 86.0 146.0 116.0 70.0 74.0 121.0 113.0 74.0 108.0 114.0 121.0 150.0 150.0 116.0 120.0 48.0 49.0 36.0 10.0 13.0 19.0 89.0 6.0 0.0 2.0 71.0 65.0 94.0 84.0 88.0 78.0 78.0 121.0 99.0 147.0
98 126.0 137.0 111.0 89.0 104.0 85.0 145.0 115.0 69.0 73.0 119.0 112.0 72.0 106.0 112.0 120.0 149.0 148.0 115.0 118.0 46.0 48.0 34.0 9.0 12.0 18.0 88.0 5.0 4.0 0.0 69.0 64.0 93.0 82.0 87.0 76.0 76.0 119.0 98.0 145.0
100 185.0 198.0 172.0 150.0 165.0 146.0 207.0 176.0 126.0 130.0 177.0 169.0 129.0 164.0 170.0 169.0 206.0 206.0 161.0 176.0 28.0 37.0 36.0 78.0 80.0 87.0 32.0 64.0 68.0 68.0 0.0 6.0 45.0 28.0 21.0 7.0 7.0 64.0 33.0 81.0
103 180.0 192.0 166.0 144.0 159.0 141.0 201.0 171.0 120.0 125.0 171.0 163.0 124.0 158.0 164.0 163.0 200.0 200.0 155.0 170.0 22.0 31.0 30.0 72.0 75.0 81.0 36.0 58.0 62.0 63.0 6.0 0.0 50.0 33.0 27.0 13.0 13.0 68.0 40.0 87.0
104 205.0 217.0 191.0 169.0 184.0 166.0 226.0 195.0 145.0 149.0 196.0 188.0 149.0 175.0 185.0 172.0 209.0 209.0 164.0 182.0 47.0 48.0 72.0 102.0 104.0 111.0 18.0 88.0 92.0 92.0 45.0 48.0 0.0 18.0 24.0 38.0 39.0 31.0 24.0 71.0
105 193.0 206.0 180.0 158.0 173.0 154.0 214.0 184.0 134.0 138.0 185.0 177.0 137.0 171.0 177.0 169.0 206.0 206.0 161.0 179.0 36.0 37.0 61.0 91.0 93.0 100.0 8.0 77.0 81.0 81.0 28.0 32.0 18.0 0.0 7.0 21.0 21.0 39.0 19.0 66.0
106 198.0 211.0 185.0 163.0 178.0 159.0 219.0 189.0 139.0 143.0 190.0 182.0 142.0 177.0 183.0 174.0 211.0 211.0 166.0 184.0 41.0 42.0 56.0 96.0 98.0 105.0 12.0 82.0 86.0 86.0 21.0 26.0 25.0 7.0 0.0 14.0 14.0 43.0 13.0 60.0
108 192.0 205.0 179.0 157.0 172.0 153.0 213.0 183.0 133.0 137.0 184.0 176.0 136.0 170.0 177.0 175.0 211.0 211.0 166.0 183.0 35.0 42.0 43.0 85.0 87.0 94.0 25.0 71.0 75.0 75.0 7.0 13.0 39.0 21.0 14.0 0.0 0.0 57.0 27.0 74.0
109 192.0 205.0 179.0 157.0 172.0 153.0 213.0 183.0 133.0 137.0 183.0 176.0 136.0 170.0 176.0 175.0 211.0 211.0 166.0 183.0 34.0 42.0 43.0 85.0 87.0 94.0 26.0 71.0 75.0 75.0 7.0 13.0 39.0 21.0 14.0 0.0 0.0 57.0 27.0 74.0
111 230.0 241.0 216.0 194.0 209.0 191.0 251.0 220.0 170.0 174.0 203.0 196.0 174.0 175.0 185.0 172.0 209.0 209.0 164.0 182.0 72.0 73.0 97.0 127.0 129.0 136.0 36.0 113.0 117.0 118.0 63.0 66.0 27.0 38.0 42.0 56.0 56.0 0.0 36.0 83.0
114 209.0 221.0 195.0 173.0 188.0 170.0 230.0 199.0 149.0 153.0 200.0 192.0 153.0 185.0 193.0 183.0 219.0 219.0 174.0 193.0 51.0 52.0 70.0 106.0 108.0 115.0 15.0 92.0 96.0 96.0 34.0 40.0 24.0 19.0 13.0 27.0 27.0 36.0 0.0 47.0
115 256.0 268.0 243.0 220.0 236.0 217.0 277.0 247.0 196.0 201.0 247.0 238.0 200.0 218.0 228.0 215.0 252.0 252.0 207.0 225.0 98.0 99.0 117.0 153.0 156.0 162.0 63.0 139.0 143.0 144.0 81.0 87.0 71.0 66.0 61.0 74.0 74.0 83.0 47.0 0.0

#distancia viaje entre puentes y alojamientos
: 122 123 124 128 130 134 137 140 143 144:=
2 53.0 78.0 93.0 24.0 216.0 208.0 119.0 123.0 108.0 109.0
3 81.0 106.0 93.0 34.0 228.0 220.0 129.0 133.0 118.0 120.0
4 69.0 86.0 109.0 8.0 202.0 194.0 103.0 107.0 92.0 94.0
8 76.0 63.0 132.0 17.0 180.0 172.0 81.0 85.0 70.0 71.0
13 91.0 79.0 135.0 21.0 195.0 187.0 96.0 100.0 85.0 87.0
15 72.0 60.0 129.0 28.0 176.0 168.0 78.0 81.0 67.0 68.0
16 99.0 120.0 111.0 45.0 236.0 228.0 137.0 141.0 126.0 128.0
17 89.0 89.0 129.0 14.0 206.0 198.0 107.0 111.0 96.0 98.0
26 16.0 25.0 71.0 90.0 164.0 156.0 74.0 78.0 80.0 81.0
28 13.0 22.0 68.0 87.0 161.0 153.0 72.0 75.0 77.0 78.0
29 44.0 69.0 56.0 65.0 207.0 199.0 118.0 122.0 123.0 125.0
32 37.0 61.0 48.0 74.0 200.0 192.0 110.0 114.0 115.0 117.0
36 11.0 19.0 66.0 85.0 158.0 150.0 69.0 73.0 74.0 75.0
37 37.0 55.0 30.0 93.0 180.0 183.0 105.0 109.0 110.0 111.0
44 42.0 61.0 27.0 95.0 191.0 192.0 110.0 114.0 115.0 117.0
48 50.0 69.0 23.0 106.0 178.0 180.0 118.0 122.0 124.0 125.0
49 104.0 123.0 43.0 159.0 240.0 243.0 172.0 176.0 178.0 179.0
51 79.0 97.0 18.0 133.0 215.0 217.0 147.0 151.0 152.0 153.0
57 45.0 64.0 29.0 101.0 169.0 172.0 113.0 117.0 118.0 120.0
62 48.0 67.0 23.0 102.0 188.0 190.0 116.0 120.0 122.0 123.0
70 105.0 92.0 161.0 136.0 57.0 49.0 52.0 49.0 76.0 78.0
71 105.0 92.0 161.0 136.0 59.0 50.0 53.0 51.0 78.0 79.0
73 109.0 95.0 165.0 137.0 76.0 68.0 39.0 37.0 64.0 66.0
75 73.0 59.0 129.0 94.0 113.0 105.0 2.0 6.0 21.0 23.0
77 69.0 55.0 125.0 96.0 116.0 108.0 10.0 14.0 31.0 32.0
85 73.0 59.0 129.0 87.0 122.0 114.0 11.0 15.0 17.0 18.0
92 146.0 132.0 195.0 177.0 22.0 14.0 92.0 90.0 117.0 119.0
93 80.0 66.0 136.0 107.0 99.0 91.0 14.0 15.0 35.0 36.0
96 77.0 63.0 133.0 104.0 105.0 97.0 10.0 12.0 31.0 33.0
98 75.0 61.0 132.0 103.0 104.0 96.0 9.0 11.0 30.0 32.0
100 133.0 119.0 189.0 164.0 39.0 31.0 74.0 72.0 99.0 101.0
103 127.0 114.0 183.0 158.0 46.0 38.0 69.0 66.0 93.0 95.0
104 152.0 138.0 192.0 183.0 21.0 24.0 98.0 96.0 123.0 125.0
105 141.0 127.0 189.0 172.0 25.0 17.0 87.0 85.0 112.0 113.0
106 146.0 132.0 194.0 177.0 19.0 11.0 92.0 90.0 117.0 118.0
108 140.0 126.0 195.0 171.0 32.0 24.0 81.0 79.0 106.0 107.0
109 139.0 126.0 195.0 171.0 33.0 25.0 81.0 79.0 106.0 107.0
111 177.0 163.0 192.0 208.0 33.0 36.0 123.0 121.0 148.0 150.0
114 156.0 142.0 203.0 187.0 8.0 2.0 102.0 100.0 127.0 129.0
115 203.0 190.0 235.0 234.0 55.0 50.0 150.0 147.0 174.0 176.0

#distancia entre alojamientos y puentes
: 2 3 4 8 13 15 16 17 26 28 29 32 36 37 44 48 49 51 57 62 70 71 73 75 77 85 92 93 96 98 100 103 104 105 106 108 109 111 114 115:=
122 53.0 81.0 69.0 76.0 91.0 72.0 99.0 89.0 10.0 13.0 44.0 37.0 10.0 37.0 43.0 50.0 79.0 79.0 45.0 49.0 106.0 106.0 110.0 73.0 69.0 74.0 147.0 81.0 79.0 76.0 134.0 128.0 153.0 142.0 146.0 141.0 141.0 179.0 158.0 205.0
123 79.0 106.0 85.0 63.0 78.0 60.0 120.0 89.0 18.0 22.0 69.0 61.0 21.0 55.0 61.0 69.0 98.0 98.0 64.0 68.0 92.0 92.0 96.0 59.0 55.0 60.0 133.0 67.0 65.0 62.0 120.0 114.0 139.0 128.0 132.0 127.0 127.0 165.0 144.0 191.0
124 93.0 92.0 108.0 132.0 135.0 128.0 111.0 128.0 65.0 69.0 55.0 47.0 65.0 30.0 27.0 23.0 18.0 18.0 29.0 23.0 161.0 161.0 166.0 130.0 125.0 130.0 192.0 137.0 136.0 132.0 189.0 183.0 179.0 187.0 191.0 193.0 193.0 190.0 201.0 232.0
128 24.0 34.0 8.0 17.0 21.0 28.0 45.0 14.0 83.0 88.0 65.0 74.0 87.0 93.0 95.0 106.0 134.0 134.0 101.0 102.0 137.0 137.0 136.0 92.0 95.0 83.0 178.0 106.0 105.0 102.0 164.0 159.0 183.0 173.0 177.0 171.0 171.0 210.0 188.0 235.0
130 214.0 227.0 201.0 179.0 194.0 175.0 236.0 205.0 155.0 159.0 206.0 198.0 158.0 183.0 193.0 180.0 217.0 217.0 172.0 190.0 57.0 58.0 76.0 112.0 114.0 121.0 21.0 98.0 102.0 102.0 40.0 45.0 21.0 24.0 19.0 33.0 33.0 33.0 8.0 55.0
134 206.0 219.0 193.0 170.0 186.0 167.0 227.0 197.0 147.0 151.0 197.0 190.0 150.0 184.0 190.0 182.0 219.0 219.0 174.0 192.0 48.0 49.0 68.0 103.0 106.0 112.0 13.0 90.0 93.0 94.0 32.0 37.0 24.0 16.0 11.0 25.0 25.0 36.0 2.0 50.0
137 120.0 130.0 104.0 82.0 97.0 79.0 139.0 108.0 66.0 71.0 117.0 110.0 70.0 104.0 110.0 118.0 146.0 146.0 112.0 116.0 52.0 53.0 40.0 2.0 6.0 11.0 93.0 14.0 12.0 10.0 75.0 69.0 99.0 88.0 92.0 82.0 82.0 125.0 103.0 151.0
140 123.0 134.0 108.0 86.0 101.0 82.0 142.0 112.0 70.0 75.0 121.0 113.0 74.0 108.0 114.0 122.0 150.0 150.0 116.0 120.0 50.0 51.0 37.0 6.0 10.0 15.0 91.0 14.0 13.0 10.0 73.0 67.0 96.0 86.0 90.0 80.0 80.0 123.0 101.0 148.0
143 109.0 119.0 94.0 71.0 87.0 68.0 128.0 98.0 71.0 76.0 122.0 115.0 75.0 109.0 115.0 123.0 151.0 151.0 117.0 121.0 77.0 79.0 65.0 21.0 27.0 17.0 118.0 36.0 34.0 31.0 100.0 94.0 124.0 113.0 117.0 107.0 107.0 150.0 129.0 176.0
144 110.0 121.0 95.0 73.0 88.0 69.0 129.0 99.0 73.0 77.0 123.0 116.0 76.0 110.0 116.0 124.0 153.0 152.0 119.0 122.0 78.0 80.0 66.0 23.0 28.0 18.0 120.0 37.0 36.0 33.0 101.0 96.0 125.0 114.0 119.0 108.0 108.0 151.0 130.0 177.0

#distancia entre depositos y puentes
: 2 3 4 8 13 15 16 17 26 28 29 32 36 37 44 48 49 51 57 62 70 71 73 75 77 85 92 93 96 98 100 103 104 105 106 108 109 111 114 115:=
0 60.0 59.0 75.0 99.0 101.0 96.0 77.0 95.0 32.0 36.0 22.0 14.0 33.0 11.0 14.0 23.0 51.0 51.0 19.0 20.0 129.0 130.0 133.0 97.0 92.0 97.0 171.0 104.0 103.0 99.0 157.0 151.0 170.0 165.0 170.0 164.0 164.0 180.0 181.0 222.0
1 141.0 151.0 125.0 103.0 118.0 100.0 160.0 130.0 86.0 90.0 136.0 129.0 89.0 123.0 129.0 135.0 166.0 165.0 127.0 135.0 38.0 40.0 26.0 24.0 27.0 33.0 80.0 15.0 16.0 17.0 61.0 55.0 85.0 74.0 79.0 68.0 68.0 111.0 90.0 137.0

#distancia entre puentes y depositos
: 0 1:=
2 59.0 140.0
3 59.0 150.0
4 75.0 124.0
8 99.0 102.0
13 101.0 117.0
15 96.0 99.0
16 77.0 158.0
17 95.0 128.0
26 38.0 93.0
28 35.0 91.0
29 22.0 137.0
32 14.0 129.0
36 33.0 88.0
37 11.0 124.0
44 13.0 129.0
48 24.0 134.0
49 77.0 191.0
51 51.0 166.0
57 19.0 125.0
62 20.0 136.0
70 128.0 38.0
71 129.0 39.0
73 132.0 26.0
75 96.0 24.0
77 92.0 29.0
85 96.0 32.0
92 169.0 79.0
93 103.0 15.0
96 100.0 18.0
98 99.0 17.0
100 156.0 60.0
103 150.0 55.0
104 175.0 85.0
105 164.0 73.0
106 169.0 78.0
108 163.0 67.0
109 163.0 67.0
111 183.0 110.0
114 179.0 89.0
115 225.0 136.0

;