set O:= 0 1;
set N:= 3 4 8 10 14 16 17 20 21 22 25 26 32 33 37 44 48 50 57 59 63 64 69 70 74 75 76 78 81 84 85 89 92 98 101 104 105 109 116 119;
set M:= 123 124 126 127 128 129 130 131 134 140;
set K:= 1 2 3 4 5;
param D:= 100;
param Q:= 540;
param v:= 2000000;
param f:= 
123 26037
124 63000
126 68517
127 25694
128 39740
129 42028
130 45000
131 73862
134 96841
140 48596
;
param:	xcoord ycoord w q:=
0 -32.75044 -70.72613 0 1 
1 -33.0433 -71.624 0 1 
3 -32.35092 -70.79153 105 1 
4 -32.44056 -71.00665 106 1 
8 -32.44708 -71.19315 110 1 
10 -32.43335 -71.23322 48 1 
14 -32.51115 -71.42049 30 1 
16 -32.21823 -70.82151 78 1 
17 -32.34859 -71.07237 51 1 
20 -32.69998 -70.93128 51 1 
21 -32.80094 -70.95847 94 1 
22 -32.75643 -70.94537 48 1 
25 -32.86219 -70.89013 69 1 
26 -32.84855 -70.98046 116 1 
32 -32.66447 -70.697 94 1 
33 -32.62252 -70.72251 72 1 
37 -32.81691 -70.71195 53 1 
44 -32.76742 -70.61154 38 1 
48 -32.88608 -70.59211 103 1 
50 -32.87857 -70.20821 39 1 
57 -32.89552 -70.6746 98 1 
59 -32.83316 -70.70835 85 1 
63 -32.76227 -70.50125 44 1 
64 -32.75022 -70.59169 119 1 
69 -33.37956 -71.38904 76 1 
70 -33.29115 -71.47716 94 1 
74 -32.91961 -71.50488 57 1 
75 -32.91508 -71.49869 66 1 
76 -32.93269 -71.43975 112 1 
78 -32.93288 -71.46643 63 1 
81 -32.68399 -71.39191 70 1 
84 -32.86028 -71.45447 70 1 
85 -32.8625 -71.46772 106 1 
89 -33.10385 -71.66487 64 1 
92 -33.58655 -71.52943 57 1 
98 -32.98749 -71.50073 83 1 
101 -33.34522 -71.64882 59 1 
104 -33.61332 -71.40226 39 1 
105 -33.53115 -71.54035 119 1 
109 -33.44473 -71.67916 117 1 
116 -33.88859 -71.64141 97 1 
119 -33.8283 -71.64323 81 1 
123 -32.88254 -71.09009 0 1 
124 -32.85659 -70.41855 0 1 
126 -32.25311 -70.93619 0 1 
127 -32.24898 -70.9333 0 1 
128 -32.43019 -71.07467 0 1 
129 -32.44456 -71.22894 0 1 
130 -33.65802 -71.56785 0 1 
131 -33.65502 -71.62965 0 1 
134 -33.61172 -71.60733 0 1 
140 -32.93024 -71.55027 0 1 
;
param d[*,*]
#distancia de viaje entre puentes
: 3 4 8 10 14 16 17 20 21 22 25 26 32 33 37 44 48 50 57 59 63 64 69 70 74 75 76 78 81 84 85 89 92 98 101 104 105 109 116 119:=
3 0.0 26.0 51.0 55.0 74.0 19.0 46.0 75.0 83.0 79.0 97.0 90.0 50.0 43.0 68.0 71.0 82.0 118.0 77.0 70.0 85.0 74.0 181.0 171.0 127.0 126.0 125.0 128.0 99.0 116.0 117.0 161.0 212.0 136.0 191.0 217.0 207.0 205.0 261.0 251.0
4 26.0 0.0 25.0 29.0 49.0 45.0 20.0 62.0 71.0 66.0 85.0 78.0 66.0 59.0 84.0 87.0 98.0 134.0 93.0 86.0 101.0 90.0 155.0 145.0 101.0 101.0 100.0 102.0 73.0 90.0 92.0 136.0 186.0 110.0 166.0 192.0 181.0 179.0 236.0 225.0
8 51.0 25.0 0.0 4.0 26.0 62.0 32.0 86.0 75.0 79.0 77.0 69.0 91.0 84.0 107.0 112.0 120.0 157.0 115.0 109.0 126.0 115.0 132.0 122.0 79.0 78.0 77.0 80.0 51.0 68.0 69.0 113.0 164.0 88.0 143.0 169.0 158.0 157.0 213.0 203.0
10 55.0 30.0 4.0 0.0 23.0 60.0 30.0 83.0 72.0 76.0 75.0 66.0 95.0 89.0 104.0 110.0 118.0 155.0 112.0 106.0 123.0 112.0 130.0 120.0 76.0 76.0 75.0 77.0 48.0 65.0 67.0 110.0 161.0 85.0 141.0 166.0 156.0 154.0 211.0 200.0
14 74.0 49.0 26.0 23.0 0.0 83.0 53.0 94.0 83.0 87.0 86.0 78.0 114.0 108.0 115.0 121.0 129.0 166.0 123.0 117.0 134.0 123.0 130.0 118.0 64.0 63.0 62.0 64.0 35.0 52.0 54.0 98.0 160.0 72.0 135.0 165.0 154.0 148.0 209.0 199.0
16 19.0 45.0 62.0 60.0 83.0 0.0 31.0 94.0 101.0 98.0 115.0 108.0 68.0 61.0 87.0 89.0 100.0 136.0 95.0 89.0 103.0 92.0 189.0 179.0 135.0 135.0 134.0 136.0 107.0 124.0 126.0 170.0 220.0 144.0 200.0 226.0 215.0 213.0 270.0 259.0
17 46.0 20.0 31.0 30.0 52.0 31.0 0.0 82.0 91.0 85.0 103.0 95.0 86.0 79.0 104.0 107.0 118.0 154.0 112.0 106.0 121.0 110.0 159.0 149.0 105.0 104.0 103.0 106.0 77.0 94.0 95.0 139.0 190.0 114.0 169.0 195.0 185.0 183.0 239.0 229.0
20 75.0 62.0 85.0 83.0 94.0 94.0 82.0 0.0 13.0 7.0 27.0 20.0 48.0 49.0 47.0 53.0 61.0 98.0 55.0 49.0 66.0 55.0 126.0 116.0 82.0 83.0 75.0 78.0 77.0 82.0 84.0 114.0 157.0 86.0 136.0 162.0 152.0 150.0 207.0 196.0
21 83.0 71.0 74.0 71.0 83.0 101.0 91.0 13.0 0.0 6.0 14.0 7.0 39.0 40.0 34.0 40.0 48.0 85.0 43.0 36.0 53.0 42.0 114.0 104.0 71.0 72.0 64.0 66.0 65.0 71.0 72.0 103.0 146.0 74.0 125.0 151.0 140.0 139.0 195.0 185.0
22 79.0 66.0 78.0 76.0 87.0 98.0 85.0 7.0 6.0 0.0 20.0 13.0 41.0 42.0 40.0 46.0 54.0 91.0 48.0 42.0 59.0 48.0 119.0 109.0 75.0 76.0 68.0 71.0 70.0 75.0 77.0 107.0 150.0 79.0 130.0 155.0 145.0 143.0 200.0 189.0
25 96.0 85.0 77.0 74.0 86.0 115.0 104.0 27.0 14.0 20.0 0.0 10.0 52.0 54.0 46.0 52.0 53.0 97.0 44.0 48.0 65.0 54.0 118.0 108.0 74.0 75.0 67.0 70.0 69.0 74.0 76.0 106.0 149.0 78.0 128.0 154.0 144.0 142.0 199.0 188.0
26 96.0 85.0 76.0 73.0 85.0 114.0 103.0 26.0 14.0 20.0 9.0 0.0 51.0 53.0 46.0 52.0 58.0 96.0 49.0 48.0 65.0 54.0 117.0 107.0 73.0 74.0 66.0 69.0 68.0 73.0 75.0 105.0 148.0 77.0 127.0 153.0 143.0 141.0 198.0 187.0
32 50.0 66.0 91.0 95.0 114.0 68.0 86.0 47.0 39.0 41.0 52.0 45.0 0.0 7.0 24.0 26.0 37.0 73.0 32.0 25.0 40.0 29.0 152.0 142.0 109.0 110.0 102.0 104.0 103.0 109.0 110.0 140.0 184.0 112.0 163.0 182.0 178.0 177.0 221.0 223.0
33 43.0 59.0 84.0 88.0 107.0 61.0 79.0 49.0 40.0 42.0 54.0 47.0 7.0 0.0 26.0 28.0 39.0 75.0 34.0 27.0 42.0 31.0 154.0 144.0 111.0 112.0 104.0 106.0 105.0 111.0 112.0 143.0 186.0 114.0 165.0 184.0 180.0 179.0 223.0 225.0
37 69.0 84.0 106.0 104.0 115.0 87.0 104.0 47.0 34.0 40.0 47.0 40.0 24.0 26.0 0.0 21.0 17.0 55.0 11.0 3.0 27.0 23.0 143.0 137.0 103.0 104.0 96.0 99.0 98.0 103.0 105.0 135.0 175.0 107.0 158.0 162.0 169.0 171.0 200.0 204.0
44 71.0 87.0 112.0 109.0 121.0 89.0 106.0 52.0 40.0 45.0 52.0 45.0 26.0 28.0 20.0 0.0 18.0 53.0 22.0 23.0 15.0 3.0 152.0 142.0 109.0 110.0 102.0 104.0 103.0 109.0 110.0 140.0 183.0 112.0 163.0 172.0 178.0 177.0 211.0 215.0
48 82.0 98.0 120.0 117.0 129.0 100.0 118.0 61.0 48.0 54.0 52.0 53.0 37.0 39.0 17.0 18.0 0.0 48.0 9.0 16.0 22.0 18.0 141.0 141.0 117.0 118.0 110.0 113.0 112.0 117.0 118.0 146.0 172.0 120.0 162.0 160.0 167.0 173.0 198.0 202.0
50 117.0 133.0 157.0 154.0 166.0 136.0 153.0 97.0 85.0 91.0 97.0 90.0 73.0 75.0 55.0 52.0 48.0 0.0 54.0 56.0 55.0 52.0 186.0 186.0 154.0 155.0 147.0 150.0 149.0 154.0 155.0 186.0 217.0 157.0 207.0 205.0 212.0 218.0 243.0 247.0
57 77.0 93.0 114.0 112.0 123.0 95.0 113.0 55.0 42.0 48.0 44.0 48.0 32.0 34.0 11.0 22.0 9.0 55.0 0.0 9.0 26.0 22.0 132.0 132.0 112.0 112.0 105.0 107.0 106.0 112.0 113.0 137.0 164.0 115.0 153.0 151.0 158.0 164.0 189.0 193.0
59 70.0 86.0 108.0 106.0 117.0 89.0 106.0 49.0 36.0 42.0 48.0 42.0 26.0 28.0 3.0 23.0 16.0 56.0 9.0 0.0 27.0 23.0 141.0 139.0 105.0 106.0 98.0 101.0 100.0 105.0 107.0 137.0 173.0 109.0 159.0 160.0 167.0 173.0 198.0 202.0
63 85.0 101.0 125.0 123.0 134.0 103.0 121.0 66.0 53.0 59.0 65.0 59.0 40.0 42.0 27.0 15.0 22.0 55.0 26.0 27.0 0.0 12.0 158.0 156.0 122.0 123.0 115.0 118.0 117.0 122.0 124.0 154.0 189.0 126.0 176.0 176.0 184.0 190.0 215.0 219.0
64 73.0 89.0 114.0 111.0 123.0 91.0 109.0 54.0 42.0 48.0 54.0 47.0 28.0 30.0 23.0 3.0 18.0 52.0 22.0 23.0 12.0 0.0 153.0 144.0 111.0 112.0 104.0 107.0 106.0 111.0 112.0 143.0 185.0 114.0 165.0 172.0 180.0 179.0 211.0 215.0
69 180.0 155.0 132.0 130.0 130.0 189.0 159.0 125.0 114.0 118.0 117.0 108.0 152.0 154.0 146.0 152.0 143.0 189.0 135.0 144.0 160.0 154.0 0.0 16.0 66.0 66.0 67.0 65.0 100.0 77.0 75.0 54.0 35.0 57.0 34.0 40.0 30.0 37.0 84.0 74.0
70 170.0 144.0 122.0 119.0 119.0 179.0 149.0 115.0 104.0 108.0 106.0 98.0 141.0 144.0 136.0 142.0 142.0 186.0 133.0 138.0 155.0 144.0 16.0 0.0 54.0 55.0 56.0 54.0 89.0 66.0 64.0 43.0 41.0 46.0 21.0 47.0 36.0 35.0 91.0 80.0
74 128.0 103.0 80.0 77.0 64.0 137.0 107.0 82.0 71.0 75.0 74.0 65.0 109.0 111.0 103.0 109.0 117.0 154.0 111.0 105.0 122.0 111.0 66.0 55.0 0.0 1.0 7.0 5.0 35.0 12.0 10.0 34.0 96.0 9.0 71.0 101.0 91.0 85.0 146.0 135.0
75 127.0 102.0 79.0 77.0 64.0 136.0 106.0 83.0 72.0 76.0 74.0 66.0 109.0 112.0 104.0 110.0 118.0 154.0 112.0 106.0 123.0 112.0 67.0 56.0 1.0 0.0 8.0 5.0 34.0 11.0 9.0 35.0 97.0 10.0 72.0 102.0 92.0 85.0 146.0 136.0
76 126.0 101.0 78.0 76.0 63.0 135.0 105.0 75.0 64.0 68.0 67.0 58.0 102.0 104.0 96.0 102.0 110.0 147.0 104.0 98.0 115.0 104.0 68.0 57.0 7.0 8.0 0.0 3.0 33.0 10.0 11.0 39.0 98.0 10.0 73.0 103.0 93.0 86.0 147.0 137.0
78 129.0 103.0 81.0 78.0 65.0 138.0 107.0 78.0 67.0 71.0 69.0 61.0 104.0 106.0 99.0 105.0 112.0 149.0 107.0 101.0 118.0 107.0 66.0 55.0 4.0 5.0 3.0 0.0 36.0 12.0 14.0 37.0 96.0 9.0 71.0 101.0 91.0 84.0 145.0 135.0
81 107.0 81.0 59.0 56.0 43.0 115.0 85.0 84.0 73.0 77.0 75.0 67.0 110.0 112.0 105.0 111.0 118.0 155.0 113.0 106.0 124.0 113.0 108.0 97.0 42.0 41.0 40.0 43.0 0.0 31.0 32.0 76.0 138.0 51.0 113.0 143.0 133.0 127.0 188.0 177.0
84 117.0 91.0 69.0 66.0 53.0 125.0 95.0 82.0 71.0 75.0 73.0 65.0 108.0 111.0 103.0 109.0 117.0 153.0 111.0 105.0 122.0 111.0 77.0 66.0 11.0 10.0 10.0 12.0 23.0 0.0 2.0 45.0 107.0 20.0 82.0 113.0 102.0 96.0 157.0 146.0
85 121.0 95.0 73.0 70.0 57.0 129.0 99.0 83.0 72.0 76.0 74.0 66.0 109.0 111.0 104.0 110.0 117.0 154.0 112.0 106.0 123.0 112.0 76.0 64.0 10.0 9.0 10.0 13.0 27.0 4.0 0.0 44.0 106.0 19.0 81.0 111.0 100.0 94.0 155.0 145.0
89 163.0 137.0 115.0 112.0 99.0 171.0 141.0 114.0 103.0 107.0 105.0 97.0 141.0 143.0 135.0 141.0 147.0 186.0 138.0 137.0 154.0 143.0 51.0 40.0 35.0 35.0 39.0 37.0 69.0 46.0 44.0 0.0 81.0 29.0 56.0 87.0 76.0 70.0 131.0 120.0
92 211.0 185.0 163.0 160.0 160.0 220.0 189.0 156.0 145.0 149.0 147.0 139.0 182.0 184.0 177.0 183.0 175.0 220.0 166.0 175.0 192.0 185.0 35.0 41.0 95.0 96.0 97.0 95.0 130.0 107.0 105.0 84.0 0.0 87.0 37.0 19.0 7.0 26.0 56.0 45.0
98 137.0 111.0 89.0 86.0 73.0 145.0 115.0 85.0 74.0 79.0 77.0 69.0 112.0 114.0 106.0 112.0 120.0 157.0 115.0 108.0 126.0 115.0 58.0 46.0 8.0 9.0 10.0 8.0 43.0 20.0 18.0 28.0 88.0 0.0 62.0 93.0 82.0 76.0 137.0 127.0
101 191.0 165.0 143.0 140.0 135.0 200.0 169.0 136.0 125.0 129.0 127.0 119.0 162.0 164.0 157.0 163.0 162.0 207.0 154.0 159.0 176.0 165.0 36.0 21.0 70.0 71.0 72.0 70.0 105.0 82.0 80.0 59.0 37.0 62.0 0.0 51.0 34.0 14.0 80.0 70.0
104 217.0 191.0 169.0 166.0 165.0 226.0 195.0 162.0 151.0 155.0 153.0 145.0 188.0 190.0 175.0 185.0 172.0 217.0 164.0 173.0 189.0 185.0 40.0 47.0 101.0 102.0 103.0 101.0 136.0 112.0 111.0 90.0 18.0 92.0 49.0 0.0 18.0 39.0 63.0 53.0
105 206.0 180.0 158.0 155.0 154.0 214.0 184.0 151.0 140.0 144.0 142.0 134.0 177.0 179.0 171.0 177.0 169.0 214.0 161.0 170.0 186.0 180.0 29.0 36.0 90.0 91.0 91.0 90.0 125.0 101.0 100.0 78.0 8.0 81.0 33.0 18.0 0.0 21.0 58.0 48.0
109 205.0 179.0 157.0 154.0 148.0 213.0 183.0 149.0 138.0 143.0 141.0 133.0 176.0 178.0 170.0 176.0 175.0 220.0 166.0 172.0 190.0 179.0 36.0 34.0 84.0 85.0 85.0 84.0 119.0 95.0 94.0 72.0 26.0 75.0 14.0 39.0 21.0 0.0 66.0 56.0
116 260.0 234.0 212.0 209.0 208.0 268.0 238.0 204.0 193.0 198.0 196.0 188.0 225.0 227.0 204.0 214.0 201.0 247.0 193.0 202.0 218.0 214.0 83.0 89.0 144.0 145.0 145.0 144.0 179.0 155.0 153.0 132.0 54.0 135.0 79.0 62.0 57.0 66.0 0.0 10.0
119 250.0 224.0 202.0 199.0 198.0 259.0 228.0 195.0 184.0 188.0 186.0 178.0 221.0 223.0 208.0 218.0 205.0 250.0 196.0 205.0 222.0 218.0 73.0 80.0 134.0 135.0 136.0 134.0 169.0 145.0 144.0 123.0 44.0 125.0 70.0 53.0 47.0 56.0 11.0 0.0

#distancia viaje entre puentes y alojamientos
: 123 124 126 127 128 129 130 131 134 140:=
3 106.0 93.0 32.0 31.0 34.0 53.0 228.0 226.0 220.0 133.0
4 86.0 109.0 39.0 40.0 8.0 28.0 202.0 200.0 194.0 107.0
8 63.0 132.0 50.0 51.0 17.0 5.0 180.0 178.0 172.0 85.0
10 61.0 130.0 49.0 49.0 21.0 3.0 177.0 175.0 169.0 82.0
14 72.0 141.0 71.0 72.0 40.0 22.0 176.0 174.0 168.0 69.0
16 120.0 111.0 12.0 12.0 45.0 62.0 236.0 234.0 228.0 141.0
17 89.0 129.0 20.0 20.0 14.0 32.0 206.0 204.0 198.0 111.0
20 36.0 73.0 101.0 101.0 70.0 81.0 173.0 171.0 165.0 87.0
21 23.0 60.0 110.0 110.0 79.0 70.0 162.0 160.0 154.0 76.0
22 29.0 66.0 104.0 105.0 74.0 74.0 166.0 164.0 158.0 81.0
25 26.0 71.0 122.0 123.0 91.0 73.0 165.0 163.0 157.0 79.0
26 25.0 71.0 121.0 122.0 90.0 72.0 164.0 162.0 156.0 78.0
32 61.0 48.0 80.0 80.0 74.0 93.0 200.0 198.0 192.0 114.0
33 63.0 50.0 74.0 73.0 67.0 86.0 202.0 200.0 194.0 116.0
37 55.0 30.0 99.0 99.0 93.0 102.0 180.0 187.0 183.0 109.0
44 61.0 27.0 101.0 101.0 95.0 108.0 191.0 197.0 192.0 114.0
48 69.0 23.0 113.0 113.0 106.0 116.0 178.0 185.0 180.0 122.0
50 106.0 26.0 148.0 148.0 142.0 153.0 223.0 230.0 226.0 159.0
57 64.0 29.0 107.0 107.0 101.0 110.0 169.0 176.0 172.0 117.0
59 57.0 31.0 101.0 101.0 95.0 104.0 178.0 185.0 181.0 110.0
63 74.0 30.0 115.0 115.0 109.0 121.0 195.0 201.0 197.0 127.0
64 63.0 27.0 103.0 103.0 97.0 110.0 191.0 197.0 193.0 116.0
69 102.0 163.0 177.0 178.0 146.0 128.0 51.0 49.0 43.0 60.0
70 92.0 161.0 167.0 168.0 136.0 118.0 57.0 55.0 49.0 49.0
74 58.0 129.0 125.0 126.0 94.0 76.0 112.0 110.0 104.0 6.0
75 59.0 129.0 125.0 125.0 94.0 75.0 113.0 111.0 105.0 6.0
76 51.0 121.0 124.0 124.0 93.0 74.0 114.0 112.0 106.0 12.0
78 54.0 124.0 126.0 127.0 95.0 77.0 112.0 110.0 104.0 10.0
81 61.0 130.0 104.0 104.0 73.0 54.0 154.0 152.0 146.0 48.0
84 58.0 128.0 114.0 115.0 83.0 65.0 123.0 121.0 115.0 17.0
85 59.0 129.0 118.0 118.0 87.0 68.0 122.0 120.0 114.0 15.0
89 90.0 160.0 160.0 161.0 129.0 111.0 98.0 96.0 89.0 31.0
92 132.0 195.0 208.0 209.0 177.0 159.0 22.0 20.0 14.0 90.0
98 61.0 132.0 134.0 134.0 103.0 84.0 104.0 102.0 96.0 11.0
101 112.0 182.0 188.0 189.0 157.0 139.0 47.0 45.0 39.0 65.0
104 138.0 192.0 214.0 215.0 183.0 165.0 21.0 28.0 24.0 96.0
105 127.0 189.0 203.0 204.0 172.0 154.0 25.0 23.0 17.0 85.0
109 126.0 195.0 202.0 202.0 171.0 152.0 33.0 31.0 25.0 79.0
116 181.0 222.0 257.0 257.0 226.0 207.0 47.0 39.0 41.0 139.0
119 171.0 225.0 247.0 248.0 216.0 198.0 37.0 30.0 31.0 129.0

#distancia entre alojamientos y puentes
: 3 4 8 10 14 16 17 20 21 22 25 26 32 33 37 44 48 50 57 59 63 64 69 70 74 75 76 78 81 84 85 89 92 98 101 104 105 109 116 119:=
123 106.0 85.0 63.0 60.0 72.0 120.0 89.0 36.0 23.0 29.0 26.0 18.0 61.0 63.0 55.0 61.0 69.0 106.0 64.0 57.0 75.0 64.0 102.0 92.0 59.0 59.0 52.0 54.0 54.0 59.0 60.0 90.0 133.0 62.0 113.0 139.0 128.0 127.0 183.0 172.0
124 92.0 108.0 132.0 129.0 141.0 111.0 128.0 72.0 60.0 65.0 72.0 65.0 47.0 50.0 30.0 27.0 23.0 26.0 29.0 31.0 30.0 27.0 161.0 161.0 129.0 130.0 122.0 124.0 123.0 129.0 130.0 160.0 192.0 132.0 182.0 179.0 187.0 193.0 218.0 222.0
126 32.0 39.0 50.0 48.0 71.0 13.0 19.0 101.0 110.0 104.0 122.0 114.0 81.0 74.0 99.0 102.0 113.0 149.0 107.0 101.0 116.0 105.0 177.0 167.0 124.0 123.0 122.0 124.0 96.0 112.0 114.0 158.0 208.0 132.0 188.0 214.0 203.0 202.0 258.0 247.0
127 31.0 40.0 51.0 49.0 72.0 12.0 20.0 101.0 110.0 105.0 123.0 115.0 80.0 73.0 99.0 102.0 112.0 148.0 107.0 101.0 116.0 104.0 178.0 168.0 124.0 124.0 123.0 125.0 96.0 113.0 115.0 159.0 209.0 133.0 189.0 215.0 204.0 202.0 259.0 248.0
128 34.0 8.0 17.0 21.0 40.0 45.0 14.0 70.0 79.0 74.0 91.0 83.0 74.0 67.0 93.0 95.0 106.0 142.0 101.0 94.0 109.0 98.0 147.0 137.0 93.0 92.0 91.0 94.0 65.0 82.0 83.0 127.0 178.0 102.0 157.0 183.0 173.0 171.0 228.0 217.0
129 53.0 28.0 5.0 2.0 22.0 62.0 31.0 82.0 71.0 75.0 73.0 65.0 93.0 86.0 103.0 109.0 116.0 153.0 111.0 105.0 122.0 111.0 128.0 118.0 75.0 74.0 73.0 76.0 47.0 64.0 65.0 109.0 160.0 83.0 139.0 165.0 154.0 153.0 209.0 199.0
130 227.0 201.0 179.0 176.0 175.0 236.0 205.0 172.0 161.0 165.0 163.0 155.0 198.0 200.0 183.0 193.0 180.0 225.0 172.0 181.0 197.0 193.0 50.0 57.0 111.0 112.0 113.0 111.0 146.0 122.0 121.0 100.0 21.0 102.0 47.0 21.0 24.0 33.0 47.0 37.0
131 225.0 199.0 177.0 174.0 173.0 234.0 203.0 170.0 159.0 163.0 161.0 153.0 196.0 198.0 189.0 197.0 186.0 232.0 178.0 187.0 203.0 199.0 48.0 55.0 109.0 110.0 111.0 109.0 144.0 120.0 119.0 98.0 19.0 100.0 45.0 28.0 22.0 31.0 40.0 30.0
134 219.0 193.0 170.0 168.0 167.0 227.0 197.0 163.0 152.0 157.0 155.0 147.0 190.0 192.0 184.0 190.0 182.0 227.0 174.0 183.0 199.0 192.0 42.0 48.0 103.0 103.0 104.0 102.0 137.0 114.0 112.0 91.0 13.0 94.0 38.0 24.0 16.0 25.0 42.0 31.0
140 134.0 108.0 86.0 83.0 70.0 142.0 112.0 87.0 76.0 80.0 78.0 70.0 113.0 116.0 108.0 114.0 122.0 158.0 116.0 110.0 127.0 116.0 61.0 50.0 5.0 6.0 12.0 9.0 40.0 17.0 15.0 31.0 91.0 10.0 66.0 96.0 86.0 80.0 141.0 130.0

#distancia entre depositos y puentes
: 3 4 8 10 14 16 17 20 21 22 25 26 32 33 37 44 48 50 57 59 63 64 69 70 74 75 76 78 81 84 85 89 92 98 101 104 105 109 116 119:=
0 59.0 75.0 99.0 96.0 108.0 77.0 95.0 39.0 27.0 33.0 39.0 32.0 14.0 16.0 11.0 14.0 23.0 60.0 19.0 13.0 27.0 16.0 140.0 129.0 96.0 97.0 89.0 92.0 91.0 96.0 97.0 128.0 171.0 99.0 150.0 170.0 165.0 164.0 208.0 210.0
1 151.0 125.0 103.0 100.0 87.0 160.0 130.0 102.0 91.0 96.0 94.0 86.0 129.0 131.0 123.0 129.0 135.0 174.0 127.0 125.0 143.0 131.0 50.0 38.0 23.0 24.0 27.0 25.0 58.0 35.0 33.0 12.0 80.0 17.0 54.0 85.0 74.0 68.0 129.0 119.0

#distancia entre puentes y depositos
: 0 1:=
3 59.0 150.0
4 75.0 124.0
8 99.0 102.0
10 97.0 99.0
14 108.0 86.0
16 77.0 158.0
17 95.0 128.0
20 40.0 103.0
21 27.0 91.0
22 33.0 96.0
25 38.0 94.0
26 38.0 93.0
32 14.0 129.0
33 16.0 131.0
37 11.0 124.0
44 13.0 129.0
48 24.0 134.0
50 59.0 174.0
57 19.0 125.0
59 12.0 126.0
63 27.0 143.0
64 15.0 131.0
69 138.0 49.0
70 128.0 38.0
74 96.0 23.0
75 96.0 24.0
76 89.0 27.0
78 91.0 25.0
81 97.0 65.0
84 95.0 34.0
85 96.0 32.0
89 127.0 12.0
92 169.0 79.0
98 99.0 17.0
101 149.0 54.0
104 175.0 85.0
105 164.0 73.0
109 163.0 67.0
116 212.0 127.0
119 208.0 118.0

;