set O:= 0 1;
set N:= 3 20 21 25 50 69 71 73 86 107;
set M:= 122 124 129 146;
set K:= 1 2 3;
param D:= 100;
param Q:= 540;
param v:= 2000000;
param f:= 
122 24000
124 63000
129 42028
146 78000
;
param:	xcoord ycoord w q:=
0 -32.75044 -70.72613 0 1 
1 -33.0433 -71.624 0 1 
3 -32.35092 -70.79153 105 1 
20 -32.69998 -70.93128 51 1 
21 -32.80094 -70.95847 94 1 
25 -32.86219 -70.89013 69 1 
50 -32.87857 -70.20821 39 1 
69 -33.37956 -71.38904 76 1 
71 -33.29475 -71.41066 32 1 
73 -33.20765 -71.57225 80 1 
86 -32.86452 -71.49062 87 1 
107 -33.42116 -71.69462 116 1 
122 -32.77961 -70.95976 0 1 
124 -32.85659 -70.41855 0 1 
129 -32.44456 -71.22894 0 1 
146 -33.38843 -71.53636 0 1 
;
param d[*,*]
#distancia de viaje entre puentes
: 3 20 21 25 50 69 71 73 86 107:=
3 0.0 75.0 83.0 97.0 118.0 181.0 171.0 170.0 120.0 202.0
20 75.0 0.0 13.0 27.0 98.0 126.0 116.0 120.0 87.0 147.0
21 83.0 13.0 0.0 14.0 85.0 114.0 104.0 108.0 75.0 136.0
25 96.0 27.0 14.0 0.0 97.0 118.0 108.0 112.0 79.0 139.0
50 117.0 97.0 85.0 97.0 0.0 186.0 186.0 191.0 159.0 217.0
69 180.0 125.0 114.0 117.0 189.0 0.0 10.0 37.0 74.0 36.0
71 170.0 115.0 104.0 107.0 187.0 10.0 0.0 27.0 64.0 41.0
73 170.0 119.0 108.0 110.0 190.0 36.0 27.0 0.0 51.0 40.0
86 121.0 85.0 74.0 77.0 157.0 74.0 64.0 50.0 0.0 89.0
107 202.0 146.0 135.0 138.0 218.0 36.0 41.0 40.0 89.0 0.0

#distancia viaje entre puentes y alojamientos
: 122 124 129 146:=
3 81.0 93.0 53.0 192.0
20 10.0 73.0 81.0 137.0
21 2.0 60.0 70.0 126.0
25 16.0 71.0 73.0 129.0
50 87.0 26.0 153.0 199.0
69 115.0 163.0 128.0 18.0
71 105.0 161.0 118.0 24.0
73 109.0 165.0 118.0 46.0
86 75.0 132.0 69.0 83.0
107 136.0 193.0 149.0 18.0

#distancia entre alojamientos y puentes
: 3 20 21 25 50 69 71 73 86 107:=
122 81.0 10.0 2.0 16.0 87.0 116.0 106.0 110.0 77.0 138.0
124 92.0 72.0 60.0 72.0 26.0 161.0 161.0 166.0 133.0 192.0
129 53.0 82.0 71.0 73.0 153.0 128.0 118.0 118.0 67.0 150.0
146 192.0 137.0 126.0 129.0 202.0 18.0 24.0 45.0 85.0 18.0

#distancia entre depositos y puentes
: 3 20 21 25 50 69 71 73 86 107:=
0 59.0 39.0 27.0 39.0 60.0 140.0 130.0 133.0 101.0 161.0
1 151.0 102.0 91.0 94.0 174.0 50.0 40.0 26.0 31.0 65.0

#distancia entre puentes y depositos
: 0 1:=
3 59.0 150.0
20 40.0 103.0
21 27.0 91.0
25 38.0 94.0
50 59.0 174.0
69 138.0 49.0
71 129.0 39.0
73 132.0 26.0
86 99.0 30.0
107 160.0 64.0

;