set O:= 0 1;
set N:= 2 3 13 15 16 17 28 44 48 51 57 62 85 92 93 96 103 105 108 115;
set M:= 126 137 143 144 147;
set K:= 1 2 3;
param D:= 100;
param Q:= 540;
param v:= 2000000;
param f:= 
126 68517
137 27856
143 48720
144 52000
147 45000
;
param:	xcoord ycoord w q:=
0 -32.75044 -70.72613 0 1 
1 -33.0433 -71.624 0 1 
2 -32.5191 -70.92373 38 1 
3 -32.35092 -70.79153 105 1 
13 -32.34055 -71.17481 99 1 
15 -32.44511 -71.32299 71 1 
16 -32.21823 -70.82151 78 1 
17 -32.34859 -71.07237 51 1 
28 -32.86292 -70.94795 99 1 
44 -32.76742 -70.61154 38 1 
48 -32.88608 -70.59211 103 1 
51 -32.90645 -70.28716 50 1 
57 -32.89552 -70.6746 98 1 
62 -32.76924 -70.56035 84 1 
85 -32.8625 -71.46772 106 1 
92 -33.58655 -71.52943 57 1 
93 -33.01883 -71.50131 58 1 
96 -32.99633 -71.50138 105 1 
103 -33.35491 -71.65289 40 1 
105 -33.53115 -71.54035 119 1 
108 -33.44564 -71.67852 41 1 
115 -33.93803 -71.7365 56 1 
126 -32.25311 -70.93619 0 1 
137 -32.91915 -71.52057 0 1 
143 -32.78349 -71.53032 0 1 
144 -32.77144 -71.53401 0 1 
147 -33.32534 -71.38598 0 1 
;
param d[*,*]
#distancia de viaje entre puentes
: 2 3 13 15 16 17 28 44 48 51 57 62 85 92 93 96 103 105 108 115:=
2 0.0 29.0 42.0 52.0 48.0 35.0 66.0 72.0 82.0 110.0 77.0 79.0 107.0 200.0 130.0 129.0 180.0 194.0 193.0 257.0
3 29.0 0.0 52.0 62.0 19.0 46.0 94.0 71.0 82.0 110.0 77.0 78.0 117.0 212.0 140.0 139.0 192.0 207.0 205.0 269.0
13 42.0 52.0 0.0 29.0 50.0 19.0 89.0 113.0 124.0 152.0 119.0 120.0 85.0 179.0 108.0 106.0 160.0 174.0 172.0 237.0
15 52.0 62.0 30.0 0.0 71.0 41.0 70.0 109.0 117.0 145.0 112.0 115.0 66.0 160.0 89.0 88.0 141.0 155.0 154.0 218.0
16 48.0 19.0 49.0 70.0 0.0 31.0 112.0 89.0 100.0 128.0 95.0 96.0 126.0 220.0 149.0 147.0 201.0 215.0 213.0 278.0
17 35.0 46.0 19.0 40.0 31.0 0.0 100.0 107.0 118.0 145.0 112.0 114.0 95.0 190.0 118.0 117.0 170.0 185.0 183.0 247.0
28 66.0 93.0 89.0 70.0 111.0 100.0 0.0 49.0 55.0 85.0 47.0 55.0 72.0 145.0 78.0 77.0 126.0 140.0 138.0 203.0
44 71.0 71.0 113.0 108.0 89.0 106.0 49.0 0.0 18.0 44.0 22.0 8.0 110.0 183.0 117.0 116.0 164.0 178.0 177.0 225.0
48 83.0 82.0 124.0 117.0 100.0 118.0 54.0 18.0 0.0 40.0 9.0 15.0 118.0 172.0 121.0 124.0 163.0 167.0 173.0 212.0
51 109.0 109.0 151.0 145.0 127.0 145.0 85.0 44.0 40.0 0.0 46.0 39.0 147.0 209.0 154.0 152.0 199.0 204.0 209.0 249.0
57 77.0 77.0 119.0 111.0 95.0 113.0 46.0 22.0 9.0 46.0 0.0 19.0 113.0 164.0 112.0 116.0 154.0 158.0 164.0 203.0
62 78.0 78.0 120.0 115.0 96.0 114.0 55.0 8.0 15.0 40.0 19.0 0.0 117.0 182.0 123.0 122.0 171.0 177.0 183.0 222.0
85 110.0 121.0 88.0 69.0 129.0 99.0 70.0 110.0 117.0 146.0 112.0 116.0 0.0 106.0 23.0 22.0 82.0 100.0 94.0 163.0
92 199.0 211.0 178.0 160.0 220.0 189.0 143.0 183.0 175.0 211.0 166.0 185.0 105.0 0.0 82.0 86.0 36.0 7.0 26.0 63.0
93 131.0 141.0 108.0 89.0 150.0 119.0 77.0 117.0 123.0 153.0 114.0 123.0 22.0 83.0 0.0 4.0 59.0 78.0 72.0 141.0
96 127.0 137.0 105.0 86.0 146.0 116.0 74.0 114.0 121.0 150.0 116.0 120.0 19.0 89.0 6.0 0.0 65.0 84.0 78.0 147.0
103 180.0 192.0 159.0 141.0 201.0 171.0 125.0 164.0 163.0 200.0 155.0 170.0 81.0 36.0 58.0 62.0 0.0 33.0 13.0 87.0
105 193.0 206.0 173.0 154.0 214.0 184.0 138.0 177.0 169.0 206.0 161.0 179.0 100.0 8.0 77.0 81.0 32.0 0.0 21.0 66.0
108 192.0 205.0 172.0 153.0 213.0 183.0 137.0 177.0 175.0 211.0 166.0 183.0 94.0 25.0 71.0 75.0 13.0 21.0 0.0 74.0
115 256.0 268.0 236.0 217.0 277.0 247.0 201.0 228.0 215.0 252.0 207.0 225.0 162.0 63.0 139.0 143.0 87.0 66.0 74.0 0.0

#distancia viaje entre puentes y alojamientos
: 126 137 143 144 147:=
2 54.0 119.0 108.0 109.0 164.0
3 32.0 129.0 118.0 120.0 177.0
13 38.0 96.0 85.0 87.0 144.0
15 59.0 78.0 67.0 68.0 125.0
16 12.0 137.0 126.0 128.0 185.0
17 20.0 107.0 96.0 98.0 155.0
28 118.0 72.0 77.0 78.0 110.0
44 101.0 110.0 115.0 117.0 148.0
48 113.0 118.0 124.0 125.0 139.0
51 140.0 147.0 152.0 153.0 175.0
57 107.0 113.0 118.0 120.0 130.0
62 109.0 116.0 122.0 123.0 148.0
85 118.0 11.0 17.0 18.0 72.0
92 208.0 92.0 117.0 119.0 40.0
93 138.0 14.0 35.0 36.0 49.0
96 135.0 10.0 31.0 33.0 55.0
103 189.0 69.0 93.0 95.0 33.0
105 203.0 87.0 112.0 113.0 35.0
108 202.0 81.0 106.0 107.0 40.0
115 265.0 150.0 174.0 176.0 97.0

#distancia entre alojamientos y puentes
: 2 3 13 15 16 17 28 44 48 51 57 62 85 92 93 96 103 105 108 115:=
126 54.0 32.0 38.0 59.0 13.0 19.0 118.0 102.0 113.0 140.0 107.0 109.0 114.0 208.0 137.0 136.0 189.0 203.0 202.0 266.0
137 120.0 130.0 97.0 79.0 139.0 108.0 71.0 110.0 118.0 146.0 112.0 116.0 11.0 93.0 14.0 12.0 69.0 88.0 82.0 151.0
143 109.0 119.0 87.0 68.0 128.0 98.0 76.0 115.0 123.0 151.0 117.0 121.0 17.0 118.0 36.0 34.0 94.0 113.0 107.0 176.0
144 110.0 121.0 88.0 69.0 129.0 99.0 77.0 116.0 124.0 152.0 119.0 122.0 18.0 120.0 37.0 36.0 96.0 114.0 108.0 177.0
147 163.0 175.0 143.0 124.0 184.0 154.0 108.0 147.0 142.0 179.0 134.0 152.0 70.0 41.0 48.0 51.0 33.0 35.0 41.0 98.0

#distancia entre depositos y puentes
: 2 3 13 15 16 17 28 44 48 51 57 62 85 92 93 96 103 105 108 115:=
0 60.0 59.0 101.0 96.0 77.0 95.0 36.0 14.0 23.0 51.0 19.0 20.0 97.0 171.0 104.0 103.0 151.0 165.0 164.0 222.0
1 141.0 151.0 118.0 100.0 160.0 130.0 90.0 129.0 135.0 165.0 127.0 135.0 33.0 80.0 15.0 16.0 55.0 74.0 68.0 137.0

#distancia entre puentes y depositos
: 0 1:=
2 59.0 140.0
3 59.0 150.0
13 101.0 117.0
15 96.0 99.0
16 77.0 158.0
17 95.0 128.0
28 35.0 91.0
44 13.0 129.0
48 24.0 134.0
51 51.0 166.0
57 19.0 125.0
62 20.0 136.0
85 96.0 32.0
92 169.0 79.0
93 103.0 15.0
96 100.0 18.0
103 150.0 55.0
105 164.0 73.0
108 163.0 67.0
115 225.0 136.0

;