set O:= 0 1;
set N:= 4 13 16 22 25 26 39 49 52 59 62 71 73 74 76 77 78 80 81 84 85 88 92 93 101 105 106 110 114 116;
set M:= 127 128 129 131 134 137 140 143 146 147;
set K:= 1 2 3 4 5;
param D:= 100;
param Q:= 540;
param v:= 2000000;
param f:= 
127 25694
128 39740
129 42028
131 73862
134 96841
137 27856
140 48596
143 48720
146 78000
147 45000
;
param:	xcoord ycoord w q:=
0 -32.75044 -70.72613 0 1 
1 -33.0433 -71.624 0 1 
4 -32.44056 -71.00665 106 1 
13 -32.34055 -71.17481 99 1 
16 -32.21823 -70.82151 78 1 
22 -32.75643 -70.94537 48 1 
25 -32.86219 -70.89013 69 1 
26 -32.84855 -70.98046 116 1 
39 -32.74002 -70.64044 105 1 
49 -32.90731 -70.28602 104 1 
52 -32.90338 -70.26912 86 1 
59 -32.83316 -70.70835 85 1 
62 -32.76924 -70.56035 84 1 
71 -33.29475 -71.41066 32 1 
73 -33.20765 -71.57225 80 1 
74 -32.91961 -71.50488 57 1 
76 -32.93269 -71.43975 112 1 
77 -32.9314 -71.47561 30 1 
78 -32.93288 -71.46643 63 1 
80 -32.63102 -71.41979 41 1 
81 -32.68399 -71.39191 70 1 
84 -32.86028 -71.45447 70 1 
85 -32.8625 -71.46772 106 1 
88 -32.80869 -71.44189 36 1 
92 -33.58655 -71.52943 57 1 
93 -33.01883 -71.50131 58 1 
101 -33.34522 -71.64882 59 1 
105 -33.53115 -71.54035 119 1 
106 -33.53398 -71.59339 54 1 
110 -33.63989 -71.57131 49 1 
114 -33.63163 -71.61037 97 1 
116 -33.88859 -71.64141 97 1 
127 -32.24898 -70.9333 0 1 
128 -32.43019 -71.07467 0 1 
129 -32.44456 -71.22894 0 1 
131 -33.65502 -71.62965 0 1 
134 -33.61172 -71.60733 0 1 
137 -32.91915 -71.52057 0 1 
140 -32.93024 -71.55027 0 1 
143 -32.78349 -71.53032 0 1 
146 -33.38843 -71.53636 0 1 
147 -33.32534 -71.38598 0 1 
;
param d[*,*]
#distancia de viaje entre puentes
: 4 13 16 22 25 26 39 49 52 59 62 71 73 74 76 77 78 80 81 84 85 88 92 93 101 105 106 110 114 116:=
4 0.0 27.0 45.0 66.0 85.0 78.0 84.0 126.0 127.0 86.0 94.0 145.0 144.0 101.0 100.0 103.0 102.0 62.0 73.0 90.0 92.0 84.0 186.0 115.0 166.0 181.0 185.0 200.0 196.0 236.0
13 27.0 0.0 50.0 92.0 93.0 84.0 110.0 152.0 154.0 113.0 120.0 138.0 137.0 94.0 93.0 96.0 95.0 55.0 66.0 83.0 85.0 77.0 179.0 108.0 159.0 174.0 178.0 193.0 189.0 229.0
16 45.0 49.0 0.0 98.0 115.0 108.0 86.0 128.0 130.0 89.0 96.0 179.0 178.0 135.0 134.0 137.0 136.0 96.0 107.0 124.0 126.0 118.0 220.0 149.0 200.0 215.0 219.0 234.0 230.0 270.0
22 66.0 92.0 98.0 0.0 20.0 13.0 43.0 82.0 84.0 42.0 52.0 109.0 113.0 75.0 68.0 72.0 71.0 76.0 70.0 75.0 77.0 72.0 150.0 83.0 130.0 145.0 149.0 164.0 160.0 200.0
25 85.0 92.0 115.0 20.0 0.0 10.0 48.0 88.0 90.0 48.0 58.0 108.0 112.0 74.0 67.0 71.0 70.0 75.0 69.0 74.0 76.0 70.0 149.0 82.0 128.0 144.0 148.0 162.0 159.0 199.0
26 85.0 92.0 114.0 20.0 9.0 0.0 48.0 88.0 90.0 48.0 58.0 107.0 111.0 73.0 66.0 70.0 69.0 74.0 68.0 73.0 75.0 69.0 148.0 81.0 127.0 143.0 147.0 161.0 158.0 198.0
39 83.0 110.0 86.0 42.0 49.0 42.0 0.0 48.0 50.0 20.0 11.0 139.0 143.0 106.0 99.0 102.0 101.0 106.0 100.0 106.0 107.0 102.0 180.0 114.0 160.0 175.0 180.0 191.0 191.0 214.0
49 151.0 177.0 153.0 108.0 115.0 107.0 73.0 0.0 2.0 73.0 65.0 203.0 209.0 171.0 164.0 168.0 167.0 171.0 166.0 171.0 172.0 167.0 235.0 179.0 224.0 229.0 234.0 238.0 243.0 260.0
52 149.0 175.0 151.0 106.0 113.0 106.0 71.0 2.0 0.0 71.0 63.0 202.0 207.0 169.0 162.0 166.0 165.0 170.0 164.0 169.0 171.0 166.0 233.0 177.0 222.0 228.0 232.0 236.0 241.0 259.0
59 86.0 113.0 89.0 42.0 48.0 42.0 20.0 47.0 49.0 0.0 20.0 139.0 143.0 105.0 98.0 102.0 101.0 106.0 100.0 105.0 107.0 102.0 173.0 113.0 159.0 167.0 172.0 176.0 181.0 198.0
62 94.0 120.0 96.0 52.0 58.0 52.0 11.0 40.0 41.0 20.0 0.0 149.0 153.0 115.0 108.0 112.0 111.0 116.0 110.0 115.0 117.0 112.0 182.0 123.0 169.0 177.0 181.0 185.0 191.0 208.0
71 145.0 138.0 179.0 108.0 107.0 98.0 138.0 178.0 180.0 138.0 148.0 0.0 27.0 56.0 57.0 59.0 55.0 96.0 90.0 67.0 65.0 73.0 42.0 43.0 30.0 37.0 42.0 56.0 53.0 92.0
73 145.0 138.0 179.0 112.0 110.0 102.0 142.0 182.0 184.0 142.0 152.0 27.0 0.0 42.0 44.0 45.0 42.0 83.0 77.0 54.0 52.0 60.0 66.0 29.0 29.0 61.0 57.0 73.0 70.0 109.0
74 103.0 96.0 137.0 75.0 74.0 65.0 106.0 145.0 147.0 105.0 115.0 56.0 43.0 0.0 7.0 5.0 5.0 40.0 35.0 12.0 10.0 18.0 96.0 13.0 71.0 91.0 95.0 110.0 106.0 146.0
76 101.0 94.0 135.0 68.0 67.0 58.0 98.0 138.0 140.0 98.0 108.0 58.0 44.0 7.0 0.0 3.0 3.0 39.0 33.0 10.0 11.0 16.0 98.0 15.0 73.0 93.0 97.0 111.0 108.0 147.0
77 104.0 97.0 139.0 72.0 70.0 62.0 102.0 142.0 143.0 101.0 112.0 60.0 46.0 9.0 4.0 0.0 1.0 42.0 37.0 13.0 15.0 20.0 100.0 17.0 74.0 94.0 99.0 113.0 110.0 149.0
78 103.0 96.0 138.0 71.0 69.0 61.0 101.0 141.0 143.0 101.0 111.0 56.0 42.0 4.0 3.0 1.0 0.0 41.0 36.0 12.0 14.0 19.0 96.0 13.0 71.0 91.0 95.0 109.0 106.0 145.0
80 62.0 55.0 96.0 75.0 73.0 65.0 105.0 145.0 146.0 104.0 114.0 96.0 82.0 39.0 38.0 41.0 40.0 0.0 11.0 28.0 30.0 22.0 136.0 53.0 110.0 130.0 135.0 149.0 146.0 185.0
81 81.0 74.0 115.0 77.0 75.0 67.0 107.0 147.0 148.0 106.0 117.0 98.0 85.0 42.0 40.0 44.0 43.0 19.0 0.0 31.0 32.0 24.0 138.0 55.0 113.0 133.0 137.0 152.0 148.0 188.0
84 91.0 84.0 125.0 75.0 73.0 65.0 105.0 145.0 147.0 105.0 115.0 68.0 54.0 11.0 10.0 13.0 12.0 29.0 23.0 0.0 2.0 6.0 107.0 25.0 82.0 102.0 106.0 121.0 118.0 157.0
85 95.0 88.0 129.0 76.0 74.0 66.0 106.0 146.0 148.0 106.0 116.0 66.0 52.0 10.0 10.0 14.0 13.0 33.0 27.0 4.0 0.0 10.0 106.0 23.0 81.0 100.0 105.0 119.0 116.0 155.0
88 85.0 78.0 119.0 71.0 69.0 61.0 101.0 141.0 143.0 101.0 111.0 74.0 60.0 18.0 16.0 19.0 18.0 23.0 17.0 6.0 8.0 0.0 114.0 31.0 88.0 108.0 113.0 127.0 124.0 163.0
92 185.0 178.0 220.0 149.0 147.0 139.0 179.0 211.0 213.0 175.0 185.0 42.0 66.0 95.0 97.0 98.0 95.0 136.0 130.0 107.0 105.0 113.0 0.0 82.0 37.0 7.0 12.0 19.0 16.0 56.0
93 115.0 108.0 150.0 83.0 81.0 73.0 113.0 153.0 155.0 113.0 123.0 43.0 30.0 13.0 15.0 16.0 12.0 53.0 47.0 24.0 22.0 31.0 83.0 0.0 58.0 78.0 82.0 97.0 93.0 133.0
101 165.0 158.0 200.0 129.0 127.0 119.0 159.0 199.0 201.0 159.0 169.0 30.0 29.0 70.0 72.0 73.0 70.0 111.0 105.0 82.0 80.0 88.0 37.0 57.0 0.0 34.0 28.0 44.0 41.0 80.0
105 180.0 173.0 214.0 144.0 142.0 134.0 174.0 206.0 208.0 170.0 179.0 37.0 61.0 90.0 91.0 93.0 90.0 130.0 125.0 101.0 100.0 107.0 8.0 77.0 33.0 0.0 7.0 22.0 19.0 58.0
106 185.0 178.0 219.0 149.0 147.0 139.0 179.0 211.0 213.0 175.0 184.0 42.0 56.0 95.0 96.0 98.0 95.0 135.0 130.0 106.0 105.0 113.0 12.0 82.0 27.0 7.0 0.0 16.0 13.0 52.0
110 198.0 191.0 233.0 162.0 160.0 152.0 192.0 214.0 216.0 178.0 187.0 55.0 73.0 108.0 110.0 111.0 108.0 149.0 143.0 120.0 118.0 126.0 19.0 95.0 44.0 22.0 17.0 0.0 5.0 45.0
114 195.0 188.0 230.0 159.0 157.0 149.0 189.0 219.0 221.0 183.0 193.0 52.0 70.0 105.0 107.0 108.0 105.0 146.0 140.0 117.0 115.0 123.0 15.0 92.0 41.0 19.0 13.0 5.0 0.0 39.0
116 234.0 227.0 268.0 198.0 196.0 188.0 218.0 238.0 240.0 202.0 211.0 90.0 109.0 144.0 145.0 147.0 144.0 184.0 179.0 155.0 153.0 161.0 54.0 131.0 79.0 57.0 52.0 44.0 39.0 0.0

#distancia viaje entre puentes y alojamientos
: 127 128 129 131 134 137 140 143 146 147:=
4 40.0 8.0 28.0 200.0 194.0 103.0 107.0 92.0 166.0 151.0
13 39.0 21.0 21.0 193.0 187.0 96.0 100.0 85.0 159.0 144.0
16 12.0 45.0 62.0 234.0 228.0 137.0 141.0 126.0 200.0 185.0
22 105.0 74.0 74.0 164.0 158.0 77.0 81.0 82.0 130.0 115.0
25 123.0 91.0 73.0 163.0 157.0 75.0 79.0 81.0 129.0 114.0
26 122.0 90.0 72.0 162.0 156.0 74.0 78.0 80.0 128.0 113.0
39 98.0 92.0 105.0 195.0 188.0 107.0 111.0 112.0 160.0 145.0
49 165.0 159.0 170.0 247.0 243.0 172.0 176.0 178.0 216.0 201.0
52 163.0 157.0 168.0 245.0 241.0 171.0 175.0 176.0 215.0 199.0
59 101.0 95.0 104.0 185.0 181.0 106.0 110.0 112.0 154.0 139.0
62 108.0 102.0 114.0 194.0 190.0 116.0 120.0 122.0 164.0 148.0
71 168.0 136.0 118.0 57.0 50.0 53.0 51.0 78.0 24.0 7.0
73 168.0 137.0 118.0 74.0 68.0 39.0 37.0 64.0 46.0 32.0
74 126.0 94.0 76.0 110.0 104.0 2.0 6.0 22.0 76.0 62.0
76 124.0 93.0 74.0 112.0 106.0 8.0 12.0 27.0 78.0 64.0
77 128.0 96.0 78.0 114.0 108.0 10.0 14.0 31.0 79.0 65.0
78 127.0 95.0 77.0 110.0 104.0 6.0 10.0 26.0 76.0 62.0
80 85.0 54.0 36.0 150.0 144.0 41.0 45.0 30.0 115.0 101.0
81 104.0 73.0 54.0 152.0 146.0 44.0 48.0 33.0 118.0 104.0
84 115.0 83.0 65.0 121.0 115.0 13.0 17.0 17.0 87.0 73.0
85 118.0 87.0 68.0 120.0 114.0 11.0 15.0 17.0 86.0 72.0
88 108.0 77.0 58.0 128.0 122.0 19.0 23.0 11.0 94.0 79.0
92 209.0 177.0 159.0 20.0 14.0 92.0 90.0 117.0 36.0 40.0
93 139.0 107.0 89.0 97.0 91.0 14.0 15.0 35.0 63.0 49.0
101 189.0 157.0 139.0 45.0 39.0 67.0 65.0 92.0 17.0 32.0
105 204.0 172.0 154.0 23.0 17.0 87.0 85.0 112.0 33.0 35.0
106 209.0 177.0 159.0 17.0 11.0 92.0 90.0 117.0 27.0 40.0
110 222.0 190.0 172.0 9.0 6.0 106.0 103.0 130.0 43.0 53.0
114 219.0 187.0 169.0 4.0 2.0 102.0 100.0 127.0 40.0 50.0
116 257.0 226.0 207.0 39.0 41.0 141.0 139.0 166.0 79.0 89.0

#distancia entre alojamientos y puentes
: 4 13 16 22 25 26 39 49 52 59 62 71 73 74 76 77 78 80 81 84 85 88 92 93 101 105 106 110 114 116:=
127 40.0 38.0 12.0 105.0 123.0 115.0 99.0 140.0 142.0 101.0 109.0 168.0 167.0 124.0 123.0 126.0 125.0 85.0 96.0 113.0 115.0 107.0 209.0 138.0 189.0 204.0 208.0 223.0 219.0 259.0
128 8.0 21.0 45.0 74.0 91.0 83.0 92.0 134.0 135.0 94.0 102.0 137.0 136.0 93.0 91.0 95.0 94.0 54.0 65.0 82.0 83.0 76.0 178.0 106.0 157.0 173.0 177.0 191.0 188.0 228.0
129 28.0 20.0 62.0 75.0 73.0 65.0 105.0 145.0 147.0 105.0 115.0 118.0 118.0 75.0 73.0 77.0 76.0 35.0 47.0 64.0 65.0 57.0 160.0 88.0 139.0 154.0 159.0 173.0 170.0 209.0
131 199.0 192.0 234.0 163.0 161.0 153.0 193.0 223.0 225.0 187.0 196.0 56.0 74.0 109.0 111.0 112.0 109.0 149.0 144.0 120.0 119.0 127.0 19.0 96.0 45.0 22.0 17.0 9.0 4.0 40.0
134 193.0 186.0 227.0 157.0 155.0 147.0 187.0 219.0 221.0 183.0 192.0 49.0 68.0 103.0 104.0 106.0 102.0 143.0 137.0 114.0 112.0 120.0 13.0 90.0 38.0 16.0 11.0 6.0 2.0 42.0
137 104.0 97.0 139.0 76.0 75.0 66.0 107.0 146.0 148.0 106.0 116.0 53.0 40.0 2.0 8.0 6.0 6.0 42.0 37.0 14.0 11.0 20.0 93.0 14.0 68.0 88.0 92.0 107.0 103.0 143.0
140 108.0 101.0 142.0 80.0 78.0 70.0 110.0 150.0 152.0 110.0 120.0 51.0 37.0 5.0 12.0 10.0 9.0 46.0 40.0 17.0 15.0 24.0 91.0 14.0 66.0 86.0 90.0 104.0 101.0 141.0
143 94.0 87.0 128.0 81.0 80.0 71.0 111.0 151.0 153.0 111.0 121.0 79.0 65.0 22.0 27.0 27.0 27.0 32.0 26.0 17.0 17.0 11.0 118.0 36.0 93.0 113.0 117.0 132.0 129.0 168.0
146 167.0 160.0 201.0 130.0 129.0 120.0 160.0 194.0 196.0 158.0 167.0 24.0 45.0 76.0 78.0 80.0 76.0 117.0 111.0 88.0 86.0 94.0 36.0 63.0 16.0 33.0 27.0 43.0 40.0 80.0
147 150.0 143.0 184.0 113.0 112.0 103.0 143.0 179.0 181.0 143.0 152.0 5.0 32.0 61.0 62.0 64.0 60.0 101.0 95.0 72.0 70.0 78.0 41.0 48.0 32.0 35.0 40.0 54.0 51.0 90.0

#distancia entre depositos y puentes
: 4 13 16 22 25 26 39 49 52 59 62 71 73 74 76 77 78 80 81 84 85 88 92 93 101 105 106 110 114 116:=
0 75.0 101.0 77.0 33.0 39.0 32.0 10.0 51.0 53.0 13.0 20.0 130.0 133.0 96.0 89.0 92.0 92.0 96.0 91.0 96.0 97.0 92.0 171.0 104.0 150.0 165.0 170.0 184.0 181.0 208.0
1 125.0 118.0 160.0 96.0 94.0 86.0 126.0 166.0 167.0 125.0 135.0 40.0 26.0 23.0 27.0 27.0 25.0 63.0 58.0 35.0 33.0 41.0 80.0 15.0 54.0 74.0 79.0 93.0 90.0 129.0

#distancia entre puentes y depositos
: 0 1:=
4 75.0 124.0
13 101.0 117.0
16 77.0 158.0
22 33.0 96.0
25 38.0 94.0
26 38.0 93.0
39 10.0 126.0
49 77.0 191.0
52 75.0 190.0
59 12.0 126.0
62 20.0 136.0
71 129.0 39.0
73 132.0 26.0
74 96.0 23.0
76 89.0 27.0
77 92.0 29.0
78 91.0 25.0
80 95.0 62.0
81 97.0 65.0
84 95.0 34.0
85 96.0 32.0
88 91.0 40.0
92 169.0 79.0
93 103.0 15.0
101 149.0 54.0
105 164.0 73.0
106 169.0 78.0
110 182.0 92.0
114 179.0 89.0
116 212.0 127.0

;