set O:= 0 1;
set N:= 4 16 17 20 28 29 37 45 49 50 52 57 63 64 77 84 85 86 88 92 93 98 103 106 114;
set M:= 122 124 126 129 130 131 140 144 146 147;
set K:= 1 2 3 4 5;
param D:= 100;
param Q:= 540;
param v:= 2000000;
param f:= 
122 24000
124 63000
126 68517
129 42028
130 45000
131 73862
140 48596
144 52000
146 78000
147 45000
;
param:	xcoord ycoord w q:=
0 -32.75044 -70.72613 0 1 
1 -33.0433 -71.624 0 1 
4 -32.44056 -71.00665 106 1 
16 -32.21823 -70.82151 78 1 
17 -32.34859 -71.07237 51 1 
20 -32.69998 -70.93128 51 1 
28 -32.86292 -70.94795 99 1 
29 -32.58297 -70.73334 108 1 
37 -32.81691 -70.71195 53 1 
45 -32.74039 -70.64 42 1 
49 -32.90731 -70.28602 104 1 
50 -32.87857 -70.20821 39 1 
52 -32.90338 -70.26912 86 1 
57 -32.89552 -70.6746 98 1 
63 -32.76227 -70.50125 44 1 
64 -32.75022 -70.59169 119 1 
77 -32.9314 -71.47561 30 1 
84 -32.86028 -71.45447 70 1 
85 -32.8625 -71.46772 106 1 
86 -32.86452 -71.49062 87 1 
88 -32.80869 -71.44189 36 1 
92 -33.58655 -71.52943 57 1 
93 -33.01883 -71.50131 58 1 
98 -32.98749 -71.50073 83 1 
103 -33.35491 -71.65289 40 1 
106 -33.53398 -71.59339 54 1 
114 -33.63163 -71.61037 97 1 
122 -32.77961 -70.95976 0 1 
124 -32.85659 -70.41855 0 1 
126 -32.25311 -70.93619 0 1 
129 -32.44456 -71.22894 0 1 
130 -33.65802 -71.56785 0 1 
131 -33.65502 -71.62965 0 1 
140 -32.93024 -71.55027 0 1 
144 -32.77144 -71.53401 0 1 
146 -33.38843 -71.53636 0 1 
147 -33.32534 -71.38598 0 1 
;
param d[*,*]
#distancia de viaje entre puentes
: 4 16 17 20 28 29 37 45 49 50 52 57 63 64 77 84 85 86 88 92 93 98 103 106 114:=
4 0.0 45.0 20.0 62.0 82.0 57.0 84.0 84.0 126.0 134.0 127.0 93.0 101.0 90.0 103.0 90.0 92.0 94.0 84.0 186.0 115.0 110.0 167.0 185.0 196.0
16 45.0 0.0 31.0 94.0 112.0 59.0 87.0 86.0 128.0 136.0 130.0 95.0 103.0 92.0 137.0 124.0 126.0 128.0 118.0 220.0 149.0 144.0 201.0 219.0 230.0
17 20.0 31.0 0.0 82.0 100.0 76.0 104.0 104.0 146.0 154.0 147.0 112.0 121.0 110.0 107.0 94.0 95.0 98.0 88.0 190.0 118.0 114.0 170.0 189.0 200.0
20 62.0 94.0 82.0 0.0 24.0 54.0 47.0 49.0 89.0 98.0 91.0 55.0 66.0 55.0 79.0 82.0 84.0 87.0 79.0 157.0 90.0 86.0 138.0 156.0 167.0
28 82.0 111.0 100.0 23.0 0.0 56.0 43.0 45.0 85.0 93.0 87.0 47.0 62.0 51.0 67.0 70.0 72.0 75.0 67.0 145.0 78.0 74.0 126.0 144.0 155.0
29 57.0 59.0 76.0 54.0 57.0 0.0 32.0 31.0 73.0 81.0 75.0 40.0 48.0 37.0 113.0 117.0 118.0 121.0 113.0 191.0 125.0 120.0 172.0 190.0 202.0
37 84.0 87.0 104.0 47.0 43.0 32.0 0.0 17.0 47.0 55.0 49.0 11.0 27.0 23.0 100.0 103.0 105.0 108.0 100.0 175.0 111.0 107.0 159.0 174.0 183.0
45 83.0 86.0 103.0 49.0 45.0 30.0 17.0 0.0 48.0 56.0 49.0 25.0 18.0 6.0 102.0 106.0 107.0 110.0 102.0 180.0 114.0 109.0 161.0 179.0 191.0
49 151.0 153.0 171.0 115.0 111.0 98.0 73.0 73.0 0.0 8.0 2.0 71.0 72.0 69.0 168.0 171.0 172.0 176.0 167.0 235.0 179.0 174.0 225.0 234.0 243.0
50 133.0 136.0 153.0 97.0 94.0 80.0 55.0 56.0 12.0 0.0 14.0 54.0 55.0 52.0 150.0 154.0 155.0 159.0 150.0 217.0 162.0 157.0 208.0 217.0 226.0
52 149.0 151.0 169.0 113.0 109.0 96.0 71.0 71.0 2.0 7.0 0.0 70.0 70.0 67.0 166.0 169.0 171.0 174.0 166.0 233.0 177.0 173.0 223.0 232.0 241.0
57 93.0 95.0 113.0 55.0 46.0 40.0 11.0 25.0 46.0 55.0 48.0 0.0 26.0 22.0 108.0 112.0 113.0 116.0 108.0 164.0 112.0 115.0 154.0 163.0 172.0
63 101.0 103.0 121.0 66.0 62.0 48.0 27.0 18.0 47.0 55.0 49.0 26.0 0.0 12.0 119.0 122.0 124.0 127.0 119.0 189.0 130.0 126.0 178.0 188.0 198.0
64 89.0 91.0 109.0 54.0 51.0 36.0 23.0 6.0 44.0 52.0 46.0 22.0 12.0 0.0 107.0 111.0 112.0 116.0 107.0 185.0 119.0 114.0 166.0 184.0 193.0
77 104.0 139.0 108.0 79.0 66.0 113.0 100.0 102.0 142.0 150.0 143.0 108.0 119.0 108.0 0.0 13.0 15.0 17.0 20.0 100.0 17.0 12.0 76.0 99.0 110.0
84 91.0 125.0 95.0 82.0 70.0 116.0 103.0 105.0 145.0 153.0 147.0 111.0 122.0 111.0 13.0 0.0 2.0 5.0 6.0 107.0 25.0 20.0 83.0 106.0 118.0
85 95.0 129.0 99.0 83.0 70.0 117.0 104.0 106.0 146.0 154.0 148.0 112.0 123.0 112.0 14.0 4.0 0.0 3.0 10.0 106.0 23.0 19.0 82.0 105.0 116.0
86 95.0 130.0 99.0 85.0 73.0 119.0 106.0 108.0 148.0 157.0 150.0 114.0 125.0 114.0 12.0 6.0 2.0 0.0 12.0 104.0 21.0 17.0 80.0 103.0 114.0
88 85.0 119.0 89.0 78.0 65.0 112.0 99.0 101.0 141.0 149.0 143.0 107.0 118.0 107.0 19.0 6.0 8.0 11.0 0.0 114.0 31.0 26.0 90.0 113.0 124.0
92 185.0 220.0 189.0 156.0 143.0 190.0 177.0 179.0 211.0 220.0 213.0 166.0 192.0 185.0 98.0 107.0 105.0 104.0 113.0 0.0 82.0 87.0 36.0 12.0 16.0
93 115.0 150.0 119.0 90.0 77.0 124.0 111.0 113.0 153.0 161.0 155.0 114.0 130.0 119.0 16.0 24.0 22.0 21.0 31.0 83.0 0.0 4.0 59.0 82.0 93.0
98 111.0 145.0 115.0 85.0 73.0 119.0 106.0 109.0 149.0 157.0 150.0 115.0 126.0 115.0 12.0 20.0 18.0 17.0 26.0 88.0 5.0 0.0 64.0 87.0 98.0
103 166.0 201.0 171.0 137.0 125.0 171.0 158.0 160.0 200.0 208.0 202.0 155.0 177.0 166.0 75.0 83.0 81.0 80.0 89.0 36.0 58.0 63.0 0.0 27.0 40.0
106 185.0 219.0 189.0 156.0 143.0 190.0 177.0 179.0 211.0 219.0 213.0 166.0 191.0 185.0 98.0 106.0 105.0 103.0 113.0 12.0 82.0 86.0 26.0 0.0 13.0
114 195.0 230.0 199.0 166.0 153.0 200.0 185.0 189.0 219.0 228.0 221.0 174.0 200.0 195.0 108.0 117.0 115.0 113.0 123.0 15.0 92.0 96.0 40.0 13.0 0.0

#distancia viaje entre puentes y alojamientos
: 122 124 126 129 130 131 140 144 146 147:=
4 69.0 109.0 39.0 28.0 202.0 200.0 107.0 94.0 166.0 151.0
16 99.0 111.0 12.0 62.0 236.0 234.0 141.0 128.0 200.0 185.0
17 89.0 129.0 20.0 32.0 206.0 204.0 111.0 98.0 170.0 155.0
20 10.0 73.0 101.0 81.0 173.0 171.0 87.0 90.0 137.0 122.0
28 13.0 68.0 118.0 69.0 161.0 159.0 75.0 78.0 125.0 110.0
29 44.0 56.0 71.0 84.0 207.0 205.0 122.0 125.0 171.0 156.0
37 37.0 30.0 99.0 102.0 180.0 187.0 109.0 111.0 156.0 141.0
45 39.0 31.0 98.0 104.0 194.0 194.0 111.0 114.0 160.0 145.0
49 104.0 43.0 165.0 170.0 240.0 247.0 176.0 179.0 216.0 201.0
50 87.0 26.0 148.0 153.0 223.0 230.0 159.0 162.0 199.0 184.0
52 103.0 42.0 164.0 168.0 239.0 245.0 175.0 177.0 215.0 199.0
57 45.0 29.0 107.0 110.0 169.0 176.0 117.0 120.0 145.0 130.0
63 55.0 30.0 115.0 121.0 195.0 201.0 127.0 130.0 171.0 155.0
64 44.0 27.0 103.0 110.0 191.0 197.0 116.0 119.0 166.0 151.0
77 69.0 125.0 127.0 78.0 116.0 114.0 14.0 32.0 79.0 65.0
84 72.0 128.0 114.0 65.0 123.0 121.0 17.0 19.0 87.0 73.0
85 73.0 129.0 118.0 68.0 122.0 120.0 15.0 18.0 86.0 72.0
86 75.0 132.0 118.0 69.0 120.0 118.0 13.0 16.0 83.0 69.0
88 68.0 124.0 108.0 58.0 130.0 128.0 23.0 12.0 94.0 79.0
92 146.0 195.0 208.0 159.0 22.0 20.0 90.0 119.0 36.0 40.0
93 80.0 136.0 138.0 89.0 99.0 97.0 15.0 36.0 63.0 49.0
98 75.0 132.0 134.0 84.0 104.0 102.0 11.0 32.0 67.0 53.0
103 127.0 183.0 189.0 140.0 46.0 44.0 66.0 95.0 16.0 33.0
106 146.0 194.0 208.0 159.0 19.0 17.0 90.0 118.0 27.0 40.0
114 156.0 203.0 218.0 169.0 8.0 4.0 100.0 129.0 40.0 50.0

#distancia entre alojamientos y puentes
: 4 16 17 20 28 29 37 45 49 50 52 57 63 64 77 84 85 86 88 92 93 98 103 106 114:=
122 69.0 99.0 89.0 10.0 13.0 44.0 37.0 39.0 79.0 87.0 81.0 45.0 56.0 45.0 69.0 73.0 74.0 77.0 69.0 147.0 81.0 76.0 128.0 146.0 158.0
124 108.0 111.0 128.0 72.0 69.0 55.0 30.0 31.0 18.0 26.0 19.0 29.0 30.0 27.0 125.0 129.0 130.0 133.0 125.0 192.0 137.0 132.0 183.0 191.0 201.0
126 39.0 13.0 19.0 101.0 118.0 71.0 99.0 99.0 140.0 149.0 142.0 107.0 116.0 105.0 125.0 112.0 114.0 116.0 106.0 208.0 137.0 132.0 189.0 208.0 219.0
129 28.0 62.0 31.0 82.0 69.0 84.0 103.0 105.0 145.0 153.0 147.0 111.0 122.0 111.0 77.0 64.0 65.0 67.0 57.0 160.0 88.0 83.0 140.0 159.0 170.0
130 201.0 236.0 205.0 172.0 159.0 206.0 183.0 195.0 217.0 225.0 219.0 172.0 197.0 193.0 114.0 122.0 121.0 119.0 129.0 21.0 98.0 102.0 45.0 19.0 8.0
131 199.0 234.0 203.0 170.0 157.0 204.0 189.0 193.0 223.0 232.0 225.0 178.0 203.0 199.0 112.0 120.0 119.0 117.0 127.0 19.0 96.0 100.0 43.0 17.0 4.0
140 108.0 142.0 112.0 87.0 75.0 121.0 108.0 110.0 150.0 158.0 152.0 116.0 127.0 116.0 10.0 17.0 15.0 14.0 24.0 91.0 14.0 10.0 67.0 90.0 101.0
144 95.0 129.0 99.0 89.0 77.0 123.0 110.0 113.0 153.0 161.0 154.0 119.0 129.0 118.0 28.0 19.0 18.0 16.0 12.0 120.0 37.0 33.0 96.0 119.0 130.0
146 167.0 201.0 171.0 137.0 125.0 171.0 158.0 160.0 194.0 202.0 196.0 149.0 174.0 166.0 80.0 88.0 86.0 85.0 94.0 36.0 63.0 68.0 15.0 27.0 40.0
147 150.0 184.0 154.0 120.0 108.0 154.0 141.0 143.0 179.0 187.0 181.0 134.0 159.0 149.0 64.0 72.0 70.0 69.0 78.0 41.0 48.0 52.0 33.0 40.0 51.0

#distancia entre depositos y puentes
: 4 16 17 20 28 29 37 45 49 50 52 57 63 64 77 84 85 86 88 92 93 98 103 106 114:=
0 75.0 77.0 95.0 39.0 36.0 22.0 11.0 10.0 51.0 60.0 53.0 19.0 27.0 16.0 92.0 96.0 97.0 101.0 92.0 171.0 104.0 99.0 151.0 170.0 181.0
1 125.0 160.0 130.0 102.0 90.0 136.0 123.0 126.0 166.0 174.0 167.0 127.0 143.0 131.0 27.0 35.0 33.0 31.0 41.0 80.0 15.0 17.0 55.0 79.0 90.0

#distancia entre puentes y depositos
: 0 1:=
4 75.0 124.0
16 77.0 158.0
17 95.0 128.0
20 40.0 103.0
28 35.0 91.0
29 22.0 137.0
37 11.0 124.0
45 10.0 126.0
49 77.0 191.0
50 59.0 174.0
52 75.0 190.0
57 19.0 125.0
63 27.0 143.0
64 15.0 131.0
77 92.0 29.0
84 95.0 34.0
85 96.0 32.0
86 99.0 30.0
88 91.0 40.0
92 169.0 79.0
93 103.0 15.0
98 99.0 17.0
103 150.0 55.0
106 169.0 78.0
114 179.0 89.0

;