set O:= 0 1;
set N:= 8 14 20 22 26 29 33 35 48 77 84 92 105 111 115;
set M:= 122 123 127 130 140;
set K:= 1 2 3;
param D:= 100;
param Q:= 540;
param v:= 2000000;
param f:= 
122 24000
123 26037
127 25694
130 45000
140 48596
;
param:	xcoord ycoord w q:=
0 -32.75044 -70.72613 0 1 
1 -33.0433 -71.624 0 1 
8 -32.44708 -71.19315 110 1 
14 -32.51115 -71.42049 30 1 
20 -32.69998 -70.93128 51 1 
22 -32.75643 -70.94537 48 1 
26 -32.84855 -70.98046 116 1 
29 -32.58297 -70.73334 108 1 
33 -32.62252 -70.72251 72 1 
35 -32.7126 -70.74393 65 1 
48 -32.88608 -70.59211 103 1 
77 -32.9314 -71.47561 30 1 
84 -32.86028 -71.45447 70 1 
92 -33.58655 -71.52943 57 1 
105 -33.53115 -71.54035 119 1 
111 -33.77523 -71.42462 65 1 
115 -33.93803 -71.7365 56 1 
122 -32.77961 -70.95976 0 1 
123 -32.88254 -71.09009 0 1 
127 -32.24898 -70.9333 0 1 
130 -33.65802 -71.56785 0 1 
140 -32.93024 -71.55027 0 1 
;
param d[*,*]
#distancia de viaje entre puentes
: 8 14 20 22 26 29 33 35 48 77 84 92 105 111 115:=
8 0.0 26.0 86.0 79.0 69.0 82.0 84.0 95.0 120.0 81.0 68.0 164.0 158.0 196.0 221.0
14 26.0 0.0 94.0 87.0 78.0 105.0 108.0 112.0 129.0 65.0 52.0 160.0 154.0 192.0 217.0
20 85.0 94.0 0.0 7.0 20.0 54.0 49.0 39.0 61.0 79.0 82.0 157.0 152.0 189.0 214.0
22 78.0 87.0 7.0 0.0 13.0 47.0 42.0 32.0 54.0 72.0 75.0 150.0 145.0 182.0 208.0
26 76.0 85.0 26.0 20.0 0.0 59.0 53.0 42.0 58.0 70.0 73.0 148.0 143.0 180.0 205.0
29 82.0 105.0 54.0 47.0 53.0 0.0 6.0 17.0 45.0 113.0 117.0 191.0 186.0 201.0 243.0
33 84.0 107.0 49.0 42.0 47.0 6.0 0.0 11.0 39.0 107.0 111.0 186.0 180.0 195.0 237.0
35 95.0 112.0 38.0 32.0 36.0 17.0 11.0 0.0 28.0 96.0 100.0 175.0 169.0 184.0 226.0
48 120.0 129.0 61.0 54.0 53.0 45.0 39.0 28.0 0.0 114.0 117.0 172.0 167.0 170.0 212.0
77 82.0 66.0 79.0 72.0 62.0 113.0 107.0 96.0 113.0 0.0 13.0 100.0 94.0 131.0 157.0
84 69.0 53.0 82.0 75.0 65.0 116.0 111.0 100.0 117.0 13.0 0.0 107.0 102.0 139.0 165.0
92 163.0 160.0 156.0 149.0 139.0 190.0 184.0 174.0 175.0 98.0 107.0 0.0 7.0 36.0 63.0
105 158.0 154.0 151.0 144.0 134.0 185.0 179.0 168.0 169.0 93.0 101.0 8.0 0.0 39.0 66.0
111 194.0 191.0 187.0 180.0 170.0 203.0 198.0 187.0 172.0 129.0 138.0 36.0 38.0 0.0 83.0
115 220.0 217.0 213.0 206.0 196.0 247.0 241.0 230.0 215.0 156.0 164.0 63.0 66.0 83.0 0.0

#distancia viaje entre puentes y alojamientos
: 122 123 127 130 140:=
8 76.0 63.0 51.0 180.0 85.0
14 84.0 72.0 72.0 176.0 69.0
20 10.0 36.0 101.0 173.0 87.0
22 4.0 29.0 105.0 166.0 81.0
26 16.0 25.0 122.0 164.0 78.0
29 44.0 69.0 71.0 207.0 122.0
33 38.0 63.0 73.0 202.0 116.0
35 28.0 52.0 84.0 191.0 105.0
48 50.0 69.0 113.0 178.0 122.0
77 69.0 55.0 128.0 116.0 14.0
84 72.0 58.0 115.0 123.0 17.0
92 146.0 132.0 209.0 22.0 90.0
105 141.0 127.0 204.0 25.0 85.0
111 177.0 163.0 240.0 33.0 121.0
115 203.0 190.0 266.0 55.0 147.0

#distancia entre alojamientos y puentes
: 8 14 20 22 26 29 33 35 48 77 84 92 105 111 115:=
122 76.0 84.0 10.0 3.0 10.0 44.0 38.0 28.0 50.0 69.0 73.0 147.0 142.0 179.0 205.0
123 63.0 72.0 36.0 29.0 18.0 69.0 63.0 52.0 69.0 55.0 59.0 133.0 128.0 165.0 191.0
127 51.0 72.0 101.0 105.0 115.0 71.0 73.0 84.0 112.0 126.0 113.0 209.0 204.0 241.0 267.0
130 179.0 175.0 172.0 165.0 155.0 206.0 200.0 189.0 180.0 114.0 122.0 21.0 24.0 33.0 55.0
140 86.0 70.0 87.0 80.0 70.0 121.0 116.0 105.0 122.0 10.0 17.0 91.0 86.0 123.0 148.0

#distancia entre depositos y puentes
: 8 14 20 22 26 29 33 35 48 77 84 92 105 111 115:=
0 99.0 108.0 39.0 33.0 32.0 22.0 16.0 5.0 23.0 92.0 96.0 171.0 165.0 180.0 222.0
1 103.0 87.0 102.0 96.0 86.0 136.0 131.0 120.0 135.0 27.0 35.0 80.0 74.0 111.0 137.0

#distancia entre puentes y depositos
: 0 1:=
8 99.0 102.0
14 108.0 86.0
20 40.0 103.0
22 33.0 96.0
26 38.0 93.0
29 22.0 137.0
33 16.0 131.0
35 5.0 120.0
48 24.0 134.0
77 92.0 29.0
84 95.0 34.0
92 169.0 79.0
105 164.0 73.0
111 183.0 110.0
115 225.0 136.0

;