set O:= 0 1;
set N:= 2 8 13 17 21 29 33 39 44 45 50 51 73 76 78 81 84 85 87 92 100 104 108 115 116;
set M:= 122 123 124 126 129 134 137 140 144 146;
set K:= 1 2 3 4 5;
param D:= 100;
param Q:= 540;
param v:= 2000000;
param f:= 
122 24000
123 26037
124 63000
126 68517
129 42028
134 96841
137 27856
140 48596
144 52000
146 78000
;
param:	xcoord ycoord w q:=
0 -32.75044 -70.72613 0 1 
1 -33.0433 -71.624 0 1 
2 -32.5191 -70.92373 38 1 
8 -32.44708 -71.19315 110 1 
13 -32.34055 -71.17481 99 1 
17 -32.34859 -71.07237 51 1 
21 -32.80094 -70.95847 94 1 
29 -32.58297 -70.73334 108 1 
33 -32.62252 -70.72251 72 1 
39 -32.74002 -70.64044 105 1 
44 -32.76742 -70.61154 38 1 
45 -32.74039 -70.64 42 1 
50 -32.87857 -70.20821 39 1 
51 -32.90645 -70.28716 50 1 
73 -33.20765 -71.57225 80 1 
76 -32.93269 -71.43975 112 1 
78 -32.93288 -71.46643 63 1 
81 -32.68399 -71.39191 70 1 
84 -32.86028 -71.45447 70 1 
85 -32.8625 -71.46772 106 1 
87 -32.83144 -71.47526 89 1 
92 -33.58655 -71.52943 57 1 
100 -33.38903 -71.69158 108 1 
104 -33.61332 -71.40226 39 1 
108 -33.44564 -71.67852 41 1 
115 -33.93803 -71.7365 56 1 
116 -33.88859 -71.64141 97 1 
122 -32.77961 -70.95976 0 1 
123 -32.88254 -71.09009 0 1 
124 -32.85659 -70.41855 0 1 
126 -32.25311 -70.93619 0 1 
129 -32.44456 -71.22894 0 1 
134 -33.61172 -71.60733 0 1 
137 -32.91915 -71.52057 0 1 
140 -32.93024 -71.55027 0 1 
144 -32.77144 -71.53401 0 1 
146 -33.38843 -71.53636 0 1 
;
param d[*,*]
#distancia de viaje entre puentes
: 2 8 13 17 21 29 33 39 44 45 50 51 73 76 78 81 84 85 87 92 100 104 108 115 116:=
2 0.0 41.0 42.0 35.0 56.0 41.0 43.0 69.0 72.0 68.0 118.0 110.0 160.0 115.0 118.0 89.0 106.0 107.0 105.0 200.0 186.0 205.0 193.0 257.0 249.0
8 41.0 0.0 20.0 32.0 75.0 82.0 84.0 109.0 112.0 109.0 157.0 149.0 122.0 77.0 80.0 51.0 68.0 69.0 67.0 164.0 150.0 169.0 157.0 221.0 213.0
13 42.0 20.0 0.0 19.0 90.0 83.0 85.0 110.0 113.0 110.0 160.0 152.0 137.0 93.0 95.0 66.0 83.0 85.0 83.0 179.0 166.0 184.0 172.0 237.0 229.0
17 35.0 31.0 19.0 0.0 91.0 76.0 79.0 104.0 107.0 104.0 154.0 145.0 148.0 103.0 106.0 77.0 94.0 95.0 93.0 190.0 176.0 195.0 183.0 247.0 239.0
21 55.0 74.0 89.0 91.0 0.0 46.0 40.0 37.0 40.0 37.0 85.0 76.0 108.0 64.0 66.0 65.0 71.0 72.0 74.0 146.0 132.0 151.0 139.0 203.0 195.0
29 41.0 82.0 83.0 76.0 46.0 0.0 6.0 31.0 34.0 31.0 81.0 73.0 154.0 110.0 112.0 111.0 117.0 118.0 120.0 191.0 178.0 190.0 185.0 243.0 229.0
33 43.0 84.0 85.0 79.0 40.0 6.0 0.0 25.0 28.0 25.0 75.0 67.0 148.0 104.0 106.0 105.0 111.0 112.0 114.0 186.0 172.0 184.0 179.0 237.0 223.0
39 68.0 109.0 110.0 103.0 36.0 30.0 25.0 0.0 6.0 0.0 56.0 48.0 143.0 99.0 101.0 100.0 106.0 107.0 109.0 180.0 167.0 176.0 174.0 228.0 214.0
44 71.0 112.0 113.0 106.0 40.0 34.0 28.0 6.0 0.0 6.0 53.0 44.0 146.0 102.0 104.0 103.0 109.0 110.0 112.0 183.0 170.0 172.0 177.0 225.0 211.0
45 68.0 109.0 110.0 103.0 36.0 30.0 25.0 0.0 6.0 0.0 56.0 48.0 143.0 99.0 101.0 100.0 106.0 107.0 109.0 180.0 167.0 175.0 174.0 228.0 214.0
50 118.0 157.0 160.0 153.0 85.0 80.0 75.0 56.0 52.0 56.0 0.0 8.0 191.0 147.0 150.0 149.0 154.0 155.0 157.0 217.0 214.0 205.0 218.0 257.0 243.0
51 109.0 148.0 151.0 145.0 76.0 72.0 66.0 47.0 44.0 47.0 8.0 0.0 183.0 139.0 141.0 140.0 145.0 147.0 149.0 209.0 205.0 196.0 209.0 249.0 235.0
73 160.0 122.0 138.0 149.0 108.0 153.0 147.0 142.0 146.0 142.0 190.0 182.0 0.0 44.0 42.0 77.0 54.0 52.0 54.0 66.0 36.0 72.0 43.0 117.0 109.0
76 116.0 78.0 94.0 105.0 64.0 109.0 104.0 98.0 102.0 98.0 147.0 138.0 44.0 0.0 3.0 33.0 10.0 11.0 18.0 98.0 80.0 103.0 87.0 155.0 147.0
78 119.0 81.0 96.0 107.0 67.0 112.0 106.0 101.0 105.0 101.0 149.0 141.0 42.0 3.0 0.0 36.0 12.0 14.0 16.0 96.0 78.0 101.0 85.0 153.0 145.0
81 96.0 59.0 74.0 85.0 73.0 118.0 112.0 107.0 111.0 107.0 155.0 147.0 85.0 40.0 43.0 0.0 31.0 32.0 31.0 138.0 120.0 143.0 127.0 196.0 188.0
84 107.0 69.0 84.0 95.0 71.0 116.0 111.0 105.0 109.0 105.0 153.0 145.0 54.0 10.0 12.0 23.0 0.0 2.0 8.0 107.0 89.0 113.0 96.0 165.0 157.0
85 110.0 73.0 88.0 99.0 72.0 117.0 111.0 106.0 110.0 106.0 154.0 146.0 52.0 10.0 13.0 27.0 4.0 0.0 7.0 106.0 88.0 111.0 94.0 163.0 155.0
87 106.0 69.0 84.0 95.0 74.0 119.0 113.0 108.0 112.0 108.0 156.0 148.0 54.0 17.0 16.0 23.0 10.0 7.0 0.0 108.0 90.0 113.0 96.0 165.0 157.0
92 199.0 163.0 178.0 189.0 145.0 190.0 184.0 179.0 183.0 179.0 220.0 211.0 66.0 97.0 95.0 130.0 107.0 105.0 107.0 0.0 32.0 19.0 26.0 63.0 56.0
100 185.0 150.0 165.0 176.0 132.0 177.0 171.0 166.0 170.0 166.0 214.0 206.0 36.0 79.0 77.0 112.0 88.0 87.0 89.0 32.0 0.0 45.0 7.0 81.0 73.0
104 205.0 169.0 184.0 195.0 151.0 196.0 190.0 185.0 185.0 185.0 217.0 209.0 72.0 103.0 101.0 136.0 112.0 111.0 113.0 18.0 45.0 0.0 38.0 71.0 63.0
108 192.0 157.0 172.0 183.0 139.0 184.0 178.0 173.0 177.0 173.0 220.0 211.0 43.0 86.0 84.0 119.0 95.0 94.0 96.0 25.0 7.0 39.0 0.0 74.0 66.0
115 256.0 220.0 236.0 247.0 202.0 247.0 241.0 231.0 228.0 231.0 260.0 252.0 117.0 154.0 152.0 187.0 164.0 162.0 164.0 63.0 81.0 71.0 74.0 0.0 14.0
116 247.0 212.0 227.0 238.0 193.0 233.0 227.0 218.0 214.0 218.0 247.0 238.0 109.0 145.0 144.0 179.0 155.0 153.0 155.0 54.0 73.0 62.0 66.0 14.0 0.0

#distancia viaje entre puentes y alojamientos
: 122 123 124 126 129 134 137 140 144 146:=
2 53.0 78.0 93.0 54.0 43.0 208.0 119.0 123.0 109.0 180.0
8 76.0 63.0 132.0 50.0 5.0 172.0 81.0 85.0 71.0 144.0
13 91.0 79.0 135.0 38.0 21.0 187.0 96.0 100.0 87.0 159.0
17 89.0 89.0 129.0 20.0 32.0 198.0 107.0 111.0 98.0 170.0
21 2.0 23.0 60.0 110.0 70.0 154.0 72.0 76.0 79.0 126.0
29 44.0 69.0 56.0 71.0 84.0 199.0 118.0 122.0 125.0 171.0
33 38.0 63.0 50.0 74.0 86.0 194.0 112.0 116.0 119.0 165.0
39 39.0 58.0 31.0 98.0 105.0 188.0 107.0 111.0 114.0 160.0
44 42.0 61.0 27.0 101.0 108.0 192.0 110.0 114.0 117.0 163.0
45 39.0 58.0 31.0 98.0 104.0 188.0 107.0 111.0 114.0 160.0
50 87.0 106.0 26.0 148.0 153.0 226.0 155.0 159.0 162.0 199.0
51 79.0 97.0 18.0 140.0 144.0 217.0 147.0 151.0 153.0 191.0
73 109.0 95.0 165.0 168.0 118.0 68.0 39.0 37.0 66.0 46.0
76 65.0 51.0 121.0 124.0 74.0 106.0 8.0 12.0 28.0 78.0
78 68.0 54.0 124.0 126.0 77.0 104.0 6.0 10.0 28.0 76.0
81 74.0 61.0 130.0 104.0 54.0 146.0 44.0 48.0 35.0 118.0
84 72.0 58.0 128.0 114.0 65.0 115.0 13.0 17.0 19.0 87.0
85 73.0 59.0 129.0 118.0 68.0 114.0 11.0 15.0 18.0 86.0
87 75.0 62.0 131.0 114.0 64.0 116.0 13.0 17.0 12.0 88.0
92 146.0 132.0 195.0 208.0 159.0 14.0 92.0 90.0 119.0 36.0
100 133.0 119.0 189.0 195.0 146.0 31.0 74.0 72.0 101.0 17.0
104 152.0 138.0 192.0 214.0 165.0 24.0 98.0 96.0 125.0 44.0
108 140.0 126.0 195.0 202.0 153.0 24.0 81.0 79.0 107.0 17.0
115 203.0 190.0 235.0 265.0 216.0 50.0 150.0 147.0 176.0 87.0
116 194.0 181.0 222.0 257.0 207.0 41.0 141.0 139.0 167.0 79.0

#distancia entre alojamientos y puentes
: 2 8 13 17 21 29 33 39 44 45 50 51 73 76 78 81 84 85 87 92 100 104 108 115 116:=
122 53.0 76.0 91.0 89.0 2.0 44.0 38.0 39.0 43.0 39.0 87.0 79.0 110.0 66.0 68.0 67.0 73.0 74.0 76.0 147.0 134.0 153.0 141.0 205.0 197.0
123 79.0 63.0 78.0 89.0 23.0 69.0 63.0 58.0 61.0 58.0 106.0 98.0 96.0 52.0 54.0 54.0 59.0 60.0 62.0 133.0 120.0 139.0 127.0 191.0 183.0
124 93.0 132.0 135.0 128.0 60.0 55.0 50.0 31.0 27.0 31.0 26.0 18.0 166.0 122.0 124.0 123.0 129.0 130.0 132.0 192.0 189.0 179.0 193.0 232.0 218.0
126 54.0 50.0 38.0 19.0 110.0 71.0 74.0 99.0 102.0 99.0 149.0 140.0 166.0 122.0 124.0 96.0 112.0 114.0 112.0 208.0 195.0 214.0 202.0 266.0 258.0
129 43.0 5.0 20.0 31.0 71.0 84.0 86.0 105.0 109.0 105.0 153.0 145.0 118.0 73.0 76.0 47.0 64.0 65.0 63.0 160.0 146.0 165.0 153.0 217.0 209.0
134 206.0 170.0 186.0 197.0 152.0 197.0 192.0 187.0 190.0 187.0 227.0 219.0 68.0 104.0 102.0 137.0 114.0 112.0 114.0 13.0 32.0 24.0 25.0 50.0 42.0
137 120.0 82.0 97.0 108.0 72.0 117.0 112.0 107.0 110.0 107.0 155.0 146.0 40.0 8.0 6.0 37.0 14.0 11.0 13.0 93.0 75.0 99.0 82.0 151.0 143.0
140 123.0 86.0 101.0 112.0 76.0 121.0 116.0 110.0 114.0 110.0 158.0 150.0 37.0 12.0 9.0 40.0 17.0 15.0 17.0 91.0 73.0 96.0 80.0 148.0 141.0
144 110.0 73.0 88.0 99.0 78.0 123.0 118.0 113.0 116.0 113.0 161.0 152.0 66.0 28.0 28.0 27.0 19.0 18.0 12.0 120.0 101.0 125.0 108.0 177.0 169.0
146 180.0 144.0 160.0 171.0 126.0 171.0 166.0 160.0 164.0 160.0 202.0 194.0 45.0 78.0 76.0 111.0 88.0 86.0 88.0 36.0 18.0 43.0 19.0 87.0 80.0

#distancia entre depositos y puentes
: 2 8 13 17 21 29 33 39 44 45 50 51 73 76 78 81 84 85 87 92 100 104 108 115 116:=
0 60.0 99.0 101.0 95.0 27.0 22.0 16.0 10.0 14.0 10.0 60.0 51.0 133.0 89.0 92.0 91.0 96.0 97.0 99.0 171.0 157.0 170.0 164.0 222.0 208.0
1 141.0 103.0 118.0 130.0 91.0 136.0 131.0 126.0 129.0 126.0 174.0 165.0 26.0 27.0 25.0 58.0 35.0 33.0 35.0 80.0 61.0 85.0 68.0 137.0 129.0

#distancia entre puentes y depositos
: 0 1:=
2 59.0 140.0
8 99.0 102.0
13 101.0 117.0
17 95.0 128.0
21 27.0 91.0
29 22.0 137.0
33 16.0 131.0
39 10.0 126.0
44 13.0 129.0
45 10.0 126.0
50 59.0 174.0
51 51.0 166.0
73 132.0 26.0
76 89.0 27.0
78 91.0 25.0
81 97.0 65.0
84 95.0 34.0
85 96.0 32.0
87 98.0 34.0
92 169.0 79.0
100 156.0 60.0
104 175.0 85.0
108 163.0 67.0
115 225.0 136.0
116 212.0 127.0

;