set O:= 0 1;
set N:= 2 4 8 10 13 15 16 20 22 25 26 32 35 37 39 44 48 51 57 63 71 74 77 78 80 81 84 92 96 98 100 103 105 106 107 109 110 114 115 119;
set M:= 122 123 126 127 128 129 130 134 137 140;
set K:= 1 2 3 4 5;
param D:= 100;
param Q:= 540;
param v:= 2000000;
param f:= 
122 24000
123 26037
126 68517
127 25694
128 39740
129 42028
130 45000
134 96841
137 27856
140 48596
;
param:	xcoord ycoord w q:=
0 -32.75044 -70.72613 0 1 
1 -33.0433 -71.624 0 1 
2 -32.5191 -70.92373 38 1 
4 -32.44056 -71.00665 106 1 
8 -32.44708 -71.19315 110 1 
10 -32.43335 -71.23322 48 1 
13 -32.34055 -71.17481 99 1 
15 -32.44511 -71.32299 71 1 
16 -32.21823 -70.82151 78 1 
20 -32.69998 -70.93128 51 1 
22 -32.75643 -70.94537 48 1 
25 -32.86219 -70.89013 69 1 
26 -32.84855 -70.98046 116 1 
32 -32.66447 -70.697 94 1 
35 -32.7126 -70.74393 65 1 
37 -32.81691 -70.71195 53 1 
39 -32.74002 -70.64044 105 1 
44 -32.76742 -70.61154 38 1 
48 -32.88608 -70.59211 103 1 
51 -32.90645 -70.28716 50 1 
57 -32.89552 -70.6746 98 1 
63 -32.76227 -70.50125 44 1 
71 -33.29475 -71.41066 32 1 
74 -32.91961 -71.50488 57 1 
77 -32.9314 -71.47561 30 1 
78 -32.93288 -71.46643 63 1 
80 -32.63102 -71.41979 41 1 
81 -32.68399 -71.39191 70 1 
84 -32.86028 -71.45447 70 1 
92 -33.58655 -71.52943 57 1 
96 -32.99633 -71.50138 105 1 
98 -32.98749 -71.50073 83 1 
100 -33.38903 -71.69158 108 1 
103 -33.35491 -71.65289 40 1 
105 -33.53115 -71.54035 119 1 
106 -33.53398 -71.59339 54 1 
107 -33.42116 -71.69462 116 1 
109 -33.44473 -71.67916 117 1 
110 -33.63989 -71.57131 49 1 
114 -33.63163 -71.61037 97 1 
115 -33.93803 -71.7365 56 1 
119 -33.8283 -71.64323 81 1 
122 -32.77961 -70.95976 0 1 
123 -32.88254 -71.09009 0 1 
126 -32.25311 -70.93619 0 1 
127 -32.24898 -70.9333 0 1 
128 -32.43019 -71.07467 0 1 
129 -32.44456 -71.22894 0 1 
130 -33.65802 -71.56785 0 1 
134 -33.61172 -71.60733 0 1 
137 -32.91915 -71.52057 0 1 
140 -32.93024 -71.55027 0 1 
;
param d[*,*]
#distancia de viaje entre puentes
: 2 4 8 10 13 15 16 20 22 25 26 32 35 37 39 44 48 51 57 63 71 74 77 78 80 81 84 92 96 98 100 103 105 106 107 109 110 114 115 119:=
2 0.0 16.0 41.0 45.0 42.0 52.0 48.0 46.0 50.0 70.0 63.0 50.0 54.0 69.0 69.0 72.0 82.0 110.0 77.0 86.0 159.0 117.0 119.0 118.0 78.0 89.0 106.0 200.0 129.0 126.0 186.0 180.0 194.0 199.0 190.0 193.0 213.0 210.0 257.0 239.0
4 16.0 0.0 25.0 29.0 27.0 36.0 45.0 62.0 66.0 85.0 78.0 66.0 70.0 84.0 84.0 87.0 98.0 126.0 93.0 101.0 145.0 101.0 103.0 102.0 62.0 73.0 90.0 186.0 114.0 110.0 173.0 167.0 181.0 185.0 176.0 179.0 200.0 196.0 244.0 225.0
8 41.0 25.0 0.0 4.0 20.0 14.0 62.0 86.0 79.0 77.0 69.0 91.0 95.0 107.0 109.0 112.0 120.0 149.0 115.0 126.0 122.0 79.0 81.0 80.0 40.0 51.0 68.0 164.0 91.0 88.0 150.0 144.0 158.0 163.0 154.0 157.0 177.0 174.0 221.0 203.0
10 45.0 30.0 4.0 0.0 19.0 11.0 60.0 83.0 76.0 75.0 66.0 95.0 100.0 104.0 106.0 110.0 118.0 146.0 112.0 123.0 120.0 76.0 78.0 77.0 37.0 48.0 65.0 161.0 88.0 85.0 148.0 142.0 156.0 160.0 151.0 154.0 175.0 171.0 219.0 200.0
13 42.0 27.0 20.0 19.0 0.0 29.0 50.0 88.0 92.0 93.0 84.0 92.0 96.0 111.0 110.0 113.0 124.0 152.0 119.0 127.0 138.0 94.0 96.0 95.0 55.0 66.0 83.0 179.0 106.0 103.0 166.0 160.0 174.0 178.0 169.0 172.0 193.0 189.0 237.0 218.0
15 52.0 37.0 14.0 11.0 30.0 0.0 71.0 82.0 76.0 74.0 66.0 102.0 100.0 103.0 106.0 109.0 117.0 145.0 112.0 123.0 119.0 76.0 78.0 77.0 36.0 48.0 65.0 160.0 88.0 84.0 147.0 141.0 155.0 159.0 151.0 154.0 174.0 171.0 218.0 199.0
16 48.0 45.0 62.0 60.0 49.0 70.0 0.0 94.0 98.0 115.0 108.0 68.0 72.0 87.0 86.0 89.0 100.0 128.0 95.0 103.0 179.0 135.0 137.0 136.0 96.0 107.0 124.0 220.0 147.0 144.0 207.0 201.0 215.0 219.0 210.0 213.0 234.0 230.0 278.0 259.0
20 46.0 62.0 85.0 83.0 88.0 82.0 94.0 0.0 7.0 27.0 20.0 48.0 39.0 47.0 50.0 53.0 61.0 89.0 55.0 66.0 116.0 82.0 79.0 78.0 83.0 77.0 82.0 157.0 89.0 86.0 143.0 138.0 152.0 156.0 147.0 150.0 170.0 167.0 214.0 196.0
22 50.0 66.0 78.0 76.0 92.0 75.0 98.0 7.0 0.0 20.0 13.0 41.0 32.0 40.0 43.0 46.0 54.0 82.0 48.0 59.0 109.0 75.0 72.0 71.0 76.0 70.0 75.0 150.0 82.0 79.0 137.0 131.0 145.0 149.0 140.0 143.0 164.0 160.0 208.0 189.0
25 70.0 85.0 77.0 74.0 92.0 74.0 115.0 27.0 20.0 0.0 10.0 52.0 43.0 46.0 48.0 52.0 53.0 88.0 44.0 65.0 108.0 74.0 71.0 70.0 75.0 69.0 74.0 149.0 81.0 78.0 135.0 130.0 144.0 148.0 139.0 142.0 162.0 159.0 206.0 188.0
26 69.0 85.0 76.0 73.0 92.0 73.0 114.0 26.0 20.0 9.0 0.0 51.0 42.0 46.0 48.0 52.0 58.0 88.0 49.0 65.0 107.0 73.0 70.0 69.0 74.0 68.0 73.0 148.0 80.0 77.0 134.0 129.0 143.0 147.0 138.0 141.0 161.0 158.0 205.0 187.0
32 50.0 66.0 91.0 95.0 92.0 102.0 68.0 47.0 41.0 52.0 45.0 0.0 9.0 24.0 23.0 26.0 37.0 65.0 32.0 40.0 142.0 109.0 105.0 104.0 109.0 103.0 109.0 184.0 116.0 112.0 170.0 164.0 178.0 183.0 174.0 177.0 197.0 194.0 235.0 223.0
35 54.0 70.0 95.0 99.0 96.0 99.0 72.0 38.0 32.0 43.0 36.0 9.0 0.0 15.0 14.0 17.0 28.0 56.0 23.0 31.0 133.0 100.0 96.0 95.0 100.0 94.0 100.0 175.0 107.0 103.0 161.0 155.0 169.0 174.0 165.0 168.0 188.0 185.0 226.0 214.0
37 69.0 84.0 106.0 104.0 111.0 103.0 87.0 47.0 40.0 47.0 40.0 24.0 15.0 0.0 17.0 21.0 17.0 47.0 11.0 27.0 137.0 103.0 100.0 99.0 104.0 98.0 103.0 175.0 110.0 107.0 165.0 159.0 169.0 174.0 168.0 171.0 178.0 183.0 214.0 204.0
39 68.0 83.0 109.0 106.0 110.0 105.0 86.0 49.0 42.0 49.0 42.0 23.0 14.0 17.0 0.0 6.0 22.0 48.0 25.0 18.0 139.0 106.0 102.0 101.0 106.0 100.0 106.0 180.0 113.0 109.0 167.0 161.0 175.0 180.0 171.0 174.0 191.0 191.0 228.0 219.0
44 71.0 87.0 112.0 109.0 113.0 108.0 89.0 52.0 45.0 52.0 45.0 26.0 17.0 20.0 6.0 0.0 18.0 44.0 22.0 15.0 142.0 109.0 105.0 104.0 109.0 103.0 109.0 183.0 116.0 112.0 170.0 164.0 178.0 183.0 174.0 177.0 188.0 193.0 225.0 215.0
48 83.0 98.0 120.0 117.0 124.0 117.0 100.0 61.0 54.0 52.0 53.0 37.0 28.0 17.0 21.0 18.0 0.0 40.0 9.0 22.0 141.0 117.0 114.0 113.0 117.0 112.0 117.0 172.0 124.0 120.0 169.0 163.0 167.0 172.0 172.0 173.0 176.0 181.0 212.0 202.0
51 109.0 125.0 148.0 146.0 151.0 145.0 127.0 89.0 82.0 89.0 82.0 64.0 55.0 47.0 47.0 44.0 40.0 0.0 46.0 46.0 178.0 146.0 142.0 141.0 146.0 140.0 145.0 209.0 152.0 149.0 205.0 199.0 204.0 208.0 208.0 209.0 212.0 217.0 249.0 239.0
57 77.0 93.0 114.0 112.0 119.0 111.0 95.0 55.0 48.0 44.0 48.0 32.0 23.0 11.0 25.0 22.0 9.0 46.0 0.0 26.0 132.0 112.0 108.0 107.0 112.0 106.0 112.0 164.0 116.0 115.0 160.0 154.0 158.0 163.0 163.0 164.0 167.0 172.0 203.0 193.0
63 85.0 101.0 125.0 123.0 127.0 122.0 103.0 66.0 59.0 65.0 59.0 40.0 31.0 27.0 18.0 15.0 22.0 47.0 26.0 0.0 156.0 122.0 119.0 118.0 123.0 117.0 122.0 189.0 129.0 126.0 183.0 178.0 184.0 188.0 187.0 190.0 192.0 198.0 229.0 219.0
71 158.0 145.0 122.0 120.0 138.0 119.0 179.0 115.0 108.0 107.0 98.0 142.0 133.0 136.0 138.0 142.0 142.0 178.0 133.0 155.0 0.0 56.0 59.0 55.0 96.0 90.0 67.0 42.0 46.0 47.0 37.0 31.0 37.0 42.0 41.0 43.0 56.0 53.0 100.0 81.0
74 118.0 103.0 80.0 77.0 96.0 77.0 137.0 82.0 75.0 74.0 65.0 109.0 100.0 103.0 106.0 109.0 117.0 145.0 111.0 122.0 56.0 0.0 5.0 5.0 40.0 35.0 12.0 96.0 12.0 9.0 78.0 72.0 91.0 95.0 82.0 85.0 110.0 106.0 154.0 135.0
77 120.0 104.0 82.0 79.0 97.0 79.0 139.0 79.0 72.0 70.0 62.0 105.0 96.0 100.0 102.0 106.0 113.0 142.0 108.0 119.0 60.0 9.0 0.0 1.0 42.0 37.0 13.0 100.0 15.0 12.0 81.0 76.0 94.0 99.0 85.0 88.0 113.0 110.0 157.0 139.0
78 119.0 103.0 81.0 78.0 96.0 78.0 138.0 78.0 71.0 69.0 61.0 104.0 95.0 99.0 101.0 105.0 112.0 141.0 107.0 118.0 56.0 4.0 1.0 0.0 41.0 36.0 12.0 96.0 12.0 9.0 78.0 72.0 91.0 95.0 81.0 84.0 109.0 106.0 153.0 135.0
80 77.0 62.0 40.0 37.0 55.0 36.0 96.0 81.0 75.0 73.0 65.0 108.0 99.0 102.0 105.0 108.0 116.0 144.0 111.0 122.0 96.0 39.0 41.0 40.0 0.0 11.0 28.0 136.0 51.0 48.0 117.0 112.0 130.0 135.0 121.0 124.0 149.0 146.0 193.0 175.0
81 96.0 81.0 59.0 56.0 74.0 55.0 115.0 84.0 77.0 75.0 67.0 110.0 101.0 105.0 107.0 111.0 118.0 147.0 113.0 124.0 98.0 42.0 44.0 43.0 19.0 0.0 31.0 138.0 54.0 51.0 120.0 114.0 133.0 137.0 124.0 127.0 152.0 148.0 196.0 177.0
84 107.0 91.0 69.0 66.0 84.0 65.0 125.0 82.0 75.0 73.0 65.0 108.0 100.0 103.0 105.0 109.0 117.0 145.0 111.0 122.0 68.0 11.0 13.0 12.0 29.0 23.0 0.0 107.0 23.0 20.0 89.0 83.0 102.0 106.0 93.0 96.0 121.0 118.0 165.0 146.0
92 199.0 185.0 163.0 160.0 178.0 160.0 220.0 156.0 149.0 147.0 139.0 182.0 174.0 177.0 179.0 183.0 175.0 211.0 166.0 192.0 42.0 95.0 98.0 95.0 136.0 130.0 107.0 0.0 86.0 87.0 32.0 36.0 7.0 12.0 29.0 26.0 19.0 16.0 63.0 45.0
96 127.0 112.0 89.0 87.0 105.0 86.0 146.0 87.0 80.0 78.0 70.0 113.0 104.0 108.0 110.0 114.0 121.0 150.0 116.0 127.0 49.0 9.0 13.0 9.0 50.0 44.0 21.0 89.0 0.0 2.0 71.0 65.0 84.0 88.0 75.0 78.0 103.0 99.0 147.0 128.0
98 126.0 111.0 89.0 86.0 104.0 85.0 145.0 85.0 79.0 77.0 69.0 112.0 103.0 106.0 109.0 112.0 120.0 148.0 115.0 126.0 48.0 8.0 12.0 8.0 49.0 43.0 20.0 88.0 4.0 0.0 69.0 64.0 82.0 87.0 73.0 76.0 101.0 98.0 145.0 127.0
100 185.0 172.0 150.0 147.0 165.0 146.0 207.0 143.0 136.0 134.0 126.0 169.0 160.0 164.0 166.0 170.0 169.0 206.0 161.0 183.0 37.0 77.0 80.0 77.0 118.0 112.0 88.0 32.0 68.0 68.0 0.0 6.0 28.0 21.0 4.0 7.0 37.0 33.0 81.0 62.0
103 180.0 166.0 144.0 141.0 159.0 141.0 201.0 137.0 130.0 128.0 120.0 163.0 155.0 158.0 160.0 164.0 163.0 200.0 155.0 177.0 31.0 71.0 75.0 71.0 112.0 106.0 83.0 36.0 62.0 63.0 6.0 0.0 33.0 27.0 10.0 13.0 43.0 40.0 87.0 69.0
105 193.0 180.0 158.0 155.0 173.0 154.0 214.0 151.0 144.0 142.0 134.0 177.0 168.0 171.0 174.0 177.0 169.0 206.0 161.0 186.0 37.0 90.0 93.0 90.0 130.0 125.0 101.0 8.0 81.0 81.0 28.0 32.0 0.0 7.0 24.0 21.0 22.0 19.0 66.0 48.0
106 198.0 185.0 163.0 160.0 178.0 159.0 219.0 156.0 149.0 147.0 139.0 182.0 173.0 177.0 179.0 183.0 174.0 211.0 166.0 191.0 42.0 95.0 98.0 95.0 135.0 130.0 106.0 12.0 86.0 86.0 21.0 26.0 7.0 0.0 17.0 14.0 16.0 13.0 60.0 42.0
107 189.0 176.0 154.0 151.0 169.0 150.0 210.0 146.0 140.0 138.0 130.0 173.0 164.0 167.0 170.0 173.0 173.0 209.0 164.0 187.0 41.0 81.0 84.0 81.0 121.0 116.0 92.0 29.0 72.0 72.0 4.0 9.0 24.0 17.0 0.0 3.0 33.0 30.0 77.0 59.0
109 192.0 179.0 157.0 154.0 172.0 153.0 213.0 149.0 143.0 141.0 133.0 176.0 167.0 170.0 173.0 176.0 175.0 211.0 166.0 190.0 42.0 84.0 87.0 84.0 124.0 119.0 95.0 26.0 75.0 75.0 7.0 13.0 21.0 14.0 3.0 0.0 30.0 27.0 74.0 56.0
110 212.0 198.0 176.0 173.0 191.0 173.0 233.0 169.0 162.0 160.0 152.0 195.0 187.0 180.0 192.0 190.0 178.0 214.0 169.0 194.0 55.0 108.0 111.0 108.0 149.0 143.0 120.0 19.0 99.0 100.0 37.0 43.0 22.0 17.0 33.0 30.0 0.0 5.0 52.0 34.0
114 209.0 195.0 173.0 170.0 188.0 170.0 230.0 166.0 159.0 157.0 149.0 192.0 183.0 185.0 189.0 193.0 183.0 219.0 174.0 200.0 52.0 105.0 108.0 105.0 146.0 140.0 117.0 15.0 96.0 96.0 34.0 40.0 19.0 13.0 30.0 27.0 5.0 0.0 47.0 29.0
115 256.0 243.0 220.0 218.0 236.0 217.0 277.0 213.0 206.0 205.0 196.0 238.0 230.0 218.0 231.0 228.0 215.0 252.0 207.0 232.0 99.0 152.0 156.0 152.0 193.0 187.0 164.0 63.0 143.0 144.0 81.0 87.0 66.0 61.0 77.0 74.0 52.0 47.0 0.0 18.0
119 237.0 224.0 202.0 199.0 217.0 198.0 259.0 195.0 188.0 186.0 178.0 221.0 212.0 208.0 218.0 218.0 205.0 242.0 196.0 222.0 81.0 134.0 137.0 134.0 174.0 169.0 145.0 44.0 125.0 125.0 63.0 68.0 47.0 42.0 59.0 56.0 34.0 29.0 18.0 0.0

#distancia viaje entre puentes y alojamientos
: 122 123 126 127 128 129 130 134 137 140:=
2 53.0 78.0 54.0 55.0 24.0 43.0 216.0 208.0 119.0 123.0
4 69.0 86.0 39.0 40.0 8.0 28.0 202.0 194.0 103.0 107.0
8 76.0 63.0 50.0 51.0 17.0 5.0 180.0 172.0 81.0 85.0
10 73.0 61.0 49.0 49.0 21.0 3.0 177.0 169.0 78.0 82.0
13 91.0 79.0 38.0 39.0 21.0 21.0 195.0 187.0 96.0 100.0
15 72.0 60.0 59.0 60.0 28.0 10.0 176.0 168.0 78.0 81.0
16 99.0 120.0 12.0 12.0 45.0 62.0 236.0 228.0 137.0 141.0
20 10.0 36.0 101.0 101.0 70.0 81.0 173.0 165.0 83.0 87.0
22 4.0 29.0 104.0 105.0 74.0 74.0 166.0 158.0 77.0 81.0
25 16.0 26.0 122.0 123.0 91.0 73.0 165.0 157.0 75.0 79.0
26 16.0 25.0 121.0 122.0 90.0 72.0 164.0 156.0 74.0 78.0
32 37.0 61.0 80.0 80.0 74.0 93.0 200.0 192.0 110.0 114.0
35 28.0 52.0 84.0 84.0 78.0 97.0 191.0 183.0 101.0 105.0
37 37.0 55.0 99.0 99.0 93.0 102.0 180.0 183.0 105.0 109.0
39 39.0 58.0 98.0 98.0 92.0 105.0 194.0 188.0 107.0 111.0
44 42.0 61.0 101.0 101.0 95.0 108.0 191.0 192.0 110.0 114.0
48 50.0 69.0 113.0 113.0 106.0 116.0 178.0 180.0 118.0 122.0
51 79.0 97.0 140.0 139.0 133.0 144.0 215.0 217.0 147.0 151.0
57 45.0 64.0 107.0 107.0 101.0 110.0 169.0 172.0 113.0 117.0
63 55.0 74.0 115.0 115.0 109.0 121.0 195.0 197.0 123.0 127.0
71 105.0 92.0 168.0 168.0 136.0 118.0 59.0 50.0 53.0 51.0
74 72.0 58.0 125.0 126.0 94.0 76.0 112.0 104.0 2.0 6.0
77 69.0 55.0 127.0 128.0 96.0 78.0 116.0 108.0 10.0 14.0
78 68.0 54.0 126.0 127.0 95.0 77.0 112.0 104.0 6.0 10.0
80 71.0 59.0 85.0 85.0 54.0 36.0 152.0 144.0 41.0 45.0
81 74.0 61.0 104.0 104.0 73.0 54.0 154.0 146.0 44.0 48.0
84 72.0 58.0 114.0 115.0 83.0 65.0 123.0 115.0 13.0 17.0
92 146.0 132.0 208.0 209.0 177.0 159.0 22.0 14.0 92.0 90.0
96 77.0 63.0 135.0 135.0 104.0 85.0 105.0 97.0 10.0 12.0
98 75.0 61.0 134.0 134.0 103.0 84.0 104.0 96.0 9.0 11.0
100 133.0 119.0 195.0 196.0 164.0 146.0 39.0 31.0 74.0 72.0
103 127.0 114.0 189.0 190.0 158.0 140.0 46.0 38.0 69.0 66.0
105 141.0 127.0 203.0 204.0 172.0 154.0 25.0 17.0 87.0 85.0
106 146.0 132.0 208.0 209.0 177.0 159.0 19.0 11.0 92.0 90.0
107 136.0 123.0 199.0 199.0 168.0 149.0 36.0 28.0 78.0 76.0
109 139.0 126.0 202.0 202.0 171.0 152.0 33.0 25.0 81.0 79.0
110 159.0 146.0 221.0 222.0 190.0 172.0 3.0 6.0 106.0 103.0
114 156.0 142.0 218.0 219.0 187.0 169.0 8.0 2.0 102.0 100.0
115 203.0 190.0 265.0 266.0 234.0 216.0 55.0 50.0 150.0 147.0
119 185.0 171.0 247.0 248.0 216.0 198.0 37.0 31.0 131.0 129.0

#distancia entre alojamientos y puentes
: 2 4 8 10 13 15 16 20 22 25 26 32 35 37 39 44 48 51 57 63 71 74 77 78 80 81 84 92 96 98 100 103 105 106 107 109 110 114 115 119:=
122 53.0 69.0 76.0 73.0 91.0 72.0 99.0 10.0 3.0 16.0 10.0 37.0 28.0 37.0 39.0 43.0 50.0 79.0 45.0 56.0 106.0 73.0 69.0 68.0 73.0 67.0 73.0 147.0 79.0 76.0 134.0 128.0 142.0 146.0 138.0 141.0 161.0 158.0 205.0 186.0
123 79.0 85.0 63.0 60.0 78.0 60.0 120.0 36.0 29.0 26.0 18.0 61.0 52.0 55.0 58.0 61.0 69.0 98.0 64.0 75.0 92.0 59.0 55.0 54.0 60.0 54.0 59.0 133.0 65.0 62.0 120.0 114.0 128.0 132.0 124.0 127.0 147.0 144.0 191.0 172.0
126 54.0 39.0 50.0 48.0 38.0 59.0 13.0 101.0 104.0 122.0 114.0 81.0 85.0 99.0 99.0 102.0 113.0 140.0 107.0 116.0 167.0 124.0 125.0 124.0 84.0 96.0 112.0 208.0 136.0 132.0 195.0 189.0 203.0 208.0 199.0 202.0 222.0 219.0 266.0 247.0
127 55.0 40.0 51.0 49.0 38.0 59.0 12.0 101.0 105.0 123.0 115.0 80.0 84.0 99.0 99.0 102.0 112.0 140.0 107.0 116.0 168.0 124.0 126.0 125.0 85.0 96.0 113.0 209.0 137.0 133.0 196.0 190.0 204.0 208.0 199.0 202.0 223.0 219.0 267.0 248.0
128 24.0 8.0 17.0 21.0 21.0 28.0 45.0 70.0 74.0 91.0 83.0 74.0 78.0 93.0 92.0 95.0 106.0 134.0 101.0 109.0 137.0 93.0 95.0 94.0 54.0 65.0 82.0 178.0 105.0 102.0 164.0 159.0 173.0 177.0 168.0 171.0 191.0 188.0 235.0 217.0
129 43.0 28.0 5.0 2.0 20.0 10.0 62.0 82.0 75.0 73.0 65.0 93.0 97.0 103.0 105.0 109.0 116.0 145.0 111.0 122.0 118.0 75.0 77.0 76.0 35.0 47.0 64.0 160.0 87.0 83.0 146.0 140.0 154.0 159.0 150.0 153.0 173.0 170.0 217.0 199.0
130 214.0 201.0 179.0 176.0 194.0 175.0 236.0 172.0 165.0 163.0 155.0 198.0 189.0 183.0 195.0 193.0 180.0 217.0 172.0 197.0 58.0 111.0 114.0 111.0 151.0 146.0 122.0 21.0 102.0 102.0 40.0 45.0 24.0 19.0 36.0 33.0 3.0 8.0 55.0 37.0
134 206.0 193.0 170.0 168.0 186.0 167.0 227.0 163.0 157.0 155.0 147.0 190.0 181.0 184.0 187.0 190.0 182.0 219.0 174.0 199.0 49.0 103.0 106.0 102.0 143.0 137.0 114.0 13.0 93.0 94.0 32.0 37.0 16.0 11.0 28.0 25.0 6.0 2.0 50.0 31.0
137 120.0 104.0 82.0 79.0 97.0 79.0 139.0 83.0 76.0 75.0 66.0 110.0 101.0 104.0 107.0 110.0 118.0 146.0 112.0 123.0 53.0 2.0 6.0 6.0 42.0 37.0 14.0 93.0 12.0 10.0 75.0 69.0 88.0 92.0 79.0 82.0 107.0 103.0 151.0 132.0
140 123.0 108.0 86.0 83.0 101.0 82.0 142.0 87.0 80.0 78.0 70.0 113.0 105.0 108.0 110.0 114.0 122.0 150.0 116.0 127.0 51.0 5.0 10.0 9.0 46.0 40.0 17.0 91.0 13.0 10.0 73.0 67.0 86.0 90.0 77.0 80.0 104.0 101.0 148.0 130.0

#distancia entre depositos y puentes
: 2 4 8 10 13 15 16 20 22 25 26 32 35 37 39 44 48 51 57 63 71 74 77 78 80 81 84 92 96 98 100 103 105 106 107 109 110 114 115 119:=
0 60.0 75.0 99.0 96.0 101.0 96.0 77.0 39.0 33.0 39.0 32.0 14.0 5.0 11.0 10.0 14.0 23.0 51.0 19.0 27.0 130.0 96.0 92.0 92.0 96.0 91.0 96.0 171.0 103.0 99.0 157.0 151.0 165.0 170.0 161.0 164.0 184.0 181.0 222.0 210.0
1 141.0 125.0 103.0 100.0 118.0 100.0 160.0 102.0 96.0 94.0 86.0 129.0 120.0 123.0 126.0 129.0 135.0 165.0 127.0 143.0 40.0 23.0 27.0 25.0 63.0 58.0 35.0 80.0 16.0 17.0 61.0 55.0 74.0 79.0 65.0 68.0 93.0 90.0 137.0 119.0

#distancia entre puentes y depositos
: 0 1:=
2 59.0 140.0
4 75.0 124.0
8 99.0 102.0
10 97.0 99.0
13 101.0 117.0
15 96.0 99.0
16 77.0 158.0
20 40.0 103.0
22 33.0 96.0
25 38.0 94.0
26 38.0 93.0
32 14.0 129.0
35 5.0 120.0
37 11.0 124.0
39 10.0 126.0
44 13.0 129.0
48 24.0 134.0
51 51.0 166.0
57 19.0 125.0
63 27.0 143.0
71 129.0 39.0
74 96.0 23.0
77 92.0 29.0
78 91.0 25.0
80 95.0 62.0
81 97.0 65.0
84 95.0 34.0
92 169.0 79.0
96 100.0 18.0
98 99.0 17.0
100 156.0 60.0
103 150.0 55.0
105 164.0 73.0
106 169.0 78.0
107 160.0 64.0
109 163.0 67.0
110 182.0 92.0
114 179.0 89.0
115 225.0 136.0
119 208.0 118.0

;