set O:= 0 1;
set N:= 13 36 39 52 63 70 71 73 84 86 87 101 108 110 116;
set M:= 123 134 137 143 146;
set K:= 1 2 3;
param D:= 100;
param Q:= 540;
param v:= 2000000;
param f:= 
123 26037
134 96841
137 27856
143 48720
146 78000
;
param:	xcoord ycoord w q:=
0 -32.75044 -70.72613 0 1 
1 -33.0433 -71.624 0 1 
13 -32.34055 -71.17481 99 1 
36 -32.83944 -71.00021 66 1 
39 -32.74002 -70.64044 105 1 
52 -32.90338 -70.26912 86 1 
63 -32.76227 -70.50125 44 1 
70 -33.29115 -71.47716 94 1 
71 -33.29475 -71.41066 32 1 
73 -33.20765 -71.57225 80 1 
84 -32.86028 -71.45447 70 1 
86 -32.86452 -71.49062 87 1 
87 -32.83144 -71.47526 89 1 
101 -33.34522 -71.64882 59 1 
108 -33.44564 -71.67852 41 1 
110 -33.63989 -71.57131 49 1 
116 -33.88859 -71.64141 97 1 
123 -32.88254 -71.09009 0 1 
134 -33.61172 -71.60733 0 1 
137 -32.91915 -71.52057 0 1 
143 -32.78349 -71.53032 0 1 
146 -33.38843 -71.53636 0 1 
;
param d[*,*]
#distancia de viaje entre puentes
: 13 36 39 52 63 70 71 73 84 86 87 101 108 110 116:=
13 0.0 88.0 110.0 154.0 127.0 138.0 138.0 137.0 83.0 87.0 83.0 159.0 172.0 193.0 229.0
36 86.0 0.0 43.0 84.0 60.0 101.0 101.0 105.0 67.0 72.0 71.0 122.0 135.0 156.0 192.0
39 110.0 42.0 0.0 50.0 18.0 139.0 139.0 143.0 106.0 110.0 109.0 160.0 174.0 191.0 214.0
52 175.0 106.0 71.0 0.0 70.0 201.0 202.0 207.0 169.0 174.0 173.0 222.0 233.0 236.0 259.0
63 127.0 59.0 18.0 49.0 0.0 156.0 156.0 160.0 122.0 127.0 125.0 176.0 190.0 192.0 215.0
70 138.0 102.0 138.0 180.0 155.0 0.0 10.0 25.0 66.0 63.0 66.0 21.0 35.0 55.0 91.0
71 138.0 102.0 138.0 180.0 155.0 10.0 0.0 27.0 67.0 64.0 67.0 30.0 43.0 56.0 92.0
73 138.0 106.0 142.0 184.0 159.0 25.0 27.0 0.0 54.0 51.0 54.0 29.0 43.0 73.0 109.0
84 84.0 69.0 105.0 147.0 122.0 66.0 68.0 54.0 0.0 5.0 8.0 82.0 96.0 121.0 157.0
86 88.0 72.0 109.0 150.0 125.0 62.0 64.0 50.0 6.0 0.0 4.0 78.0 92.0 117.0 153.0
87 84.0 71.0 108.0 149.0 125.0 66.0 68.0 54.0 10.0 4.0 0.0 83.0 96.0 121.0 157.0
101 158.0 123.0 159.0 201.0 176.0 21.0 30.0 29.0 82.0 79.0 82.0 0.0 14.0 44.0 80.0
108 172.0 136.0 173.0 213.0 190.0 35.0 42.0 43.0 95.0 92.0 96.0 14.0 0.0 30.0 66.0
110 191.0 156.0 192.0 216.0 194.0 54.0 55.0 73.0 120.0 117.0 120.0 44.0 30.0 0.0 45.0
116 227.0 191.0 218.0 240.0 218.0 89.0 90.0 109.0 155.0 152.0 155.0 79.0 66.0 44.0 0.0

#distancia viaje entre puentes y alojamientos
: 123 134 137 143 146:=
13 79.0 187.0 96.0 85.0 159.0
36 19.0 150.0 69.0 74.0 122.0
39 58.0 188.0 107.0 112.0 160.0
52 121.0 241.0 171.0 176.0 215.0
63 74.0 197.0 123.0 129.0 171.0
70 92.0 49.0 52.0 76.0 21.0
71 92.0 50.0 53.0 78.0 24.0
73 95.0 68.0 39.0 64.0 46.0
84 58.0 115.0 13.0 17.0 87.0
86 62.0 112.0 9.0 15.0 83.0
87 62.0 116.0 13.0 10.0 88.0
101 112.0 39.0 67.0 92.0 17.0
108 126.0 24.0 81.0 106.0 17.0
110 146.0 6.0 106.0 130.0 43.0
116 181.0 41.0 141.0 166.0 79.0

#distancia entre alojamientos y puentes
: 13 36 39 52 63 70 71 73 84 86 87 101 108 110 116:=
123 78.0 21.0 58.0 99.0 75.0 92.0 92.0 96.0 59.0 63.0 62.0 113.0 127.0 147.0 183.0
134 186.0 150.0 187.0 221.0 199.0 48.0 49.0 68.0 114.0 111.0 114.0 38.0 25.0 6.0 42.0
137 97.0 70.0 107.0 148.0 123.0 52.0 53.0 40.0 14.0 10.0 13.0 68.0 82.0 107.0 143.0
143 87.0 75.0 111.0 153.0 128.0 77.0 79.0 65.0 17.0 15.0 11.0 93.0 107.0 132.0 168.0
146 160.0 124.0 160.0 196.0 174.0 22.0 24.0 45.0 88.0 85.0 88.0 16.0 19.0 43.0 80.0

#distancia entre depositos y puentes
: 13 36 39 52 63 70 71 73 84 86 87 101 108 110 116:=
0 101.0 33.0 10.0 53.0 27.0 129.0 130.0 133.0 96.0 101.0 99.0 150.0 164.0 184.0 208.0
1 118.0 89.0 126.0 167.0 143.0 38.0 40.0 26.0 35.0 31.0 35.0 54.0 68.0 93.0 129.0

#distancia entre puentes y depositos
: 0 1:=
13 101.0 117.0
36 33.0 88.0
39 10.0 126.0
52 75.0 190.0
63 27.0 143.0
70 128.0 38.0
71 129.0 39.0
73 132.0 26.0
84 95.0 34.0
86 99.0 30.0
87 98.0 34.0
101 149.0 54.0
108 163.0 67.0
110 182.0 92.0
116 212.0 127.0

;