set O:= 0 1;
set N:= 16 17 20 28 29 37 45 64 77 85 86 88 92 106 114;
set M:= 129 130 134 143 147;
set K:= 1 2 3;
param D:= 100;
param Q:= 540;
param v:= 2000000;
param f:= 
129 42028
130 45000
134 96841
143 48720
147 45000
;
param:	xcoord ycoord w q:=
0 -32.75044 -70.72613 0 1 
1 -33.0433 -71.624 0 1 
16 -32.21823 -70.82151 78 1 
17 -32.34859 -71.07237 51 1 
20 -32.69998 -70.93128 51 1 
28 -32.86292 -70.94795 99 1 
29 -32.58297 -70.73334 108 1 
37 -32.81691 -70.71195 53 1 
45 -32.74039 -70.64 42 1 
64 -32.75022 -70.59169 119 1 
77 -32.9314 -71.47561 30 1 
85 -32.8625 -71.46772 106 1 
86 -32.86452 -71.49062 87 1 
88 -32.80869 -71.44189 36 1 
92 -33.58655 -71.52943 57 1 
106 -33.53398 -71.59339 54 1 
114 -33.63163 -71.61037 97 1 
129 -32.44456 -71.22894 0 1 
130 -33.65802 -71.56785 0 1 
134 -33.61172 -71.60733 0 1 
143 -32.78349 -71.53032 0 1 
147 -33.32534 -71.38598 0 1 
;
param d[*,*]
#distancia de viaje entre puentes
: 16 17 20 28 29 37 45 64 77 85 86 88 92 106 114:=
16 0.0 31.0 94.0 112.0 59.0 87.0 86.0 92.0 137.0 126.0 128.0 118.0 220.0 219.0 230.0
17 31.0 0.0 82.0 100.0 76.0 104.0 104.0 110.0 107.0 95.0 98.0 88.0 190.0 189.0 200.0
20 94.0 82.0 0.0 24.0 54.0 47.0 49.0 55.0 79.0 84.0 87.0 79.0 157.0 156.0 167.0
28 111.0 100.0 23.0 0.0 56.0 43.0 45.0 51.0 67.0 72.0 75.0 67.0 145.0 144.0 155.0
29 59.0 76.0 54.0 57.0 0.0 32.0 31.0 37.0 113.0 118.0 121.0 113.0 191.0 190.0 202.0
37 87.0 104.0 47.0 43.0 32.0 0.0 17.0 23.0 100.0 105.0 108.0 100.0 175.0 174.0 183.0
45 86.0 103.0 49.0 45.0 30.0 17.0 0.0 6.0 102.0 107.0 110.0 102.0 180.0 179.0 191.0
64 91.0 109.0 54.0 51.0 36.0 23.0 6.0 0.0 107.0 112.0 116.0 107.0 185.0 184.0 193.0
77 139.0 108.0 79.0 66.0 113.0 100.0 102.0 108.0 0.0 15.0 17.0 20.0 100.0 99.0 110.0
85 129.0 99.0 83.0 70.0 117.0 104.0 106.0 112.0 14.0 0.0 3.0 10.0 106.0 105.0 116.0
86 130.0 99.0 85.0 73.0 119.0 106.0 108.0 114.0 12.0 2.0 0.0 12.0 104.0 103.0 114.0
88 119.0 89.0 78.0 65.0 112.0 99.0 101.0 107.0 19.0 8.0 11.0 0.0 114.0 113.0 124.0
92 220.0 189.0 156.0 143.0 190.0 177.0 179.0 185.0 98.0 105.0 104.0 113.0 0.0 12.0 16.0
106 219.0 189.0 156.0 143.0 190.0 177.0 179.0 185.0 98.0 105.0 103.0 113.0 12.0 0.0 13.0
114 230.0 199.0 166.0 153.0 200.0 185.0 189.0 195.0 108.0 115.0 113.0 123.0 15.0 13.0 0.0

#distancia viaje entre puentes y alojamientos
: 129 130 134 143 147:=
16 62.0 236.0 228.0 126.0 185.0
17 32.0 206.0 198.0 96.0 155.0
20 81.0 173.0 165.0 89.0 122.0
28 69.0 161.0 153.0 77.0 110.0
29 84.0 207.0 199.0 123.0 156.0
37 102.0 180.0 183.0 110.0 141.0
45 104.0 194.0 188.0 112.0 145.0
64 110.0 191.0 193.0 117.0 151.0
77 78.0 116.0 108.0 31.0 65.0
85 68.0 122.0 114.0 17.0 72.0
86 69.0 120.0 112.0 15.0 69.0
88 58.0 130.0 122.0 11.0 79.0
92 159.0 22.0 14.0 117.0 40.0
106 159.0 19.0 11.0 117.0 40.0
114 169.0 8.0 2.0 127.0 50.0

#distancia entre alojamientos y puentes
: 16 17 20 28 29 37 45 64 77 85 86 88 92 106 114:=
129 62.0 31.0 82.0 69.0 84.0 103.0 105.0 111.0 77.0 65.0 67.0 57.0 160.0 159.0 170.0
130 236.0 205.0 172.0 159.0 206.0 183.0 195.0 193.0 114.0 121.0 119.0 129.0 21.0 19.0 8.0
134 227.0 197.0 163.0 151.0 197.0 184.0 187.0 192.0 106.0 112.0 111.0 120.0 13.0 11.0 2.0
143 128.0 98.0 88.0 76.0 122.0 109.0 111.0 117.0 27.0 17.0 15.0 11.0 118.0 117.0 129.0
147 184.0 154.0 120.0 108.0 154.0 141.0 143.0 149.0 64.0 70.0 69.0 78.0 41.0 40.0 51.0

#distancia entre depositos y puentes
: 16 17 20 28 29 37 45 64 77 85 86 88 92 106 114:=
0 77.0 95.0 39.0 36.0 22.0 11.0 10.0 16.0 92.0 97.0 101.0 92.0 171.0 170.0 181.0
1 160.0 130.0 102.0 90.0 136.0 123.0 126.0 131.0 27.0 33.0 31.0 41.0 80.0 79.0 90.0

#distancia entre puentes y depositos
: 0 1:=
16 77.0 158.0
17 95.0 128.0
20 40.0 103.0
28 35.0 91.0
29 22.0 137.0
37 11.0 124.0
45 10.0 126.0
64 15.0 131.0
77 92.0 29.0
85 96.0 32.0
86 99.0 30.0
88 91.0 40.0
92 169.0 79.0
106 169.0 78.0
114 179.0 89.0

;