set O:= 0 1;
set N:= 2 3 13 14 15 16 20 21 22 26 28 29 35 36 37 39 44 48 50 52 57 62 63 64 69 70 71 73 74 75 76 80 81 86 87 88 89 93 98 100 104 105 106 107 108 109 111 115 116 119;
set M:= 122 123 124 126 129 130 131 134 137 143 144 146;
set K:= 1 2 3 4 5 6 7;
param D:= 100;
param Q:= 540;
param v:= 2000000;
param f:= 
122 24000
123 26037
124 63000
126 68517
129 42028
130 45000
131 73862
134 96841
137 27856
143 48720
144 52000
146 78000
;
param:	xcoord ycoord w q:=
0 -32.75044 -70.72613 0 1 
1 -33.0433 -71.624 0 1 
2 -32.5191 -70.92373 38 1 
3 -32.35092 -70.79153 105 1 
13 -32.34055 -71.17481 99 1 
14 -32.51115 -71.42049 30 1 
15 -32.44511 -71.32299 71 1 
16 -32.21823 -70.82151 78 1 
20 -32.69998 -70.93128 51 1 
21 -32.80094 -70.95847 94 1 
22 -32.75643 -70.94537 48 1 
26 -32.84855 -70.98046 116 1 
28 -32.86292 -70.94795 99 1 
29 -32.58297 -70.73334 108 1 
35 -32.7126 -70.74393 65 1 
36 -32.83944 -71.00021 66 1 
37 -32.81691 -70.71195 53 1 
39 -32.74002 -70.64044 105 1 
44 -32.76742 -70.61154 38 1 
48 -32.88608 -70.59211 103 1 
50 -32.87857 -70.20821 39 1 
52 -32.90338 -70.26912 86 1 
57 -32.89552 -70.6746 98 1 
62 -32.76924 -70.56035 84 1 
63 -32.76227 -70.50125 44 1 
64 -32.75022 -70.59169 119 1 
69 -33.37956 -71.38904 76 1 
70 -33.29115 -71.47716 94 1 
71 -33.29475 -71.41066 32 1 
73 -33.20765 -71.57225 80 1 
74 -32.91961 -71.50488 57 1 
75 -32.91508 -71.49869 66 1 
76 -32.93269 -71.43975 112 1 
80 -32.63102 -71.41979 41 1 
81 -32.68399 -71.39191 70 1 
86 -32.86452 -71.49062 87 1 
87 -32.83144 -71.47526 89 1 
88 -32.80869 -71.44189 36 1 
89 -33.10385 -71.66487 64 1 
93 -33.01883 -71.50131 58 1 
98 -32.98749 -71.50073 83 1 
100 -33.38903 -71.69158 108 1 
104 -33.61332 -71.40226 39 1 
105 -33.53115 -71.54035 119 1 
106 -33.53398 -71.59339 54 1 
107 -33.42116 -71.69462 116 1 
108 -33.44564 -71.67852 41 1 
109 -33.44473 -71.67916 117 1 
111 -33.77523 -71.42462 65 1 
115 -33.93803 -71.7365 56 1 
116 -33.88859 -71.64141 97 1 
119 -33.8283 -71.64323 81 1 
122 -32.77961 -70.95976 0 1 
123 -32.88254 -71.09009 0 1 
124 -32.85659 -70.41855 0 1 
126 -32.25311 -70.93619 0 1 
129 -32.44456 -71.22894 0 1 
130 -33.65802 -71.56785 0 1 
131 -33.65502 -71.62965 0 1 
134 -33.61172 -71.60733 0 1 
137 -32.91915 -71.52057 0 1 
143 -32.78349 -71.53032 0 1 
144 -32.77144 -71.53401 0 1 
146 -33.38843 -71.53636 0 1 
;
param d[*,*]
#distancia de viaje entre puentes
: 2 3 13 14 15 16 20 21 22 26 28 29 35 36 37 39 44 48 50 52 57 62 63 64 69 70 71 73 74 75 76 80 81 86 87 88 89 93 98 100 104 105 106 107 108 109 111 115 116 119:=
2 0.0 29.0 42.0 64.0 52.0 48.0 46.0 56.0 50.0 63.0 66.0 41.0 54.0 63.0 69.0 69.0 72.0 82.0 118.0 112.0 77.0 79.0 86.0 74.0 169.0 158.0 159.0 160.0 117.0 116.0 115.0 78.0 89.0 109.0 105.0 99.0 151.0 130.0 126.0 186.0 205.0 194.0 199.0 190.0 193.0 193.0 232.0 257.0 249.0 239.0
3 29.0 0.0 52.0 74.0 62.0 19.0 75.0 83.0 79.0 90.0 94.0 41.0 54.0 90.0 68.0 68.0 71.0 82.0 118.0 111.0 77.0 78.0 85.0 74.0 181.0 171.0 171.0 170.0 127.0 126.0 125.0 88.0 99.0 120.0 115.0 110.0 161.0 140.0 136.0 198.0 217.0 207.0 211.0 202.0 205.0 205.0 238.0 269.0 261.0 251.0
13 42.0 52.0 0.0 41.0 29.0 50.0 88.0 90.0 92.0 84.0 89.0 83.0 96.0 88.0 111.0 110.0 113.0 124.0 160.0 154.0 119.0 120.0 127.0 116.0 148.0 138.0 138.0 137.0 94.0 94.0 93.0 55.0 66.0 87.0 83.0 77.0 128.0 108.0 103.0 166.0 184.0 174.0 178.0 169.0 172.0 172.0 211.0 237.0 229.0 218.0
14 64.0 74.0 42.0 0.0 12.0 83.0 94.0 83.0 87.0 78.0 82.0 105.0 112.0 81.0 115.0 118.0 121.0 129.0 166.0 159.0 123.0 127.0 134.0 123.0 130.0 118.0 120.0 106.0 64.0 63.0 62.0 24.0 35.0 56.0 52.0 46.0 98.0 77.0 72.0 142.0 165.0 154.0 159.0 145.0 148.0 148.0 192.0 217.0 209.0 199.0
15 52.0 62.0 30.0 12.0 0.0 71.0 82.0 71.0 76.0 66.0 70.0 93.0 100.0 69.0 103.0 106.0 109.0 117.0 154.0 147.0 112.0 115.0 123.0 111.0 129.0 119.0 119.0 118.0 76.0 75.0 74.0 36.0 48.0 68.0 64.0 58.0 110.0 89.0 84.0 147.0 166.0 155.0 159.0 151.0 154.0 154.0 192.0 218.0 210.0 199.0
16 48.0 19.0 49.0 83.0 70.0 0.0 94.0 101.0 98.0 108.0 112.0 59.0 72.0 109.0 87.0 86.0 89.0 100.0 136.0 130.0 95.0 96.0 103.0 92.0 189.0 179.0 179.0 178.0 135.0 135.0 134.0 96.0 107.0 128.0 124.0 118.0 170.0 149.0 144.0 207.0 226.0 215.0 219.0 210.0 213.0 213.0 252.0 278.0 270.0 259.0
20 46.0 75.0 88.0 94.0 82.0 94.0 0.0 13.0 7.0 20.0 24.0 54.0 39.0 20.0 47.0 50.0 53.0 61.0 98.0 91.0 55.0 59.0 66.0 55.0 126.0 116.0 116.0 120.0 82.0 83.0 75.0 83.0 77.0 87.0 85.0 79.0 114.0 90.0 86.0 143.0 162.0 152.0 156.0 147.0 150.0 150.0 189.0 214.0 207.0 196.0
21 55.0 83.0 89.0 83.0 70.0 101.0 13.0 0.0 6.0 7.0 11.0 46.0 30.0 7.0 34.0 37.0 40.0 48.0 85.0 78.0 43.0 46.0 53.0 42.0 114.0 104.0 104.0 108.0 71.0 72.0 64.0 71.0 65.0 75.0 74.0 67.0 103.0 79.0 74.0 132.0 151.0 140.0 145.0 136.0 139.0 139.0 177.0 203.0 195.0 185.0
22 50.0 79.0 92.0 87.0 75.0 98.0 7.0 6.0 0.0 13.0 17.0 47.0 32.0 13.0 40.0 43.0 46.0 54.0 91.0 84.0 48.0 52.0 59.0 48.0 119.0 109.0 109.0 113.0 75.0 76.0 68.0 76.0 70.0 80.0 79.0 72.0 107.0 83.0 79.0 137.0 155.0 145.0 149.0 140.0 143.0 143.0 182.0 208.0 200.0 189.0
26 69.0 96.0 92.0 85.0 73.0 114.0 26.0 14.0 20.0 0.0 5.0 59.0 42.0 12.0 46.0 48.0 52.0 58.0 96.0 90.0 49.0 58.0 65.0 54.0 117.0 107.0 107.0 111.0 73.0 74.0 66.0 74.0 68.0 78.0 76.0 69.0 105.0 81.0 77.0 134.0 153.0 143.0 147.0 138.0 141.0 141.0 180.0 205.0 198.0 187.0
28 66.0 93.0 89.0 82.0 70.0 111.0 23.0 11.0 17.0 5.0 0.0 56.0 39.0 9.0 43.0 45.0 49.0 55.0 93.0 87.0 47.0 55.0 62.0 51.0 114.0 104.0 104.0 108.0 70.0 71.0 63.0 71.0 65.0 75.0 73.0 67.0 102.0 78.0 74.0 132.0 150.0 140.0 144.0 135.0 138.0 138.0 177.0 203.0 195.0 184.0
29 41.0 41.0 83.0 105.0 93.0 59.0 54.0 46.0 47.0 53.0 57.0 0.0 17.0 54.0 32.0 31.0 34.0 45.0 81.0 75.0 40.0 41.0 48.0 37.0 160.0 150.0 150.0 154.0 117.0 117.0 110.0 117.0 111.0 121.0 120.0 113.0 148.0 125.0 120.0 178.0 190.0 186.0 190.0 181.0 185.0 185.0 201.0 243.0 229.0 230.0
35 54.0 54.0 96.0 112.0 99.0 72.0 38.0 30.0 32.0 36.0 40.0 17.0 0.0 37.0 15.0 14.0 17.0 28.0 64.0 58.0 23.0 24.0 31.0 20.0 143.0 133.0 133.0 137.0 100.0 101.0 93.0 100.0 94.0 104.0 103.0 96.0 132.0 108.0 103.0 161.0 173.0 169.0 174.0 165.0 168.0 168.0 184.0 226.0 212.0 214.0
36 64.0 91.0 86.0 79.0 67.0 109.0 21.0 8.0 14.0 4.0 8.0 54.0 37.0 0.0 40.0 43.0 46.0 54.0 91.0 84.0 49.0 52.0 60.0 48.0 111.0 101.0 101.0 105.0 67.0 68.0 60.0 68.0 62.0 72.0 71.0 64.0 99.0 76.0 71.0 129.0 148.0 137.0 141.0 132.0 135.0 135.0 174.0 200.0 192.0 181.0
37 69.0 69.0 111.0 115.0 103.0 87.0 47.0 34.0 40.0 40.0 43.0 32.0 15.0 40.0 0.0 17.0 21.0 17.0 55.0 49.0 11.0 20.0 27.0 23.0 143.0 137.0 137.0 141.0 103.0 104.0 96.0 104.0 98.0 108.0 107.0 100.0 135.0 111.0 107.0 165.0 162.0 169.0 174.0 168.0 171.0 171.0 172.0 214.0 200.0 204.0
39 68.0 67.0 110.0 117.0 105.0 86.0 49.0 36.0 42.0 42.0 46.0 30.0 14.0 42.0 17.0 0.0 6.0 22.0 56.0 50.0 25.0 11.0 18.0 6.0 149.0 139.0 139.0 143.0 106.0 106.0 99.0 106.0 100.0 110.0 109.0 102.0 137.0 114.0 109.0 167.0 176.0 175.0 180.0 171.0 174.0 174.0 186.0 228.0 214.0 219.0
44 71.0 71.0 113.0 121.0 108.0 89.0 52.0 40.0 45.0 45.0 49.0 34.0 17.0 45.0 20.0 6.0 0.0 18.0 53.0 46.0 22.0 8.0 15.0 3.0 152.0 142.0 142.0 146.0 109.0 110.0 102.0 109.0 103.0 113.0 112.0 105.0 140.0 117.0 112.0 170.0 172.0 178.0 183.0 174.0 177.0 177.0 183.0 225.0 211.0 215.0
48 83.0 82.0 124.0 129.0 117.0 100.0 61.0 48.0 54.0 53.0 54.0 45.0 28.0 54.0 17.0 21.0 18.0 0.0 48.0 42.0 9.0 15.0 22.0 18.0 141.0 141.0 141.0 146.0 117.0 118.0 110.0 117.0 112.0 122.0 120.0 113.0 146.0 121.0 120.0 169.0 160.0 167.0 172.0 172.0 173.0 173.0 170.0 212.0 198.0 202.0
50 118.0 117.0 160.0 166.0 153.0 136.0 97.0 85.0 91.0 90.0 94.0 80.0 64.0 91.0 55.0 56.0 52.0 48.0 0.0 14.0 54.0 48.0 55.0 52.0 186.0 186.0 186.0 191.0 154.0 155.0 147.0 154.0 149.0 159.0 157.0 150.0 186.0 162.0 157.0 214.0 205.0 212.0 217.0 217.0 218.0 218.0 215.0 257.0 243.0 247.0
52 133.0 133.0 175.0 181.0 169.0 151.0 113.0 100.0 106.0 106.0 109.0 96.0 79.0 106.0 71.0 71.0 68.0 64.0 7.0 0.0 70.0 63.0 70.0 67.0 201.0 201.0 202.0 207.0 169.0 170.0 162.0 170.0 164.0 174.0 173.0 166.0 201.0 177.0 173.0 229.0 220.0 228.0 232.0 232.0 233.0 233.0 231.0 272.0 259.0 263.0
57 77.0 77.0 119.0 123.0 111.0 95.0 55.0 42.0 48.0 48.0 46.0 40.0 23.0 48.0 11.0 25.0 22.0 9.0 55.0 48.0 0.0 19.0 26.0 22.0 132.0 132.0 132.0 138.0 112.0 112.0 105.0 112.0 106.0 116.0 115.0 108.0 137.0 112.0 115.0 160.0 151.0 158.0 163.0 163.0 164.0 164.0 161.0 203.0 189.0 193.0
62 78.0 78.0 120.0 127.0 115.0 96.0 59.0 46.0 52.0 52.0 55.0 41.0 24.0 52.0 20.0 11.0 8.0 15.0 48.0 41.0 19.0 0.0 7.0 5.0 151.0 149.0 149.0 153.0 115.0 116.0 108.0 116.0 110.0 120.0 118.0 112.0 147.0 123.0 119.0 176.0 169.0 177.0 181.0 180.0 183.0 183.0 180.0 222.0 208.0 212.0
63 85.0 85.0 127.0 134.0 122.0 103.0 66.0 53.0 59.0 59.0 62.0 48.0 31.0 59.0 27.0 18.0 15.0 22.0 55.0 49.0 26.0 7.0 0.0 12.0 158.0 156.0 156.0 160.0 122.0 123.0 115.0 123.0 117.0 127.0 125.0 119.0 154.0 130.0 126.0 183.0 176.0 184.0 188.0 187.0 190.0 190.0 187.0 229.0 215.0 219.0
64 73.0 73.0 115.0 123.0 110.0 91.0 54.0 42.0 48.0 47.0 51.0 36.0 19.0 48.0 23.0 6.0 3.0 18.0 52.0 46.0 22.0 5.0 12.0 0.0 153.0 144.0 144.0 148.0 111.0 112.0 104.0 111.0 106.0 116.0 114.0 107.0 143.0 119.0 114.0 172.0 172.0 180.0 184.0 176.0 179.0 179.0 183.0 225.0 211.0 215.0
69 168.0 180.0 148.0 130.0 129.0 189.0 125.0 114.0 118.0 108.0 113.0 159.0 143.0 112.0 146.0 148.0 152.0 143.0 189.0 182.0 135.0 153.0 160.0 154.0 0.0 16.0 10.0 37.0 66.0 66.0 67.0 106.0 100.0 74.0 77.0 83.0 54.0 53.0 57.0 36.0 40.0 30.0 34.0 36.0 37.0 37.0 67.0 92.0 84.0 74.0
70 158.0 170.0 138.0 119.0 119.0 179.0 115.0 104.0 108.0 98.0 103.0 149.0 133.0 102.0 136.0 138.0 142.0 142.0 186.0 180.0 133.0 148.0 155.0 144.0 16.0 0.0 10.0 25.0 54.0 55.0 56.0 95.0 89.0 63.0 66.0 72.0 43.0 41.0 46.0 28.0 47.0 36.0 40.0 32.0 35.0 35.0 73.0 99.0 91.0 80.0
71 158.0 170.0 138.0 120.0 119.0 179.0 115.0 104.0 108.0 98.0 103.0 149.0 133.0 102.0 136.0 138.0 142.0 142.0 187.0 180.0 133.0 148.0 155.0 144.0 10.0 10.0 0.0 27.0 56.0 56.0 57.0 96.0 90.0 64.0 67.0 73.0 44.0 43.0 47.0 37.0 48.0 37.0 42.0 41.0 43.0 43.0 74.0 100.0 92.0 81.0
73 160.0 170.0 138.0 107.0 119.0 179.0 119.0 108.0 112.0 102.0 106.0 153.0 137.0 106.0 140.0 142.0 146.0 147.0 190.0 184.0 138.0 152.0 159.0 148.0 36.0 25.0 27.0 0.0 42.0 43.0 44.0 83.0 77.0 51.0 54.0 60.0 31.0 29.0 34.0 36.0 72.0 61.0 57.0 40.0 43.0 43.0 98.0 117.0 109.0 99.0
74 118.0 128.0 96.0 64.0 77.0 137.0 82.0 71.0 75.0 65.0 70.0 116.0 100.0 69.0 103.0 106.0 109.0 117.0 154.0 147.0 111.0 115.0 122.0 111.0 66.0 55.0 56.0 43.0 0.0 1.0 7.0 40.0 35.0 8.0 12.0 18.0 34.0 13.0 9.0 78.0 101.0 91.0 95.0 82.0 85.0 85.0 128.0 154.0 146.0 135.0
75 117.0 127.0 95.0 64.0 76.0 136.0 83.0 72.0 76.0 66.0 71.0 117.0 101.0 70.0 104.0 106.0 110.0 118.0 154.0 148.0 112.0 116.0 123.0 112.0 67.0 56.0 57.0 43.0 1.0 0.0 8.0 40.0 34.0 8.0 11.0 17.0 35.0 14.0 10.0 79.0 102.0 92.0 96.0 82.0 86.0 85.0 129.0 154.0 146.0 136.0
76 116.0 126.0 94.0 63.0 75.0 135.0 75.0 64.0 68.0 58.0 63.0 109.0 93.0 62.0 96.0 98.0 102.0 110.0 147.0 140.0 104.0 108.0 115.0 104.0 68.0 57.0 58.0 44.0 7.0 8.0 0.0 39.0 33.0 14.0 18.0 16.0 39.0 15.0 10.0 80.0 103.0 93.0 97.0 83.0 87.0 86.0 130.0 155.0 147.0 137.0
80 77.0 88.0 55.0 24.0 36.0 96.0 81.0 70.0 75.0 65.0 69.0 115.0 99.0 68.0 102.0 105.0 108.0 116.0 153.0 146.0 111.0 114.0 122.0 110.0 106.0 94.0 96.0 82.0 39.0 39.0 38.0 0.0 11.0 32.0 28.0 22.0 74.0 53.0 48.0 117.0 141.0 130.0 135.0 121.0 124.0 124.0 167.0 193.0 185.0 175.0
81 96.0 107.0 74.0 43.0 55.0 115.0 84.0 73.0 77.0 67.0 71.0 118.0 101.0 70.0 105.0 107.0 111.0 118.0 155.0 148.0 113.0 117.0 124.0 113.0 108.0 97.0 98.0 85.0 42.0 41.0 40.0 19.0 0.0 35.0 31.0 24.0 76.0 55.0 51.0 120.0 143.0 133.0 137.0 124.0 127.0 127.0 170.0 196.0 188.0 177.0
86 111.0 121.0 88.0 57.0 69.0 130.0 85.0 74.0 78.0 68.0 73.0 119.0 103.0 72.0 106.0 109.0 112.0 120.0 157.0 150.0 114.0 118.0 125.0 114.0 74.0 62.0 64.0 50.0 7.0 7.0 13.0 33.0 27.0 0.0 4.0 12.0 42.0 21.0 17.0 85.0 109.0 98.0 103.0 89.0 92.0 92.0 135.0 161.0 153.0 143.0
87 106.0 117.0 84.0 53.0 65.0 125.0 85.0 74.0 78.0 68.0 72.0 119.0 102.0 71.0 106.0 108.0 112.0 119.0 156.0 149.0 114.0 118.0 125.0 114.0 78.0 66.0 68.0 54.0 12.0 11.0 17.0 29.0 23.0 4.0 0.0 8.0 46.0 25.0 21.0 90.0 113.0 102.0 107.0 93.0 96.0 96.0 140.0 165.0 157.0 147.0
88 100.0 110.0 78.0 47.0 59.0 119.0 78.0 67.0 71.0 61.0 65.0 112.0 95.0 65.0 99.0 101.0 105.0 112.0 149.0 143.0 107.0 111.0 118.0 107.0 84.0 72.0 74.0 60.0 18.0 17.0 16.0 23.0 17.0 11.0 8.0 0.0 52.0 31.0 26.0 95.0 119.0 108.0 113.0 99.0 102.0 102.0 145.0 171.0 163.0 153.0
89 153.0 163.0 130.0 99.0 111.0 171.0 114.0 103.0 107.0 97.0 102.0 148.0 132.0 101.0 135.0 137.0 141.0 147.0 186.0 179.0 138.0 147.0 154.0 143.0 51.0 40.0 42.0 28.0 35.0 35.0 39.0 75.0 69.0 43.0 46.0 53.0 0.0 27.0 29.0 63.0 87.0 76.0 81.0 67.0 70.0 70.0 113.0 139.0 131.0 120.0
93 131.0 141.0 108.0 77.0 89.0 150.0 90.0 79.0 83.0 73.0 77.0 124.0 107.0 77.0 111.0 113.0 117.0 123.0 161.0 155.0 114.0 123.0 130.0 119.0 53.0 42.0 43.0 30.0 13.0 13.0 15.0 53.0 47.0 21.0 24.0 31.0 27.0 0.0 4.0 65.0 88.0 78.0 82.0 69.0 72.0 72.0 115.0 141.0 133.0 122.0
98 126.0 137.0 104.0 73.0 85.0 145.0 85.0 74.0 79.0 69.0 73.0 119.0 103.0 72.0 106.0 109.0 112.0 120.0 157.0 150.0 115.0 118.0 126.0 115.0 58.0 46.0 48.0 34.0 8.0 9.0 10.0 49.0 43.0 17.0 20.0 26.0 28.0 5.0 0.0 69.0 93.0 82.0 87.0 73.0 76.0 76.0 119.0 145.0 137.0 127.0
100 185.0 198.0 165.0 141.0 146.0 207.0 143.0 132.0 136.0 126.0 130.0 177.0 160.0 129.0 164.0 166.0 170.0 169.0 214.0 208.0 161.0 176.0 183.0 172.0 35.0 28.0 37.0 36.0 77.0 78.0 79.0 118.0 112.0 85.0 89.0 95.0 66.0 64.0 68.0 0.0 45.0 28.0 21.0 4.0 7.0 7.0 64.0 81.0 73.0 62.0
104 205.0 217.0 184.0 165.0 166.0 226.0 162.0 151.0 155.0 145.0 149.0 196.0 179.0 149.0 175.0 185.0 185.0 172.0 217.0 211.0 164.0 182.0 189.0 185.0 40.0 47.0 48.0 72.0 101.0 102.0 103.0 142.0 136.0 109.0 113.0 119.0 90.0 88.0 92.0 45.0 0.0 18.0 24.0 42.0 38.0 39.0 31.0 71.0 63.0 53.0
105 193.0 206.0 173.0 154.0 154.0 214.0 151.0 140.0 144.0 134.0 138.0 185.0 168.0 137.0 171.0 174.0 177.0 169.0 214.0 208.0 161.0 179.0 186.0 180.0 29.0 36.0 37.0 61.0 90.0 91.0 91.0 130.0 125.0 98.0 101.0 107.0 78.0 77.0 81.0 28.0 18.0 0.0 7.0 24.0 21.0 21.0 39.0 66.0 58.0 48.0
106 198.0 211.0 178.0 159.0 159.0 219.0 156.0 145.0 149.0 139.0 143.0 190.0 173.0 142.0 177.0 179.0 183.0 174.0 219.0 213.0 166.0 184.0 191.0 185.0 34.0 41.0 42.0 56.0 95.0 96.0 96.0 135.0 130.0 103.0 107.0 113.0 84.0 82.0 86.0 21.0 25.0 7.0 0.0 17.0 14.0 14.0 43.0 60.0 52.0 42.0
107 189.0 202.0 169.0 145.0 150.0 210.0 146.0 135.0 140.0 130.0 134.0 180.0 164.0 133.0 167.0 170.0 173.0 173.0 218.0 211.0 164.0 180.0 187.0 176.0 36.0 31.0 41.0 40.0 81.0 82.0 82.0 121.0 116.0 89.0 92.0 98.0 69.0 68.0 72.0 4.0 42.0 24.0 17.0 0.0 3.0 3.0 60.0 77.0 69.0 59.0
108 192.0 205.0 172.0 148.0 153.0 213.0 150.0 139.0 143.0 133.0 137.0 184.0 167.0 136.0 170.0 173.0 177.0 175.0 220.0 213.0 166.0 183.0 190.0 179.0 36.0 35.0 42.0 43.0 84.0 85.0 86.0 124.0 119.0 92.0 96.0 102.0 72.0 71.0 75.0 7.0 39.0 21.0 14.0 3.0 0.0 0.0 57.0 74.0 66.0 55.0
109 192.0 205.0 172.0 148.0 153.0 213.0 149.0 138.0 143.0 133.0 137.0 183.0 167.0 136.0 170.0 173.0 176.0 175.0 220.0 213.0 166.0 183.0 190.0 179.0 36.0 34.0 42.0 43.0 84.0 85.0 85.0 124.0 119.0 92.0 95.0 102.0 72.0 71.0 75.0 7.0 39.0 21.0 14.0 3.0 0.0 0.0 57.0 74.0 66.0 56.0
111 230.0 241.0 209.0 191.0 191.0 251.0 187.0 176.0 180.0 170.0 174.0 203.0 187.0 174.0 175.0 189.0 185.0 172.0 218.0 211.0 164.0 182.0 189.0 185.0 66.0 72.0 73.0 97.0 126.0 127.0 128.0 167.0 161.0 134.0 138.0 144.0 115.0 113.0 118.0 63.0 27.0 38.0 42.0 59.0 56.0 56.0 0.0 83.0 75.0 65.0
115 256.0 268.0 236.0 217.0 217.0 277.0 213.0 202.0 206.0 196.0 201.0 247.0 230.0 200.0 218.0 231.0 228.0 215.0 260.0 254.0 207.0 225.0 232.0 228.0 92.0 98.0 99.0 117.0 152.0 153.0 154.0 193.0 187.0 161.0 164.0 170.0 141.0 139.0 144.0 81.0 71.0 66.0 61.0 77.0 74.0 74.0 83.0 0.0 14.0 18.0
116 247.0 260.0 227.0 208.0 208.0 268.0 204.0 193.0 198.0 188.0 192.0 233.0 216.0 191.0 204.0 218.0 214.0 201.0 247.0 240.0 193.0 211.0 218.0 214.0 83.0 89.0 90.0 109.0 144.0 145.0 145.0 184.0 179.0 152.0 155.0 161.0 132.0 131.0 135.0 73.0 62.0 57.0 52.0 69.0 66.0 66.0 74.0 14.0 0.0 10.0
119 237.0 250.0 217.0 198.0 198.0 259.0 195.0 184.0 188.0 178.0 182.0 229.0 212.0 181.0 208.0 218.0 218.0 205.0 250.0 244.0 196.0 215.0 222.0 218.0 73.0 80.0 81.0 99.0 134.0 135.0 136.0 174.0 169.0 142.0 146.0 152.0 123.0 121.0 125.0 63.0 53.0 47.0 42.0 59.0 56.0 56.0 65.0 18.0 11.0 0.0

#distancia viaje entre puentes y alojamientos
: 122 123 124 126 129 130 131 134 137 143 144 146:=
2 53.0 78.0 93.0 54.0 43.0 216.0 214.0 208.0 119.0 108.0 109.0 180.0
3 81.0 106.0 93.0 32.0 53.0 228.0 226.0 220.0 129.0 118.0 120.0 192.0
13 91.0 79.0 135.0 38.0 21.0 195.0 193.0 187.0 96.0 85.0 87.0 159.0
14 84.0 72.0 141.0 71.0 22.0 176.0 174.0 168.0 65.0 55.0 56.0 140.0
15 72.0 60.0 129.0 59.0 10.0 176.0 174.0 168.0 78.0 67.0 68.0 140.0
16 99.0 120.0 111.0 12.0 62.0 236.0 234.0 228.0 137.0 126.0 128.0 200.0
20 10.0 36.0 73.0 101.0 81.0 173.0 171.0 165.0 83.0 89.0 90.0 137.0
21 2.0 23.0 60.0 110.0 70.0 162.0 160.0 154.0 72.0 77.0 79.0 126.0
22 4.0 29.0 66.0 104.0 74.0 166.0 164.0 158.0 77.0 82.0 83.0 130.0
26 16.0 25.0 71.0 121.0 72.0 164.0 162.0 156.0 74.0 80.0 81.0 128.0
28 13.0 22.0 68.0 118.0 69.0 161.0 159.0 153.0 72.0 77.0 78.0 125.0
29 44.0 69.0 56.0 71.0 84.0 207.0 205.0 199.0 118.0 123.0 125.0 171.0
35 28.0 52.0 39.0 84.0 97.0 191.0 189.0 183.0 101.0 106.0 108.0 155.0
36 11.0 19.0 66.0 116.0 66.0 158.0 156.0 150.0 69.0 74.0 75.0 122.0
37 37.0 55.0 30.0 99.0 102.0 180.0 187.0 183.0 105.0 110.0 111.0 156.0
39 39.0 58.0 31.0 98.0 105.0 194.0 195.0 188.0 107.0 112.0 114.0 160.0
44 42.0 61.0 27.0 101.0 108.0 191.0 197.0 192.0 110.0 115.0 117.0 163.0
48 50.0 69.0 23.0 113.0 116.0 178.0 185.0 180.0 118.0 124.0 125.0 154.0
50 87.0 106.0 26.0 148.0 153.0 223.0 230.0 226.0 155.0 160.0 162.0 199.0
52 103.0 121.0 42.0 164.0 168.0 239.0 245.0 241.0 171.0 176.0 177.0 215.0
57 45.0 64.0 29.0 107.0 110.0 169.0 176.0 172.0 113.0 118.0 120.0 145.0
62 48.0 67.0 23.0 109.0 114.0 188.0 194.0 190.0 116.0 122.0 123.0 164.0
63 55.0 74.0 30.0 115.0 121.0 195.0 201.0 197.0 123.0 129.0 130.0 171.0
64 44.0 63.0 27.0 103.0 110.0 191.0 197.0 193.0 112.0 117.0 119.0 166.0
69 115.0 102.0 163.0 177.0 128.0 51.0 49.0 43.0 63.0 88.0 89.0 18.0
70 105.0 92.0 161.0 167.0 118.0 57.0 55.0 49.0 52.0 76.0 78.0 21.0
71 105.0 92.0 161.0 168.0 118.0 59.0 57.0 50.0 53.0 78.0 79.0 24.0
73 109.0 95.0 165.0 168.0 118.0 76.0 74.0 68.0 39.0 64.0 66.0 46.0
74 72.0 58.0 129.0 125.0 76.0 112.0 110.0 104.0 2.0 22.0 23.0 76.0
75 73.0 59.0 129.0 125.0 75.0 113.0 111.0 105.0 2.0 21.0 23.0 77.0
76 65.0 51.0 121.0 124.0 74.0 114.0 112.0 106.0 8.0 27.0 28.0 78.0
80 71.0 59.0 128.0 85.0 36.0 152.0 150.0 144.0 41.0 30.0 32.0 115.0
81 74.0 61.0 130.0 104.0 54.0 154.0 152.0 146.0 44.0 33.0 35.0 118.0
86 75.0 62.0 132.0 118.0 69.0 120.0 118.0 112.0 9.0 15.0 16.0 83.0
87 75.0 62.0 131.0 114.0 64.0 124.0 122.0 116.0 13.0 10.0 12.0 88.0
88 68.0 55.0 124.0 108.0 58.0 130.0 128.0 122.0 19.0 11.0 12.0 94.0
89 104.0 90.0 160.0 160.0 111.0 98.0 96.0 89.0 34.0 57.0 58.0 61.0
93 80.0 66.0 136.0 138.0 89.0 99.0 97.0 91.0 14.0 35.0 36.0 63.0
98 75.0 61.0 132.0 134.0 84.0 104.0 102.0 96.0 9.0 30.0 32.0 67.0
100 133.0 119.0 189.0 195.0 146.0 39.0 38.0 31.0 74.0 99.0 101.0 17.0
104 152.0 138.0 192.0 214.0 165.0 21.0 28.0 24.0 98.0 123.0 125.0 44.0
105 141.0 127.0 189.0 203.0 154.0 25.0 23.0 17.0 87.0 112.0 113.0 33.0
106 146.0 132.0 194.0 208.0 159.0 19.0 17.0 11.0 92.0 117.0 118.0 27.0
107 136.0 123.0 193.0 199.0 149.0 36.0 34.0 28.0 78.0 103.0 104.0 18.0
108 140.0 126.0 195.0 202.0 153.0 32.0 30.0 24.0 81.0 106.0 107.0 17.0
109 139.0 126.0 195.0 202.0 152.0 33.0 31.0 25.0 81.0 106.0 107.0 17.0
111 177.0 163.0 192.0 239.0 190.0 33.0 40.0 36.0 123.0 148.0 150.0 67.0
115 203.0 190.0 235.0 265.0 216.0 55.0 48.0 50.0 150.0 174.0 176.0 87.0
116 194.0 181.0 222.0 257.0 207.0 47.0 39.0 41.0 141.0 166.0 167.0 79.0
119 185.0 171.0 225.0 247.0 198.0 37.0 30.0 31.0 131.0 156.0 157.0 69.0

#distancia entre alojamientos y puentes
: 2 3 13 14 15 16 20 21 22 26 28 29 35 36 37 39 44 48 50 52 57 62 63 64 69 70 71 73 74 75 76 80 81 86 87 88 89 93 98 100 104 105 106 107 108 109 111 115 116 119:=
122 53.0 81.0 91.0 84.0 72.0 99.0 10.0 2.0 3.0 10.0 13.0 44.0 28.0 10.0 37.0 39.0 43.0 50.0 87.0 81.0 45.0 49.0 56.0 45.0 116.0 106.0 106.0 110.0 73.0 73.0 66.0 73.0 67.0 77.0 76.0 69.0 104.0 81.0 76.0 134.0 153.0 142.0 146.0 138.0 141.0 141.0 179.0 205.0 197.0 186.0
123 79.0 106.0 78.0 72.0 60.0 120.0 36.0 23.0 29.0 18.0 22.0 69.0 52.0 21.0 55.0 58.0 61.0 69.0 106.0 99.0 64.0 68.0 75.0 64.0 102.0 92.0 92.0 96.0 59.0 59.0 52.0 60.0 54.0 63.0 62.0 56.0 90.0 67.0 62.0 120.0 139.0 128.0 132.0 124.0 127.0 127.0 165.0 191.0 183.0 172.0
124 93.0 92.0 135.0 141.0 128.0 111.0 72.0 60.0 65.0 65.0 69.0 55.0 39.0 65.0 30.0 31.0 27.0 23.0 26.0 19.0 29.0 23.0 30.0 27.0 161.0 161.0 161.0 166.0 129.0 130.0 122.0 129.0 123.0 133.0 132.0 125.0 160.0 137.0 132.0 189.0 179.0 187.0 191.0 192.0 193.0 193.0 190.0 232.0 218.0 222.0
126 54.0 32.0 38.0 71.0 59.0 13.0 101.0 110.0 104.0 114.0 118.0 71.0 85.0 117.0 99.0 99.0 102.0 113.0 149.0 142.0 107.0 109.0 116.0 105.0 177.0 167.0 167.0 166.0 124.0 123.0 122.0 84.0 96.0 116.0 112.0 106.0 158.0 137.0 132.0 195.0 214.0 203.0 208.0 199.0 202.0 202.0 240.0 266.0 258.0 247.0
129 43.0 53.0 20.0 22.0 10.0 62.0 82.0 71.0 75.0 65.0 69.0 84.0 97.0 68.0 103.0 105.0 109.0 116.0 153.0 147.0 111.0 115.0 122.0 111.0 128.0 118.0 118.0 118.0 75.0 74.0 73.0 35.0 47.0 67.0 63.0 57.0 109.0 88.0 83.0 146.0 165.0 154.0 159.0 150.0 153.0 153.0 191.0 217.0 209.0 199.0
130 214.0 227.0 194.0 175.0 175.0 236.0 172.0 161.0 165.0 155.0 159.0 206.0 189.0 158.0 183.0 195.0 193.0 180.0 225.0 219.0 172.0 190.0 197.0 193.0 50.0 57.0 58.0 76.0 111.0 112.0 113.0 151.0 146.0 119.0 123.0 129.0 100.0 98.0 102.0 40.0 21.0 24.0 19.0 36.0 33.0 33.0 33.0 55.0 47.0 37.0
131 212.0 225.0 192.0 173.0 173.0 234.0 170.0 159.0 163.0 153.0 157.0 204.0 187.0 156.0 189.0 193.0 197.0 186.0 232.0 225.0 178.0 196.0 203.0 199.0 48.0 55.0 56.0 74.0 109.0 110.0 111.0 149.0 144.0 117.0 121.0 127.0 98.0 96.0 100.0 38.0 28.0 22.0 17.0 34.0 31.0 31.0 40.0 48.0 40.0 30.0
134 206.0 219.0 186.0 167.0 167.0 227.0 163.0 152.0 157.0 147.0 151.0 197.0 181.0 150.0 184.0 187.0 190.0 182.0 227.0 221.0 174.0 192.0 199.0 192.0 42.0 48.0 49.0 68.0 103.0 103.0 104.0 143.0 137.0 111.0 114.0 120.0 91.0 90.0 94.0 32.0 24.0 16.0 11.0 28.0 25.0 25.0 36.0 50.0 42.0 31.0
137 120.0 130.0 97.0 66.0 79.0 139.0 83.0 72.0 76.0 66.0 71.0 117.0 101.0 70.0 104.0 107.0 110.0 118.0 155.0 148.0 112.0 116.0 123.0 112.0 63.0 52.0 53.0 40.0 2.0 2.0 8.0 42.0 37.0 10.0 13.0 20.0 34.0 14.0 10.0 75.0 99.0 88.0 92.0 79.0 82.0 82.0 125.0 151.0 143.0 132.0
143 109.0 119.0 87.0 56.0 68.0 128.0 88.0 77.0 81.0 71.0 76.0 122.0 106.0 75.0 109.0 111.0 115.0 123.0 160.0 153.0 117.0 121.0 128.0 117.0 88.0 77.0 79.0 65.0 22.0 21.0 27.0 32.0 26.0 15.0 11.0 11.0 56.0 36.0 31.0 100.0 124.0 113.0 117.0 104.0 107.0 107.0 150.0 176.0 168.0 157.0
144 110.0 121.0 88.0 57.0 69.0 129.0 89.0 78.0 82.0 73.0 77.0 123.0 107.0 76.0 110.0 113.0 116.0 124.0 161.0 154.0 119.0 122.0 129.0 118.0 90.0 78.0 80.0 66.0 23.0 23.0 28.0 33.0 27.0 16.0 12.0 12.0 58.0 37.0 33.0 101.0 125.0 114.0 119.0 105.0 108.0 108.0 151.0 177.0 169.0 159.0
146 180.0 192.0 160.0 141.0 141.0 201.0 137.0 126.0 130.0 120.0 125.0 171.0 155.0 124.0 158.0 160.0 164.0 157.0 202.0 196.0 149.0 167.0 174.0 166.0 18.0 22.0 24.0 45.0 76.0 77.0 78.0 117.0 111.0 85.0 88.0 94.0 65.0 63.0 68.0 18.0 43.0 33.0 27.0 18.0 19.0 19.0 68.0 87.0 80.0 69.0

#distancia entre depositos y puentes
: 2 3 13 14 15 16 20 21 22 26 28 29 35 36 37 39 44 48 50 52 57 62 63 64 69 70 71 73 74 75 76 80 81 86 87 88 89 93 98 100 104 105 106 107 108 109 111 115 116 119:=
0 60.0 59.0 101.0 108.0 96.0 77.0 39.0 27.0 33.0 32.0 36.0 22.0 5.0 33.0 11.0 10.0 14.0 23.0 60.0 53.0 19.0 20.0 27.0 16.0 140.0 129.0 130.0 133.0 96.0 97.0 89.0 96.0 91.0 101.0 99.0 92.0 128.0 104.0 99.0 157.0 170.0 165.0 170.0 161.0 164.0 164.0 180.0 222.0 208.0 210.0
1 141.0 151.0 118.0 87.0 100.0 160.0 102.0 91.0 96.0 86.0 90.0 136.0 120.0 89.0 123.0 126.0 129.0 135.0 174.0 167.0 127.0 135.0 143.0 131.0 50.0 38.0 40.0 26.0 23.0 24.0 27.0 63.0 58.0 31.0 35.0 41.0 12.0 15.0 17.0 61.0 85.0 74.0 79.0 65.0 68.0 68.0 111.0 137.0 129.0 119.0

#distancia entre puentes y depositos
: 0 1:=
2 59.0 140.0
3 59.0 150.0
13 101.0 117.0
14 108.0 86.0
15 96.0 99.0
16 77.0 158.0
20 40.0 103.0
21 27.0 91.0
22 33.0 96.0
26 38.0 93.0
28 35.0 91.0
29 22.0 137.0
35 5.0 120.0
36 33.0 88.0
37 11.0 124.0
39 10.0 126.0
44 13.0 129.0
48 24.0 134.0
50 59.0 174.0
52 75.0 190.0
57 19.0 125.0
62 20.0 136.0
63 27.0 143.0
64 15.0 131.0
69 138.0 49.0
70 128.0 38.0
71 129.0 39.0
73 132.0 26.0
74 96.0 23.0
75 96.0 24.0
76 89.0 27.0
80 95.0 62.0
81 97.0 65.0
86 99.0 30.0
87 98.0 34.0
88 91.0 40.0
89 127.0 12.0
93 103.0 15.0
98 99.0 17.0
100 156.0 60.0
104 175.0 85.0
105 164.0 73.0
106 169.0 78.0
107 160.0 64.0
108 163.0 67.0
109 163.0 67.0
111 183.0 110.0
115 225.0 136.0
116 212.0 127.0
119 208.0 118.0

;