set O:= 0 1;
set N:= 2 13 16 28 44 48 51 57 62 92 96 103 105 108 115;
set M:= 122 123 124 140 146;
set K:= 1 2 3;
param D:= 100;
param Q:= 540;
param v:= 2000000;
param f:= 
122 24000
123 26037
124 63000
140 48596
146 78000
;
param:	xcoord ycoord w q:=
0 -32.75044 -70.72613 0 1 
1 -33.0433 -71.624 0 1 
2 -32.5191 -70.92373 38 1 
13 -32.34055 -71.17481 99 1 
16 -32.21823 -70.82151 78 1 
28 -32.86292 -70.94795 99 1 
44 -32.76742 -70.61154 38 1 
48 -32.88608 -70.59211 103 1 
51 -32.90645 -70.28716 50 1 
57 -32.89552 -70.6746 98 1 
62 -32.76924 -70.56035 84 1 
92 -33.58655 -71.52943 57 1 
96 -32.99633 -71.50138 105 1 
103 -33.35491 -71.65289 40 1 
105 -33.53115 -71.54035 119 1 
108 -33.44564 -71.67852 41 1 
115 -33.93803 -71.7365 56 1 
122 -32.77961 -70.95976 0 1 
123 -32.88254 -71.09009 0 1 
124 -32.85659 -70.41855 0 1 
140 -32.93024 -71.55027 0 1 
146 -33.38843 -71.53636 0 1 
;
param d[*,*]
#distancia de viaje entre puentes
: 2 13 16 28 44 48 51 57 62 92 96 103 105 108 115:=
2 0.0 42.0 48.0 66.0 72.0 82.0 110.0 77.0 79.0 200.0 129.0 180.0 194.0 193.0 257.0
13 42.0 0.0 50.0 89.0 113.0 124.0 152.0 119.0 120.0 179.0 106.0 160.0 174.0 172.0 237.0
16 48.0 49.0 0.0 112.0 89.0 100.0 128.0 95.0 96.0 220.0 147.0 201.0 215.0 213.0 278.0
28 66.0 89.0 111.0 0.0 49.0 55.0 85.0 47.0 55.0 145.0 77.0 126.0 140.0 138.0 203.0
44 71.0 113.0 89.0 49.0 0.0 18.0 44.0 22.0 8.0 183.0 116.0 164.0 178.0 177.0 225.0
48 83.0 124.0 100.0 54.0 18.0 0.0 40.0 9.0 15.0 172.0 124.0 163.0 167.0 173.0 212.0
51 109.0 151.0 127.0 85.0 44.0 40.0 0.0 46.0 39.0 209.0 152.0 199.0 204.0 209.0 249.0
57 77.0 119.0 95.0 46.0 22.0 9.0 46.0 0.0 19.0 164.0 116.0 154.0 158.0 164.0 203.0
62 78.0 120.0 96.0 55.0 8.0 15.0 40.0 19.0 0.0 182.0 122.0 171.0 177.0 183.0 222.0
92 199.0 178.0 220.0 143.0 183.0 175.0 211.0 166.0 185.0 0.0 86.0 36.0 7.0 26.0 63.0
96 127.0 105.0 146.0 74.0 114.0 121.0 150.0 116.0 120.0 89.0 0.0 65.0 84.0 78.0 147.0
103 180.0 159.0 201.0 125.0 164.0 163.0 200.0 155.0 170.0 36.0 62.0 0.0 33.0 13.0 87.0
105 193.0 173.0 214.0 138.0 177.0 169.0 206.0 161.0 179.0 8.0 81.0 32.0 0.0 21.0 66.0
108 192.0 172.0 213.0 137.0 177.0 175.0 211.0 166.0 183.0 25.0 75.0 13.0 21.0 0.0 74.0
115 256.0 236.0 277.0 201.0 228.0 215.0 252.0 207.0 225.0 63.0 143.0 87.0 66.0 74.0 0.0

#distancia viaje entre puentes y alojamientos
: 122 123 124 140 146:=
2 53.0 78.0 93.0 123.0 180.0
13 91.0 79.0 135.0 100.0 159.0
16 99.0 120.0 111.0 141.0 200.0
28 13.0 22.0 68.0 75.0 125.0
44 42.0 61.0 27.0 114.0 163.0
48 50.0 69.0 23.0 122.0 154.0
51 79.0 97.0 18.0 151.0 191.0
57 45.0 64.0 29.0 117.0 145.0
62 48.0 67.0 23.0 120.0 164.0
92 146.0 132.0 195.0 90.0 36.0
96 77.0 63.0 133.0 12.0 69.0
103 127.0 114.0 183.0 66.0 16.0
105 141.0 127.0 189.0 85.0 33.0
108 140.0 126.0 195.0 79.0 17.0
115 203.0 190.0 235.0 147.0 87.0

#distancia entre alojamientos y puentes
: 2 13 16 28 44 48 51 57 62 92 96 103 105 108 115:=
122 53.0 91.0 99.0 13.0 43.0 50.0 79.0 45.0 49.0 147.0 79.0 128.0 142.0 141.0 205.0
123 79.0 78.0 120.0 22.0 61.0 69.0 98.0 64.0 68.0 133.0 65.0 114.0 128.0 127.0 191.0
124 93.0 135.0 111.0 69.0 27.0 23.0 18.0 29.0 23.0 192.0 136.0 183.0 187.0 193.0 232.0
140 123.0 101.0 142.0 75.0 114.0 122.0 150.0 116.0 120.0 91.0 13.0 67.0 86.0 80.0 148.0
146 180.0 160.0 201.0 125.0 164.0 157.0 194.0 149.0 167.0 36.0 67.0 15.0 33.0 19.0 87.0

#distancia entre depositos y puentes
: 2 13 16 28 44 48 51 57 62 92 96 103 105 108 115:=
0 60.0 101.0 77.0 36.0 14.0 23.0 51.0 19.0 20.0 171.0 103.0 151.0 165.0 164.0 222.0
1 141.0 118.0 160.0 90.0 129.0 135.0 165.0 127.0 135.0 80.0 16.0 55.0 74.0 68.0 137.0

#distancia entre puentes y depositos
: 0 1:=
2 59.0 140.0
13 101.0 117.0
16 77.0 158.0
28 35.0 91.0
44 13.0 129.0
48 24.0 134.0
51 51.0 166.0
57 19.0 125.0
62 20.0 136.0
92 169.0 79.0
96 100.0 18.0
103 150.0 55.0
105 164.0 73.0
108 163.0 67.0
115 225.0 136.0

;