set O:= 0 1;
set N:= 4 13 15 26 37 39 57 71 74 77 100 103 105 107 110;
set M:= 134 137 140 143 146;
set K:= 1 2 3;
param D:= 100;
param Q:= 540;
param v:= 2000000;
param f:= 
134 96841
137 27856
140 48596
143 48720
146 78000
;
param:	xcoord ycoord w q:=
0 -32.75044 -70.72613 0 1 
1 -33.0433 -71.624 0 1 
4 -32.44056 -71.00665 106 1 
13 -32.34055 -71.17481 99 1 
15 -32.44511 -71.32299 71 1 
26 -32.84855 -70.98046 116 1 
37 -32.81691 -70.71195 53 1 
39 -32.74002 -70.64044 105 1 
57 -32.89552 -70.6746 98 1 
71 -33.29475 -71.41066 32 1 
74 -32.91961 -71.50488 57 1 
77 -32.9314 -71.47561 30 1 
100 -33.38903 -71.69158 108 1 
103 -33.35491 -71.65289 40 1 
105 -33.53115 -71.54035 119 1 
107 -33.42116 -71.69462 116 1 
110 -33.63989 -71.57131 49 1 
134 -33.61172 -71.60733 0 1 
137 -32.91915 -71.52057 0 1 
140 -32.93024 -71.55027 0 1 
143 -32.78349 -71.53032 0 1 
146 -33.38843 -71.53636 0 1 
;
param d[*,*]
#distancia de viaje entre puentes
: 4 13 15 26 37 39 57 71 74 77 100 103 105 107 110:=
4 0.0 27.0 36.0 78.0 84.0 84.0 93.0 145.0 101.0 103.0 173.0 167.0 181.0 176.0 200.0
13 27.0 0.0 29.0 84.0 111.0 110.0 119.0 138.0 94.0 96.0 166.0 160.0 174.0 169.0 193.0
15 37.0 30.0 0.0 66.0 103.0 106.0 112.0 119.0 76.0 78.0 147.0 141.0 155.0 151.0 174.0
26 85.0 92.0 73.0 0.0 46.0 48.0 49.0 107.0 73.0 70.0 134.0 129.0 143.0 138.0 161.0
37 84.0 111.0 103.0 40.0 0.0 17.0 11.0 137.0 103.0 100.0 165.0 159.0 169.0 168.0 178.0
39 83.0 110.0 105.0 42.0 17.0 0.0 25.0 139.0 106.0 102.0 167.0 161.0 175.0 171.0 191.0
57 93.0 119.0 111.0 48.0 11.0 25.0 0.0 132.0 112.0 108.0 160.0 154.0 158.0 163.0 167.0
71 145.0 138.0 119.0 98.0 136.0 138.0 133.0 0.0 56.0 59.0 37.0 31.0 37.0 41.0 56.0
74 103.0 96.0 77.0 65.0 103.0 106.0 111.0 56.0 0.0 5.0 78.0 72.0 91.0 82.0 110.0
77 104.0 97.0 79.0 62.0 100.0 102.0 108.0 60.0 9.0 0.0 81.0 76.0 94.0 85.0 113.0
100 172.0 165.0 146.0 126.0 164.0 166.0 161.0 37.0 77.0 80.0 0.0 6.0 28.0 4.0 37.0
103 166.0 159.0 141.0 120.0 158.0 160.0 155.0 31.0 71.0 75.0 6.0 0.0 33.0 10.0 43.0
105 180.0 173.0 154.0 134.0 171.0 174.0 161.0 37.0 90.0 93.0 28.0 32.0 0.0 24.0 22.0
107 176.0 169.0 150.0 130.0 167.0 170.0 164.0 41.0 81.0 84.0 4.0 9.0 24.0 0.0 33.0
110 198.0 191.0 173.0 152.0 180.0 192.0 169.0 55.0 108.0 111.0 37.0 43.0 22.0 33.0 0.0

#distancia viaje entre puentes y alojamientos
: 134 137 140 143 146:=
4 194.0 103.0 107.0 92.0 166.0
13 187.0 96.0 100.0 85.0 159.0
15 168.0 78.0 81.0 67.0 140.0
26 156.0 74.0 78.0 80.0 128.0
37 183.0 105.0 109.0 110.0 156.0
39 188.0 107.0 111.0 112.0 160.0
57 172.0 113.0 117.0 118.0 145.0
71 50.0 53.0 51.0 78.0 24.0
74 104.0 2.0 6.0 22.0 76.0
77 108.0 10.0 14.0 31.0 79.0
100 31.0 74.0 72.0 99.0 17.0
103 38.0 69.0 66.0 93.0 16.0
105 17.0 87.0 85.0 112.0 33.0
107 28.0 78.0 76.0 103.0 18.0
110 6.0 106.0 103.0 130.0 43.0

#distancia entre alojamientos y puentes
: 4 13 15 26 37 39 57 71 74 77 100 103 105 107 110:=
134 193.0 186.0 167.0 147.0 184.0 187.0 174.0 49.0 103.0 106.0 32.0 37.0 16.0 28.0 6.0
137 104.0 97.0 79.0 66.0 104.0 107.0 112.0 53.0 2.0 6.0 75.0 69.0 88.0 79.0 107.0
140 108.0 101.0 82.0 70.0 108.0 110.0 116.0 51.0 5.0 10.0 73.0 67.0 86.0 77.0 104.0
143 94.0 87.0 68.0 71.0 109.0 111.0 117.0 79.0 22.0 27.0 100.0 94.0 113.0 104.0 132.0
146 167.0 160.0 141.0 120.0 158.0 160.0 149.0 24.0 76.0 80.0 18.0 15.0 33.0 18.0 43.0

#distancia entre depositos y puentes
: 4 13 15 26 37 39 57 71 74 77 100 103 105 107 110:=
0 75.0 101.0 96.0 32.0 11.0 10.0 19.0 130.0 96.0 92.0 157.0 151.0 165.0 161.0 184.0
1 125.0 118.0 100.0 86.0 123.0 126.0 127.0 40.0 23.0 27.0 61.0 55.0 74.0 65.0 93.0

#distancia entre puentes y depositos
: 0 1:=
4 75.0 124.0
13 101.0 117.0
15 96.0 99.0
26 38.0 93.0
37 11.0 124.0
39 10.0 126.0
57 19.0 125.0
71 129.0 39.0
74 96.0 23.0
77 92.0 29.0
100 156.0 60.0
103 150.0 55.0
105 164.0 73.0
107 160.0 64.0
110 182.0 92.0

;