set O:= 0 1;
set N:= 2 3 4 8 13 14 16 17 20 21 29 33 39 44 45 48 50 51 52 57 62 69 73 74 76 77 78 81 84 85 86 87 88 92 98 100 104 108 115 116;
set M:= 122 123 126 128 129 130 131 137 140 143;
set K:= 1 2 3 4 5;
param D:= 100;
param Q:= 540;
param v:= 2000000;
param f:= 
122 24000
123 26037
126 68517
128 39740
129 42028
130 45000
131 73862
137 27856
140 48596
143 48720
;
param:	xcoord ycoord w q:=
0 -32.75044 -70.72613 0 1 
1 -33.0433 -71.624 0 1 
2 -32.5191 -70.92373 38 1 
3 -32.35092 -70.79153 105 1 
4 -32.44056 -71.00665 106 1 
8 -32.44708 -71.19315 110 1 
13 -32.34055 -71.17481 99 1 
14 -32.51115 -71.42049 30 1 
16 -32.21823 -70.82151 78 1 
17 -32.34859 -71.07237 51 1 
20 -32.69998 -70.93128 51 1 
21 -32.80094 -70.95847 94 1 
29 -32.58297 -70.73334 108 1 
33 -32.62252 -70.72251 72 1 
39 -32.74002 -70.64044 105 1 
44 -32.76742 -70.61154 38 1 
45 -32.74039 -70.64 42 1 
48 -32.88608 -70.59211 103 1 
50 -32.87857 -70.20821 39 1 
51 -32.90645 -70.28716 50 1 
52 -32.90338 -70.26912 86 1 
57 -32.89552 -70.6746 98 1 
62 -32.76924 -70.56035 84 1 
69 -33.37956 -71.38904 76 1 
73 -33.20765 -71.57225 80 1 
74 -32.91961 -71.50488 57 1 
76 -32.93269 -71.43975 112 1 
77 -32.9314 -71.47561 30 1 
78 -32.93288 -71.46643 63 1 
81 -32.68399 -71.39191 70 1 
84 -32.86028 -71.45447 70 1 
85 -32.8625 -71.46772 106 1 
86 -32.86452 -71.49062 87 1 
87 -32.83144 -71.47526 89 1 
88 -32.80869 -71.44189 36 1 
92 -33.58655 -71.52943 57 1 
98 -32.98749 -71.50073 83 1 
100 -33.38903 -71.69158 108 1 
104 -33.61332 -71.40226 39 1 
108 -33.44564 -71.67852 41 1 
115 -33.93803 -71.7365 56 1 
116 -33.88859 -71.64141 97 1 
122 -32.77961 -70.95976 0 1 
123 -32.88254 -71.09009 0 1 
126 -32.25311 -70.93619 0 1 
128 -32.43019 -71.07467 0 1 
129 -32.44456 -71.22894 0 1 
130 -33.65802 -71.56785 0 1 
131 -33.65502 -71.62965 0 1 
137 -32.91915 -71.52057 0 1 
140 -32.93024 -71.55027 0 1 
143 -32.78349 -71.53032 0 1 
;
param d[*,*]
#distancia de viaje entre puentes
: 2 3 4 8 13 14 16 17 20 21 29 33 39 44 45 48 50 51 52 57 62 69 73 74 76 77 78 81 84 85 86 87 88 92 98 100 104 108 115 116:=
2 0.0 29.0 16.0 41.0 42.0 64.0 48.0 35.0 46.0 56.0 41.0 43.0 69.0 72.0 68.0 82.0 118.0 110.0 112.0 77.0 79.0 169.0 160.0 117.0 115.0 119.0 118.0 89.0 106.0 107.0 109.0 105.0 99.0 200.0 126.0 186.0 205.0 193.0 257.0 249.0
3 29.0 0.0 26.0 51.0 52.0 74.0 19.0 46.0 75.0 83.0 41.0 43.0 68.0 71.0 68.0 82.0 118.0 110.0 111.0 77.0 78.0 181.0 170.0 127.0 125.0 129.0 128.0 99.0 116.0 117.0 120.0 115.0 110.0 212.0 136.0 198.0 217.0 205.0 269.0 261.0
4 16.0 26.0 0.0 25.0 27.0 49.0 45.0 20.0 62.0 71.0 57.0 59.0 84.0 87.0 84.0 98.0 134.0 126.0 127.0 93.0 94.0 155.0 144.0 101.0 100.0 103.0 102.0 73.0 90.0 92.0 94.0 90.0 84.0 186.0 110.0 173.0 192.0 180.0 244.0 236.0
8 41.0 51.0 25.0 0.0 20.0 26.0 62.0 32.0 86.0 75.0 82.0 84.0 109.0 112.0 109.0 120.0 157.0 149.0 151.0 115.0 119.0 132.0 122.0 79.0 77.0 81.0 80.0 51.0 68.0 69.0 71.0 67.0 61.0 164.0 88.0 150.0 169.0 157.0 221.0 213.0
13 42.0 52.0 27.0 20.0 0.0 41.0 50.0 19.0 88.0 90.0 83.0 85.0 110.0 113.0 110.0 124.0 160.0 152.0 154.0 119.0 120.0 148.0 137.0 94.0 93.0 96.0 95.0 66.0 83.0 85.0 87.0 83.0 77.0 179.0 103.0 166.0 184.0 172.0 237.0 229.0
14 64.0 74.0 49.0 26.0 42.0 0.0 83.0 53.0 94.0 83.0 105.0 108.0 118.0 121.0 118.0 129.0 166.0 157.0 159.0 123.0 127.0 130.0 106.0 64.0 62.0 65.0 64.0 35.0 52.0 54.0 56.0 52.0 46.0 160.0 72.0 142.0 165.0 148.0 217.0 209.0
16 48.0 19.0 45.0 62.0 49.0 83.0 0.0 31.0 94.0 101.0 59.0 61.0 86.0 89.0 86.0 100.0 136.0 128.0 130.0 95.0 96.0 189.0 178.0 135.0 134.0 137.0 136.0 107.0 124.0 126.0 128.0 124.0 118.0 220.0 144.0 207.0 226.0 213.0 278.0 270.0
17 35.0 46.0 20.0 31.0 19.0 52.0 31.0 0.0 82.0 91.0 76.0 79.0 104.0 107.0 104.0 118.0 154.0 145.0 147.0 112.0 114.0 159.0 148.0 105.0 103.0 107.0 106.0 77.0 94.0 95.0 98.0 93.0 88.0 190.0 114.0 176.0 195.0 183.0 247.0 239.0
20 46.0 75.0 62.0 85.0 88.0 94.0 94.0 82.0 0.0 13.0 54.0 49.0 50.0 53.0 49.0 61.0 98.0 89.0 91.0 55.0 59.0 126.0 120.0 82.0 75.0 79.0 78.0 77.0 82.0 84.0 87.0 85.0 79.0 157.0 86.0 143.0 162.0 150.0 214.0 207.0
21 55.0 83.0 71.0 74.0 89.0 83.0 101.0 91.0 13.0 0.0 46.0 40.0 37.0 40.0 37.0 48.0 85.0 76.0 78.0 43.0 46.0 114.0 108.0 71.0 64.0 67.0 66.0 65.0 71.0 72.0 75.0 74.0 67.0 146.0 74.0 132.0 151.0 139.0 203.0 195.0
29 41.0 41.0 57.0 82.0 83.0 105.0 59.0 76.0 54.0 46.0 0.0 6.0 31.0 34.0 31.0 45.0 81.0 73.0 75.0 40.0 41.0 160.0 154.0 117.0 110.0 113.0 112.0 111.0 117.0 118.0 121.0 120.0 113.0 191.0 120.0 178.0 190.0 185.0 243.0 229.0
33 43.0 43.0 59.0 84.0 85.0 107.0 61.0 79.0 49.0 40.0 6.0 0.0 25.0 28.0 25.0 39.0 75.0 67.0 68.0 34.0 35.0 154.0 148.0 111.0 104.0 107.0 106.0 105.0 111.0 112.0 115.0 114.0 107.0 186.0 114.0 172.0 184.0 179.0 237.0 223.0
39 68.0 67.0 83.0 109.0 110.0 117.0 86.0 103.0 49.0 36.0 30.0 25.0 0.0 6.0 0.0 22.0 56.0 48.0 50.0 25.0 11.0 149.0 143.0 106.0 99.0 102.0 101.0 100.0 106.0 107.0 110.0 109.0 102.0 180.0 109.0 167.0 176.0 174.0 228.0 214.0
44 71.0 71.0 87.0 112.0 113.0 121.0 89.0 106.0 52.0 40.0 34.0 28.0 6.0 0.0 6.0 18.0 53.0 44.0 46.0 22.0 8.0 152.0 146.0 109.0 102.0 105.0 104.0 103.0 109.0 110.0 113.0 112.0 105.0 183.0 112.0 170.0 172.0 177.0 225.0 211.0
45 68.0 67.0 83.0 109.0 110.0 117.0 86.0 103.0 49.0 36.0 30.0 25.0 0.0 6.0 0.0 21.0 56.0 48.0 49.0 25.0 11.0 149.0 143.0 106.0 99.0 102.0 101.0 100.0 106.0 107.0 110.0 109.0 102.0 180.0 109.0 167.0 175.0 174.0 228.0 214.0
48 83.0 82.0 98.0 120.0 124.0 129.0 100.0 118.0 61.0 48.0 45.0 39.0 21.0 18.0 21.0 0.0 48.0 40.0 42.0 9.0 15.0 141.0 146.0 117.0 110.0 114.0 113.0 112.0 117.0 118.0 122.0 120.0 113.0 172.0 120.0 169.0 160.0 173.0 212.0 198.0
50 118.0 117.0 133.0 157.0 160.0 166.0 136.0 153.0 97.0 85.0 80.0 75.0 56.0 52.0 56.0 48.0 0.0 8.0 14.0 54.0 48.0 186.0 191.0 154.0 147.0 150.0 150.0 149.0 154.0 155.0 159.0 157.0 150.0 217.0 157.0 214.0 205.0 218.0 257.0 243.0
51 109.0 109.0 125.0 148.0 151.0 157.0 127.0 145.0 89.0 76.0 72.0 66.0 47.0 44.0 47.0 40.0 8.0 0.0 2.0 46.0 39.0 177.0 183.0 146.0 139.0 142.0 141.0 140.0 145.0 147.0 150.0 149.0 142.0 209.0 149.0 205.0 196.0 209.0 249.0 235.0
52 133.0 133.0 149.0 172.0 175.0 181.0 151.0 169.0 113.0 100.0 96.0 90.0 71.0 68.0 71.0 64.0 7.0 3.0 0.0 70.0 63.0 201.0 207.0 169.0 162.0 166.0 165.0 164.0 169.0 171.0 174.0 173.0 166.0 233.0 173.0 229.0 220.0 233.0 272.0 259.0
57 77.0 77.0 93.0 114.0 119.0 123.0 95.0 113.0 55.0 42.0 40.0 34.0 25.0 22.0 25.0 9.0 55.0 46.0 48.0 0.0 19.0 132.0 138.0 112.0 105.0 108.0 107.0 106.0 112.0 113.0 116.0 115.0 108.0 164.0 115.0 160.0 151.0 164.0 203.0 189.0
62 78.0 78.0 94.0 118.0 120.0 127.0 96.0 114.0 59.0 46.0 41.0 35.0 11.0 8.0 11.0 15.0 48.0 40.0 41.0 19.0 0.0 151.0 153.0 115.0 108.0 112.0 111.0 110.0 115.0 117.0 120.0 118.0 112.0 182.0 119.0 176.0 169.0 183.0 222.0 208.0
69 168.0 180.0 155.0 132.0 148.0 130.0 189.0 159.0 125.0 114.0 159.0 154.0 148.0 152.0 148.0 143.0 189.0 180.0 182.0 135.0 153.0 0.0 37.0 66.0 67.0 69.0 65.0 100.0 77.0 75.0 74.0 77.0 83.0 35.0 57.0 36.0 40.0 37.0 92.0 84.0
73 160.0 170.0 145.0 122.0 138.0 107.0 179.0 149.0 119.0 108.0 153.0 147.0 142.0 146.0 142.0 147.0 190.0 182.0 184.0 138.0 152.0 36.0 0.0 42.0 44.0 45.0 42.0 77.0 54.0 52.0 51.0 54.0 60.0 66.0 34.0 36.0 72.0 43.0 117.0 109.0
74 118.0 128.0 103.0 80.0 96.0 64.0 137.0 107.0 82.0 71.0 116.0 111.0 106.0 109.0 105.0 117.0 154.0 145.0 147.0 111.0 115.0 66.0 43.0 0.0 7.0 5.0 5.0 35.0 12.0 10.0 8.0 12.0 18.0 96.0 9.0 78.0 101.0 85.0 154.0 146.0
76 116.0 126.0 101.0 78.0 94.0 63.0 135.0 105.0 75.0 64.0 109.0 104.0 98.0 102.0 98.0 110.0 147.0 138.0 140.0 104.0 108.0 68.0 44.0 7.0 0.0 3.0 3.0 33.0 10.0 11.0 14.0 18.0 16.0 98.0 10.0 80.0 103.0 87.0 155.0 147.0
77 120.0 130.0 104.0 82.0 97.0 66.0 139.0 108.0 79.0 68.0 113.0 107.0 102.0 106.0 102.0 113.0 150.0 142.0 143.0 108.0 112.0 70.0 46.0 9.0 4.0 0.0 1.0 37.0 13.0 15.0 17.0 20.0 20.0 100.0 12.0 81.0 105.0 88.0 157.0 149.0
78 119.0 129.0 103.0 81.0 96.0 65.0 138.0 107.0 78.0 67.0 112.0 106.0 101.0 105.0 101.0 112.0 149.0 141.0 143.0 107.0 111.0 66.0 42.0 4.0 3.0 1.0 0.0 36.0 12.0 14.0 13.0 16.0 19.0 96.0 9.0 78.0 101.0 85.0 153.0 145.0
81 96.0 107.0 81.0 59.0 74.0 43.0 115.0 85.0 84.0 73.0 118.0 112.0 107.0 111.0 107.0 118.0 155.0 147.0 148.0 113.0 117.0 108.0 85.0 42.0 40.0 44.0 43.0 0.0 31.0 32.0 35.0 31.0 24.0 138.0 51.0 120.0 143.0 127.0 196.0 188.0
84 107.0 117.0 91.0 69.0 84.0 53.0 125.0 95.0 82.0 71.0 116.0 111.0 105.0 109.0 105.0 117.0 153.0 145.0 147.0 111.0 115.0 77.0 54.0 11.0 10.0 13.0 12.0 23.0 0.0 2.0 5.0 8.0 6.0 107.0 20.0 89.0 113.0 96.0 165.0 157.0
85 110.0 121.0 95.0 73.0 88.0 57.0 129.0 99.0 83.0 72.0 117.0 111.0 106.0 110.0 106.0 117.0 154.0 146.0 148.0 112.0 116.0 76.0 52.0 10.0 10.0 14.0 13.0 27.0 4.0 0.0 3.0 7.0 10.0 106.0 19.0 88.0 111.0 94.0 163.0 155.0
86 111.0 121.0 95.0 73.0 88.0 57.0 130.0 99.0 85.0 74.0 119.0 114.0 109.0 112.0 108.0 120.0 157.0 148.0 150.0 114.0 118.0 74.0 50.0 7.0 13.0 12.0 12.0 27.0 6.0 2.0 0.0 4.0 12.0 104.0 17.0 85.0 109.0 92.0 161.0 153.0
87 106.0 117.0 91.0 69.0 84.0 53.0 125.0 95.0 85.0 74.0 119.0 113.0 108.0 112.0 108.0 119.0 156.0 148.0 149.0 114.0 118.0 78.0 54.0 12.0 17.0 16.0 16.0 23.0 10.0 7.0 4.0 0.0 8.0 108.0 21.0 90.0 113.0 96.0 165.0 157.0
88 100.0 110.0 85.0 62.0 78.0 47.0 119.0 89.0 78.0 67.0 112.0 106.0 101.0 105.0 101.0 112.0 149.0 141.0 143.0 107.0 111.0 84.0 60.0 18.0 16.0 19.0 18.0 17.0 6.0 8.0 11.0 8.0 0.0 114.0 26.0 95.0 119.0 102.0 171.0 163.0
92 199.0 211.0 185.0 163.0 178.0 160.0 220.0 189.0 156.0 145.0 190.0 184.0 179.0 183.0 179.0 175.0 220.0 211.0 213.0 166.0 185.0 35.0 66.0 95.0 97.0 98.0 95.0 130.0 107.0 105.0 104.0 107.0 113.0 0.0 87.0 32.0 19.0 26.0 63.0 56.0
98 126.0 137.0 111.0 89.0 104.0 73.0 145.0 115.0 85.0 74.0 119.0 114.0 109.0 112.0 109.0 120.0 157.0 148.0 150.0 115.0 118.0 58.0 34.0 8.0 10.0 12.0 8.0 43.0 20.0 18.0 17.0 20.0 26.0 88.0 0.0 69.0 93.0 76.0 145.0 137.0
100 185.0 198.0 172.0 150.0 165.0 141.0 207.0 176.0 143.0 132.0 177.0 171.0 166.0 170.0 166.0 169.0 214.0 206.0 208.0 161.0 176.0 35.0 36.0 77.0 79.0 80.0 77.0 112.0 88.0 87.0 85.0 89.0 95.0 32.0 68.0 0.0 45.0 7.0 81.0 73.0
104 205.0 217.0 191.0 169.0 184.0 165.0 226.0 195.0 162.0 151.0 196.0 190.0 185.0 185.0 185.0 172.0 217.0 209.0 211.0 164.0 182.0 40.0 72.0 101.0 103.0 104.0 101.0 136.0 112.0 111.0 109.0 113.0 119.0 18.0 92.0 45.0 0.0 38.0 71.0 63.0
108 192.0 205.0 179.0 157.0 172.0 148.0 213.0 183.0 150.0 139.0 184.0 178.0 173.0 177.0 173.0 175.0 220.0 211.0 213.0 166.0 183.0 36.0 43.0 84.0 86.0 87.0 84.0 119.0 95.0 94.0 92.0 96.0 102.0 25.0 75.0 7.0 39.0 0.0 74.0 66.0
115 256.0 268.0 243.0 220.0 236.0 217.0 277.0 247.0 213.0 202.0 247.0 241.0 231.0 228.0 231.0 215.0 260.0 252.0 254.0 207.0 225.0 92.0 117.0 152.0 154.0 156.0 152.0 187.0 164.0 162.0 161.0 164.0 170.0 63.0 144.0 81.0 71.0 74.0 0.0 14.0
116 247.0 260.0 234.0 212.0 227.0 208.0 268.0 238.0 204.0 193.0 233.0 227.0 218.0 214.0 218.0 201.0 247.0 238.0 240.0 193.0 211.0 83.0 109.0 144.0 145.0 147.0 144.0 179.0 155.0 153.0 152.0 155.0 161.0 54.0 135.0 73.0 62.0 66.0 14.0 0.0

#distancia viaje entre puentes y alojamientos
: 122 123 126 128 129 130 131 137 140 143:=
2 53.0 78.0 54.0 24.0 43.0 216.0 214.0 119.0 123.0 108.0
3 81.0 106.0 32.0 34.0 53.0 228.0 226.0 129.0 133.0 118.0
4 69.0 86.0 39.0 8.0 28.0 202.0 200.0 103.0 107.0 92.0
8 76.0 63.0 50.0 17.0 5.0 180.0 178.0 81.0 85.0 70.0
13 91.0 79.0 38.0 21.0 21.0 195.0 193.0 96.0 100.0 85.0
14 84.0 72.0 71.0 40.0 22.0 176.0 174.0 65.0 69.0 55.0
16 99.0 120.0 12.0 45.0 62.0 236.0 234.0 137.0 141.0 126.0
17 89.0 89.0 20.0 14.0 32.0 206.0 204.0 107.0 111.0 96.0
20 10.0 36.0 101.0 70.0 81.0 173.0 171.0 83.0 87.0 89.0
21 2.0 23.0 110.0 79.0 70.0 162.0 160.0 72.0 76.0 77.0
29 44.0 69.0 71.0 65.0 84.0 207.0 205.0 118.0 122.0 123.0
33 38.0 63.0 74.0 67.0 86.0 202.0 200.0 112.0 116.0 117.0
39 39.0 58.0 98.0 92.0 105.0 194.0 195.0 107.0 111.0 112.0
44 42.0 61.0 101.0 95.0 108.0 191.0 197.0 110.0 114.0 115.0
45 39.0 58.0 98.0 92.0 104.0 194.0 194.0 107.0 111.0 112.0
48 50.0 69.0 113.0 106.0 116.0 178.0 185.0 118.0 122.0 124.0
50 87.0 106.0 148.0 142.0 153.0 223.0 230.0 155.0 159.0 160.0
51 79.0 97.0 140.0 133.0 144.0 215.0 221.0 147.0 151.0 152.0
52 103.0 121.0 164.0 157.0 168.0 239.0 245.0 171.0 175.0 176.0
57 45.0 64.0 107.0 101.0 110.0 169.0 176.0 113.0 117.0 118.0
62 48.0 67.0 109.0 102.0 114.0 188.0 194.0 116.0 120.0 122.0
69 115.0 102.0 177.0 146.0 128.0 51.0 49.0 63.0 60.0 88.0
73 109.0 95.0 168.0 137.0 118.0 76.0 74.0 39.0 37.0 64.0
74 72.0 58.0 125.0 94.0 76.0 112.0 110.0 2.0 6.0 22.0
76 65.0 51.0 124.0 93.0 74.0 114.0 112.0 8.0 12.0 27.0
77 69.0 55.0 127.0 96.0 78.0 116.0 114.0 10.0 14.0 31.0
78 68.0 54.0 126.0 95.0 77.0 112.0 110.0 6.0 10.0 26.0
81 74.0 61.0 104.0 73.0 54.0 154.0 152.0 44.0 48.0 33.0
84 72.0 58.0 114.0 83.0 65.0 123.0 121.0 13.0 17.0 17.0
85 73.0 59.0 118.0 87.0 68.0 122.0 120.0 11.0 15.0 17.0
86 75.0 62.0 118.0 87.0 69.0 120.0 118.0 9.0 13.0 15.0
87 75.0 62.0 114.0 83.0 64.0 124.0 122.0 13.0 17.0 10.0
88 68.0 55.0 108.0 77.0 58.0 130.0 128.0 19.0 23.0 11.0
92 146.0 132.0 208.0 177.0 159.0 22.0 20.0 92.0 90.0 117.0
98 75.0 61.0 134.0 103.0 84.0 104.0 102.0 9.0 11.0 30.0
100 133.0 119.0 195.0 164.0 146.0 39.0 38.0 74.0 72.0 99.0
104 152.0 138.0 214.0 183.0 165.0 21.0 28.0 98.0 96.0 123.0
108 140.0 126.0 202.0 171.0 153.0 32.0 30.0 81.0 79.0 106.0
115 203.0 190.0 265.0 234.0 216.0 55.0 48.0 150.0 147.0 174.0
116 194.0 181.0 257.0 226.0 207.0 47.0 39.0 141.0 139.0 166.0

#distancia entre alojamientos y puentes
: 2 3 4 8 13 14 16 17 20 21 29 33 39 44 45 48 50 51 52 57 62 69 73 74 76 77 78 81 84 85 86 87 88 92 98 100 104 108 115 116:=
122 53.0 81.0 69.0 76.0 91.0 84.0 99.0 89.0 10.0 2.0 44.0 38.0 39.0 43.0 39.0 50.0 87.0 79.0 81.0 45.0 49.0 116.0 110.0 73.0 66.0 69.0 68.0 67.0 73.0 74.0 77.0 76.0 69.0 147.0 76.0 134.0 153.0 141.0 205.0 197.0
123 79.0 106.0 85.0 63.0 78.0 72.0 120.0 89.0 36.0 23.0 69.0 63.0 58.0 61.0 58.0 69.0 106.0 98.0 99.0 64.0 68.0 102.0 96.0 59.0 52.0 55.0 54.0 54.0 59.0 60.0 63.0 62.0 56.0 133.0 62.0 120.0 139.0 127.0 191.0 183.0
126 54.0 32.0 39.0 50.0 38.0 71.0 13.0 19.0 101.0 110.0 71.0 74.0 99.0 102.0 99.0 113.0 149.0 140.0 142.0 107.0 109.0 177.0 166.0 124.0 122.0 125.0 124.0 96.0 112.0 114.0 116.0 112.0 106.0 208.0 132.0 195.0 214.0 202.0 266.0 258.0
128 24.0 34.0 8.0 17.0 21.0 40.0 45.0 14.0 70.0 79.0 65.0 67.0 92.0 95.0 92.0 106.0 142.0 134.0 135.0 101.0 102.0 147.0 136.0 93.0 91.0 95.0 94.0 65.0 82.0 83.0 86.0 82.0 76.0 178.0 102.0 164.0 183.0 171.0 235.0 228.0
129 43.0 53.0 28.0 5.0 20.0 22.0 62.0 31.0 82.0 71.0 84.0 86.0 105.0 109.0 105.0 116.0 153.0 145.0 147.0 111.0 115.0 128.0 118.0 75.0 73.0 77.0 76.0 47.0 64.0 65.0 67.0 63.0 57.0 160.0 83.0 146.0 165.0 153.0 217.0 209.0
130 214.0 227.0 201.0 179.0 194.0 175.0 236.0 205.0 172.0 161.0 206.0 200.0 195.0 193.0 195.0 180.0 225.0 217.0 219.0 172.0 190.0 50.0 76.0 111.0 113.0 114.0 111.0 146.0 122.0 121.0 119.0 123.0 129.0 21.0 102.0 40.0 21.0 33.0 55.0 47.0
131 212.0 225.0 199.0 177.0 192.0 173.0 234.0 203.0 170.0 159.0 204.0 198.0 193.0 197.0 193.0 186.0 232.0 223.0 225.0 178.0 196.0 48.0 74.0 109.0 111.0 112.0 109.0 144.0 120.0 119.0 117.0 121.0 127.0 19.0 100.0 38.0 28.0 31.0 48.0 40.0
137 120.0 130.0 104.0 82.0 97.0 66.0 139.0 108.0 83.0 72.0 117.0 112.0 107.0 110.0 107.0 118.0 155.0 146.0 148.0 112.0 116.0 63.0 40.0 2.0 8.0 6.0 6.0 37.0 14.0 11.0 10.0 13.0 20.0 93.0 10.0 75.0 99.0 82.0 151.0 143.0
140 123.0 134.0 108.0 86.0 101.0 70.0 142.0 112.0 87.0 76.0 121.0 116.0 110.0 114.0 110.0 122.0 158.0 150.0 152.0 116.0 120.0 61.0 37.0 5.0 12.0 10.0 9.0 40.0 17.0 15.0 14.0 17.0 24.0 91.0 10.0 73.0 96.0 80.0 148.0 141.0
143 109.0 119.0 94.0 71.0 87.0 56.0 128.0 98.0 88.0 77.0 122.0 117.0 111.0 115.0 111.0 123.0 160.0 151.0 153.0 117.0 121.0 88.0 65.0 22.0 27.0 27.0 27.0 26.0 17.0 17.0 15.0 11.0 11.0 118.0 31.0 100.0 124.0 107.0 176.0 168.0

#distancia entre depositos y puentes
: 2 3 4 8 13 14 16 17 20 21 29 33 39 44 45 48 50 51 52 57 62 69 73 74 76 77 78 81 84 85 86 87 88 92 98 100 104 108 115 116:=
0 60.0 59.0 75.0 99.0 101.0 108.0 77.0 95.0 39.0 27.0 22.0 16.0 10.0 14.0 10.0 23.0 60.0 51.0 53.0 19.0 20.0 140.0 133.0 96.0 89.0 92.0 92.0 91.0 96.0 97.0 101.0 99.0 92.0 171.0 99.0 157.0 170.0 164.0 222.0 208.0
1 141.0 151.0 125.0 103.0 118.0 87.0 160.0 130.0 102.0 91.0 136.0 131.0 126.0 129.0 126.0 135.0 174.0 165.0 167.0 127.0 135.0 50.0 26.0 23.0 27.0 27.0 25.0 58.0 35.0 33.0 31.0 35.0 41.0 80.0 17.0 61.0 85.0 68.0 137.0 129.0

#distancia entre puentes y depositos
: 0 1:=
2 59.0 140.0
3 59.0 150.0
4 75.0 124.0
8 99.0 102.0
13 101.0 117.0
14 108.0 86.0
16 77.0 158.0
17 95.0 128.0
20 40.0 103.0
21 27.0 91.0
29 22.0 137.0
33 16.0 131.0
39 10.0 126.0
44 13.0 129.0
45 10.0 126.0
48 24.0 134.0
50 59.0 174.0
51 51.0 166.0
52 75.0 190.0
57 19.0 125.0
62 20.0 136.0
69 138.0 49.0
73 132.0 26.0
74 96.0 23.0
76 89.0 27.0
77 92.0 29.0
78 91.0 25.0
81 97.0 65.0
84 95.0 34.0
85 96.0 32.0
86 99.0 30.0
87 98.0 34.0
88 91.0 40.0
92 169.0 79.0
98 99.0 17.0
100 156.0 60.0
104 175.0 85.0
108 163.0 67.0
115 225.0 136.0
116 212.0 127.0

;