set O:= 0 1;
set N:= 8 10 13 14 15 16 25 33 37 62 63 69 75 76 77 78 80 84 89 96 98 104 105 108 119;
set M:= 122 123 124 126 128 129 143 144 146 147;
set K:= 1 2 3 4 5;
param D:= 100;
param Q:= 540;
param v:= 2000000;
param f:= 
122 24000
123 26037
124 63000
126 68517
128 39740
129 42028
143 48720
144 52000
146 78000
147 45000
;
param:	xcoord ycoord w q:=
0 -32.75044 -70.72613 0 1 
1 -33.0433 -71.624 0 1 
8 -32.44708 -71.19315 110 1 
10 -32.43335 -71.23322 48 1 
13 -32.34055 -71.17481 99 1 
14 -32.51115 -71.42049 30 1 
15 -32.44511 -71.32299 71 1 
16 -32.21823 -70.82151 78 1 
25 -32.86219 -70.89013 69 1 
33 -32.62252 -70.72251 72 1 
37 -32.81691 -70.71195 53 1 
62 -32.76924 -70.56035 84 1 
63 -32.76227 -70.50125 44 1 
69 -33.37956 -71.38904 76 1 
75 -32.91508 -71.49869 66 1 
76 -32.93269 -71.43975 112 1 
77 -32.9314 -71.47561 30 1 
78 -32.93288 -71.46643 63 1 
80 -32.63102 -71.41979 41 1 
84 -32.86028 -71.45447 70 1 
89 -33.10385 -71.66487 64 1 
96 -32.99633 -71.50138 105 1 
98 -32.98749 -71.50073 83 1 
104 -33.61332 -71.40226 39 1 
105 -33.53115 -71.54035 119 1 
108 -33.44564 -71.67852 41 1 
119 -33.8283 -71.64323 81 1 
122 -32.77961 -70.95976 0 1 
123 -32.88254 -71.09009 0 1 
124 -32.85659 -70.41855 0 1 
126 -32.25311 -70.93619 0 1 
128 -32.43019 -71.07467 0 1 
129 -32.44456 -71.22894 0 1 
143 -32.78349 -71.53032 0 1 
144 -32.77144 -71.53401 0 1 
146 -33.38843 -71.53636 0 1 
147 -33.32534 -71.38598 0 1 
;
param d[*,*]
#distancia de viaje entre puentes
: 8 10 13 14 15 16 25 33 37 62 63 69 75 76 77 78 80 84 89 96 98 104 105 108 119:=
8 0.0 4.0 20.0 26.0 14.0 62.0 77.0 84.0 107.0 119.0 126.0 132.0 78.0 77.0 81.0 80.0 40.0 68.0 113.0 91.0 88.0 169.0 158.0 157.0 203.0
10 4.0 0.0 19.0 23.0 11.0 60.0 75.0 89.0 104.0 116.0 123.0 130.0 76.0 75.0 78.0 77.0 37.0 65.0 110.0 88.0 85.0 166.0 156.0 154.0 200.0
13 20.0 19.0 0.0 41.0 29.0 50.0 93.0 85.0 111.0 120.0 127.0 148.0 94.0 93.0 96.0 95.0 55.0 83.0 128.0 106.0 103.0 184.0 174.0 172.0 218.0
14 26.0 23.0 42.0 0.0 12.0 83.0 86.0 108.0 115.0 127.0 134.0 130.0 63.0 62.0 65.0 64.0 24.0 52.0 98.0 76.0 72.0 165.0 154.0 148.0 199.0
15 14.0 11.0 30.0 12.0 0.0 71.0 74.0 96.0 103.0 115.0 123.0 129.0 75.0 74.0 78.0 77.0 36.0 65.0 110.0 88.0 84.0 166.0 155.0 154.0 199.0
16 62.0 60.0 49.0 83.0 70.0 0.0 115.0 61.0 87.0 96.0 103.0 189.0 135.0 134.0 137.0 136.0 96.0 124.0 170.0 147.0 144.0 226.0 215.0 213.0 259.0
25 77.0 74.0 92.0 86.0 74.0 115.0 0.0 54.0 46.0 58.0 65.0 118.0 75.0 67.0 71.0 70.0 75.0 74.0 106.0 81.0 78.0 154.0 144.0 142.0 188.0
33 84.0 88.0 85.0 107.0 95.0 61.0 54.0 0.0 26.0 35.0 42.0 154.0 112.0 104.0 107.0 106.0 111.0 111.0 143.0 118.0 114.0 184.0 180.0 179.0 225.0
37 106.0 104.0 111.0 115.0 103.0 87.0 47.0 26.0 0.0 20.0 27.0 143.0 104.0 96.0 100.0 99.0 104.0 103.0 135.0 110.0 107.0 162.0 169.0 171.0 204.0
62 118.0 116.0 120.0 127.0 115.0 96.0 58.0 35.0 20.0 0.0 7.0 151.0 116.0 108.0 112.0 111.0 116.0 115.0 147.0 122.0 119.0 169.0 177.0 183.0 212.0
63 125.0 123.0 127.0 134.0 122.0 103.0 65.0 42.0 27.0 7.0 0.0 158.0 123.0 115.0 119.0 118.0 123.0 122.0 154.0 129.0 126.0 176.0 184.0 190.0 219.0
69 132.0 130.0 148.0 130.0 129.0 189.0 117.0 154.0 146.0 153.0 160.0 0.0 66.0 67.0 69.0 65.0 106.0 77.0 54.0 56.0 57.0 40.0 30.0 37.0 74.0
75 79.0 77.0 95.0 64.0 76.0 136.0 74.0 112.0 104.0 116.0 123.0 67.0 0.0 8.0 6.0 5.0 40.0 11.0 35.0 13.0 10.0 102.0 92.0 86.0 136.0
76 78.0 76.0 94.0 63.0 75.0 135.0 67.0 104.0 96.0 108.0 115.0 68.0 8.0 0.0 3.0 3.0 39.0 10.0 39.0 14.0 10.0 103.0 93.0 87.0 137.0
77 82.0 79.0 97.0 66.0 79.0 139.0 70.0 107.0 100.0 112.0 119.0 70.0 9.0 4.0 0.0 1.0 42.0 13.0 40.0 15.0 12.0 105.0 94.0 88.0 139.0
78 81.0 78.0 96.0 65.0 78.0 138.0 69.0 106.0 99.0 111.0 118.0 66.0 5.0 3.0 1.0 0.0 41.0 12.0 37.0 12.0 9.0 101.0 91.0 85.0 135.0
80 40.0 37.0 55.0 24.0 36.0 96.0 73.0 110.0 102.0 114.0 122.0 106.0 39.0 38.0 41.0 40.0 0.0 28.0 74.0 51.0 48.0 141.0 130.0 124.0 175.0
84 69.0 66.0 84.0 53.0 65.0 125.0 73.0 111.0 103.0 115.0 122.0 77.0 10.0 10.0 13.0 12.0 29.0 0.0 45.0 23.0 20.0 113.0 102.0 96.0 146.0
89 115.0 112.0 130.0 99.0 111.0 171.0 105.0 143.0 135.0 147.0 154.0 51.0 35.0 39.0 39.0 37.0 75.0 46.0 0.0 28.0 29.0 87.0 76.0 70.0 120.0
96 89.0 87.0 105.0 74.0 86.0 146.0 78.0 115.0 108.0 120.0 127.0 59.0 10.0 12.0 13.0 9.0 50.0 21.0 30.0 0.0 2.0 94.0 84.0 78.0 128.0
98 89.0 86.0 104.0 73.0 85.0 145.0 77.0 114.0 106.0 118.0 126.0 58.0 9.0 10.0 12.0 8.0 49.0 20.0 28.0 4.0 0.0 93.0 82.0 76.0 127.0
104 169.0 166.0 184.0 165.0 166.0 226.0 153.0 190.0 175.0 182.0 189.0 40.0 102.0 103.0 104.0 101.0 142.0 112.0 90.0 92.0 92.0 0.0 18.0 38.0 53.0
105 158.0 155.0 173.0 154.0 154.0 214.0 142.0 179.0 171.0 179.0 186.0 29.0 91.0 91.0 93.0 90.0 130.0 101.0 78.0 81.0 81.0 18.0 0.0 21.0 48.0
108 157.0 154.0 172.0 148.0 153.0 213.0 141.0 178.0 170.0 183.0 190.0 36.0 85.0 86.0 87.0 84.0 124.0 95.0 72.0 75.0 75.0 39.0 21.0 0.0 55.0
119 202.0 199.0 217.0 198.0 198.0 259.0 186.0 223.0 208.0 215.0 222.0 73.0 135.0 136.0 137.0 134.0 174.0 145.0 123.0 125.0 125.0 53.0 47.0 56.0 0.0

#distancia viaje entre puentes y alojamientos
: 122 123 124 126 128 129 143 144 146 147:=
8 76.0 63.0 132.0 50.0 17.0 5.0 70.0 71.0 144.0 128.0
10 73.0 61.0 130.0 49.0 21.0 3.0 67.0 69.0 141.0 126.0
13 91.0 79.0 135.0 38.0 21.0 21.0 85.0 87.0 159.0 144.0
14 84.0 72.0 141.0 71.0 40.0 22.0 55.0 56.0 140.0 126.0
15 72.0 60.0 129.0 59.0 28.0 10.0 67.0 68.0 140.0 125.0
16 99.0 120.0 111.0 12.0 45.0 62.0 126.0 128.0 200.0 185.0
25 16.0 26.0 71.0 122.0 91.0 73.0 81.0 82.0 129.0 114.0
33 38.0 63.0 50.0 74.0 67.0 86.0 117.0 119.0 165.0 150.0
37 37.0 55.0 30.0 99.0 93.0 102.0 110.0 111.0 156.0 141.0
62 48.0 67.0 23.0 109.0 102.0 114.0 122.0 123.0 164.0 148.0
63 55.0 74.0 30.0 115.0 109.0 121.0 129.0 130.0 171.0 155.0
69 115.0 102.0 163.0 177.0 146.0 128.0 88.0 89.0 18.0 9.0
75 73.0 59.0 129.0 125.0 94.0 75.0 21.0 23.0 77.0 63.0
76 65.0 51.0 121.0 124.0 93.0 74.0 27.0 28.0 78.0 64.0
77 69.0 55.0 125.0 127.0 96.0 78.0 31.0 32.0 79.0 65.0
78 68.0 54.0 124.0 126.0 95.0 77.0 26.0 28.0 76.0 62.0
80 71.0 59.0 128.0 85.0 54.0 36.0 30.0 32.0 115.0 101.0
84 72.0 58.0 128.0 114.0 83.0 65.0 17.0 19.0 87.0 73.0
89 104.0 90.0 160.0 160.0 129.0 111.0 57.0 58.0 61.0 47.0
96 77.0 63.0 133.0 135.0 104.0 85.0 31.0 33.0 69.0 55.0
98 75.0 61.0 132.0 134.0 103.0 84.0 30.0 32.0 67.0 53.0
104 152.0 138.0 192.0 214.0 183.0 165.0 123.0 125.0 44.0 46.0
105 141.0 127.0 189.0 203.0 172.0 154.0 112.0 113.0 33.0 35.0
108 140.0 126.0 195.0 202.0 171.0 153.0 106.0 107.0 17.0 40.0
119 185.0 171.0 225.0 247.0 216.0 198.0 156.0 157.0 69.0 79.0

#distancia entre alojamientos y puentes
: 8 10 13 14 15 16 25 33 37 62 63 69 75 76 77 78 80 84 89 96 98 104 105 108 119:=
122 76.0 73.0 91.0 84.0 72.0 99.0 16.0 38.0 37.0 49.0 56.0 116.0 73.0 66.0 69.0 68.0 73.0 73.0 104.0 79.0 76.0 153.0 142.0 141.0 186.0
123 63.0 60.0 78.0 72.0 60.0 120.0 26.0 63.0 55.0 68.0 75.0 102.0 59.0 52.0 55.0 54.0 60.0 59.0 90.0 65.0 62.0 139.0 128.0 127.0 172.0
124 132.0 129.0 135.0 141.0 128.0 111.0 72.0 50.0 30.0 23.0 30.0 161.0 130.0 122.0 125.0 124.0 129.0 129.0 160.0 136.0 132.0 179.0 187.0 193.0 222.0
126 50.0 48.0 38.0 71.0 59.0 13.0 122.0 74.0 99.0 109.0 116.0 177.0 123.0 122.0 125.0 124.0 84.0 112.0 158.0 136.0 132.0 214.0 203.0 202.0 247.0
128 17.0 21.0 21.0 40.0 28.0 45.0 91.0 67.0 93.0 102.0 109.0 147.0 92.0 91.0 95.0 94.0 54.0 82.0 127.0 105.0 102.0 183.0 173.0 171.0 217.0
129 5.0 2.0 20.0 22.0 10.0 62.0 73.0 86.0 103.0 115.0 122.0 128.0 74.0 73.0 77.0 76.0 35.0 64.0 109.0 87.0 83.0 165.0 154.0 153.0 199.0
143 71.0 69.0 87.0 56.0 68.0 128.0 80.0 117.0 109.0 121.0 128.0 88.0 21.0 27.0 27.0 27.0 32.0 17.0 56.0 34.0 31.0 124.0 113.0 107.0 157.0
144 73.0 70.0 88.0 57.0 69.0 129.0 81.0 118.0 110.0 122.0 129.0 90.0 23.0 28.0 28.0 28.0 33.0 19.0 58.0 36.0 33.0 125.0 114.0 108.0 159.0
146 144.0 142.0 160.0 141.0 141.0 201.0 129.0 166.0 158.0 167.0 174.0 18.0 77.0 78.0 80.0 76.0 117.0 88.0 65.0 67.0 68.0 43.0 33.0 19.0 69.0
147 127.0 125.0 143.0 125.0 124.0 184.0 112.0 149.0 141.0 152.0 159.0 9.0 61.0 62.0 64.0 60.0 101.0 72.0 49.0 51.0 52.0 46.0 35.0 41.0 80.0

#distancia entre depositos y puentes
: 8 10 13 14 15 16 25 33 37 62 63 69 75 76 77 78 80 84 89 96 98 104 105 108 119:=
0 99.0 96.0 101.0 108.0 96.0 77.0 39.0 16.0 11.0 20.0 27.0 140.0 97.0 89.0 92.0 92.0 96.0 96.0 128.0 103.0 99.0 170.0 165.0 164.0 210.0
1 103.0 100.0 118.0 87.0 100.0 160.0 94.0 131.0 123.0 135.0 143.0 50.0 24.0 27.0 27.0 25.0 63.0 35.0 12.0 16.0 17.0 85.0 74.0 68.0 119.0

#distancia entre puentes y depositos
: 0 1:=
8 99.0 102.0
10 97.0 99.0
13 101.0 117.0
14 108.0 86.0
15 96.0 99.0
16 77.0 158.0
25 38.0 94.0
33 16.0 131.0
37 11.0 124.0
62 20.0 136.0
63 27.0 143.0
69 138.0 49.0
75 96.0 24.0
76 89.0 27.0
77 92.0 29.0
78 91.0 25.0
80 95.0 62.0
84 95.0 34.0
89 127.0 12.0
96 100.0 18.0
98 99.0 17.0
104 175.0 85.0
105 164.0 73.0
108 163.0 67.0
119 208.0 118.0

;