set O:= 0 1;
set N:= 2 3 4 8 13 14 15 16 17 26 28 29 32 33 36 37 44 48 49 50 51 57 62 69 70 71 73 74 75 77 80 81 85 86 92 93 96 98 100 101 103 104 105 106 107 108 109 111 114 115;
set M:= 123 124 126 127 128 129 131 134 140 143 146 147;
set K:= 1 2 3 4 5 6 7;
param D:= 100;
param Q:= 540;
param v:= 2000000;
param f:= 
123 26037
124 63000
126 68517
127 25694
128 39740
129 42028
131 73862
134 96841
140 48596
143 48720
146 78000
147 45000
;
param:	xcoord ycoord w q:=
0 -32.75044 -70.72613 0 1 
1 -33.0433 -71.624 0 1 
2 -32.5191 -70.92373 38 1 
3 -32.35092 -70.79153 105 1 
4 -32.44056 -71.00665 106 1 
8 -32.44708 -71.19315 110 1 
13 -32.34055 -71.17481 99 1 
14 -32.51115 -71.42049 30 1 
15 -32.44511 -71.32299 71 1 
16 -32.21823 -70.82151 78 1 
17 -32.34859 -71.07237 51 1 
26 -32.84855 -70.98046 116 1 
28 -32.86292 -70.94795 99 1 
29 -32.58297 -70.73334 108 1 
32 -32.66447 -70.697 94 1 
33 -32.62252 -70.72251 72 1 
36 -32.83944 -71.00021 66 1 
37 -32.81691 -70.71195 53 1 
44 -32.76742 -70.61154 38 1 
48 -32.88608 -70.59211 103 1 
49 -32.90731 -70.28602 104 1 
50 -32.87857 -70.20821 39 1 
51 -32.90645 -70.28716 50 1 
57 -32.89552 -70.6746 98 1 
62 -32.76924 -70.56035 84 1 
69 -33.37956 -71.38904 76 1 
70 -33.29115 -71.47716 94 1 
71 -33.29475 -71.41066 32 1 
73 -33.20765 -71.57225 80 1 
74 -32.91961 -71.50488 57 1 
75 -32.91508 -71.49869 66 1 
77 -32.9314 -71.47561 30 1 
80 -32.63102 -71.41979 41 1 
81 -32.68399 -71.39191 70 1 
85 -32.8625 -71.46772 106 1 
86 -32.86452 -71.49062 87 1 
92 -33.58655 -71.52943 57 1 
93 -33.01883 -71.50131 58 1 
96 -32.99633 -71.50138 105 1 
98 -32.98749 -71.50073 83 1 
100 -33.38903 -71.69158 108 1 
101 -33.34522 -71.64882 59 1 
103 -33.35491 -71.65289 40 1 
104 -33.61332 -71.40226 39 1 
105 -33.53115 -71.54035 119 1 
106 -33.53398 -71.59339 54 1 
107 -33.42116 -71.69462 116 1 
108 -33.44564 -71.67852 41 1 
109 -33.44473 -71.67916 117 1 
111 -33.77523 -71.42462 65 1 
114 -33.63163 -71.61037 97 1 
115 -33.93803 -71.7365 56 1 
123 -32.88254 -71.09009 0 1 
124 -32.85659 -70.41855 0 1 
126 -32.25311 -70.93619 0 1 
127 -32.24898 -70.9333 0 1 
128 -32.43019 -71.07467 0 1 
129 -32.44456 -71.22894 0 1 
131 -33.65502 -71.62965 0 1 
134 -33.61172 -71.60733 0 1 
140 -32.93024 -71.55027 0 1 
143 -32.78349 -71.53032 0 1 
146 -33.38843 -71.53636 0 1 
147 -33.32534 -71.38598 0 1 
;
param d[*,*]
#distancia de viaje entre puentes
: 2 3 4 8 13 14 15 16 17 26 28 29 32 33 36 37 44 48 49 50 51 57 62 69 70 71 73 74 75 77 80 81 85 86 92 93 96 98 100 101 103 104 105 106 107 108 109 111 114 115:=
2 0.0 29.0 16.0 41.0 42.0 64.0 52.0 48.0 35.0 63.0 66.0 41.0 50.0 43.0 63.0 69.0 72.0 82.0 110.0 118.0 110.0 77.0 79.0 169.0 158.0 159.0 160.0 117.0 116.0 119.0 78.0 89.0 107.0 109.0 200.0 130.0 129.0 126.0 186.0 179.0 180.0 205.0 194.0 199.0 190.0 193.0 193.0 232.0 210.0 257.0
3 29.0 0.0 26.0 51.0 52.0 74.0 62.0 19.0 46.0 90.0 94.0 41.0 50.0 43.0 90.0 68.0 71.0 82.0 110.0 118.0 110.0 77.0 78.0 181.0 171.0 171.0 170.0 127.0 126.0 129.0 88.0 99.0 117.0 120.0 212.0 140.0 139.0 136.0 198.0 191.0 192.0 217.0 207.0 211.0 202.0 205.0 205.0 238.0 222.0 269.0
4 16.0 26.0 0.0 25.0 27.0 49.0 36.0 45.0 20.0 78.0 82.0 57.0 66.0 59.0 79.0 84.0 87.0 98.0 126.0 134.0 126.0 93.0 94.0 155.0 145.0 145.0 144.0 101.0 101.0 103.0 62.0 73.0 92.0 94.0 186.0 115.0 114.0 110.0 173.0 166.0 167.0 192.0 181.0 185.0 176.0 180.0 179.0 218.0 196.0 244.0
8 41.0 51.0 25.0 0.0 20.0 26.0 14.0 62.0 32.0 69.0 73.0 82.0 91.0 84.0 73.0 107.0 112.0 120.0 149.0 157.0 149.0 115.0 119.0 132.0 122.0 122.0 122.0 79.0 78.0 81.0 40.0 51.0 69.0 71.0 164.0 92.0 91.0 88.0 150.0 143.0 144.0 169.0 158.0 163.0 154.0 157.0 157.0 196.0 174.0 221.0
13 42.0 52.0 27.0 20.0 0.0 41.0 29.0 50.0 19.0 84.0 89.0 83.0 92.0 85.0 88.0 111.0 113.0 124.0 152.0 160.0 152.0 119.0 120.0 148.0 138.0 138.0 137.0 94.0 94.0 96.0 55.0 66.0 85.0 87.0 179.0 108.0 106.0 103.0 166.0 159.0 160.0 184.0 174.0 178.0 169.0 172.0 172.0 211.0 189.0 237.0
14 64.0 74.0 49.0 26.0 42.0 0.0 12.0 83.0 53.0 78.0 82.0 105.0 114.0 108.0 81.0 115.0 121.0 129.0 158.0 166.0 157.0 123.0 127.0 130.0 118.0 120.0 106.0 64.0 63.0 65.0 24.0 35.0 54.0 56.0 160.0 77.0 76.0 72.0 142.0 135.0 136.0 165.0 154.0 159.0 145.0 148.0 148.0 192.0 170.0 217.0
15 52.0 62.0 37.0 14.0 30.0 12.0 0.0 71.0 41.0 66.0 70.0 93.0 102.0 96.0 69.0 103.0 109.0 117.0 146.0 154.0 145.0 112.0 115.0 129.0 119.0 119.0 118.0 76.0 75.0 78.0 36.0 48.0 66.0 68.0 160.0 89.0 88.0 84.0 147.0 140.0 141.0 166.0 155.0 159.0 151.0 154.0 154.0 192.0 171.0 218.0
16 48.0 19.0 45.0 62.0 49.0 83.0 70.0 0.0 31.0 108.0 112.0 59.0 68.0 61.0 109.0 87.0 89.0 100.0 128.0 136.0 128.0 95.0 96.0 189.0 179.0 179.0 178.0 135.0 135.0 137.0 96.0 107.0 126.0 128.0 220.0 149.0 147.0 144.0 207.0 200.0 201.0 226.0 215.0 219.0 210.0 213.0 213.0 252.0 230.0 278.0
17 35.0 46.0 20.0 31.0 19.0 52.0 40.0 31.0 0.0 95.0 100.0 76.0 86.0 79.0 99.0 104.0 107.0 118.0 146.0 154.0 145.0 112.0 114.0 159.0 149.0 149.0 148.0 105.0 104.0 107.0 66.0 77.0 95.0 98.0 190.0 118.0 117.0 114.0 176.0 169.0 170.0 195.0 185.0 189.0 180.0 183.0 183.0 222.0 200.0 247.0
26 69.0 96.0 85.0 76.0 92.0 85.0 73.0 114.0 103.0 0.0 5.0 59.0 51.0 53.0 12.0 46.0 52.0 58.0 88.0 96.0 88.0 49.0 58.0 117.0 107.0 107.0 111.0 73.0 74.0 70.0 74.0 68.0 75.0 78.0 148.0 81.0 80.0 77.0 134.0 127.0 129.0 153.0 143.0 147.0 138.0 141.0 141.0 180.0 158.0 205.0
28 66.0 93.0 82.0 73.0 89.0 82.0 70.0 111.0 100.0 5.0 0.0 56.0 48.0 50.0 9.0 43.0 49.0 55.0 85.0 93.0 85.0 47.0 55.0 114.0 104.0 104.0 108.0 70.0 71.0 67.0 71.0 65.0 72.0 75.0 145.0 78.0 77.0 74.0 132.0 125.0 126.0 150.0 140.0 144.0 135.0 138.0 138.0 177.0 155.0 203.0
29 41.0 41.0 57.0 82.0 83.0 105.0 93.0 59.0 76.0 53.0 57.0 0.0 13.0 6.0 54.0 32.0 34.0 45.0 73.0 81.0 73.0 40.0 41.0 160.0 150.0 150.0 154.0 117.0 117.0 113.0 117.0 111.0 118.0 121.0 191.0 125.0 123.0 120.0 178.0 171.0 172.0 190.0 186.0 190.0 181.0 185.0 185.0 201.0 202.0 243.0
32 50.0 50.0 66.0 91.0 92.0 114.0 102.0 68.0 86.0 45.0 49.0 13.0 0.0 7.0 45.0 24.0 26.0 37.0 65.0 73.0 65.0 32.0 33.0 152.0 142.0 142.0 146.0 109.0 110.0 105.0 109.0 103.0 110.0 113.0 184.0 117.0 116.0 112.0 170.0 163.0 164.0 182.0 178.0 183.0 174.0 177.0 177.0 193.0 194.0 235.0
33 43.0 43.0 59.0 84.0 85.0 107.0 95.0 61.0 79.0 47.0 51.0 6.0 7.0 0.0 47.0 26.0 28.0 39.0 67.0 75.0 67.0 34.0 35.0 154.0 144.0 144.0 148.0 111.0 112.0 107.0 111.0 105.0 112.0 115.0 186.0 119.0 118.0 114.0 172.0 165.0 166.0 184.0 180.0 185.0 176.0 179.0 179.0 195.0 196.0 237.0
36 64.0 91.0 79.0 70.0 86.0 79.0 67.0 109.0 97.0 4.0 8.0 54.0 46.0 48.0 0.0 40.0 46.0 54.0 83.0 91.0 82.0 49.0 52.0 111.0 101.0 101.0 105.0 67.0 68.0 64.0 68.0 62.0 69.0 72.0 142.0 76.0 74.0 71.0 129.0 122.0 123.0 148.0 137.0 141.0 132.0 135.0 135.0 174.0 152.0 200.0
37 69.0 69.0 84.0 106.0 111.0 115.0 103.0 87.0 104.0 40.0 43.0 32.0 24.0 26.0 40.0 0.0 21.0 17.0 47.0 55.0 47.0 11.0 20.0 143.0 137.0 137.0 141.0 103.0 104.0 100.0 104.0 98.0 105.0 108.0 175.0 111.0 110.0 107.0 165.0 158.0 159.0 162.0 169.0 174.0 168.0 171.0 171.0 172.0 183.0 214.0
44 71.0 71.0 87.0 112.0 113.0 121.0 108.0 89.0 106.0 45.0 49.0 34.0 26.0 28.0 45.0 20.0 0.0 18.0 44.0 53.0 44.0 22.0 8.0 152.0 142.0 142.0 146.0 109.0 110.0 105.0 109.0 103.0 110.0 113.0 183.0 117.0 116.0 112.0 170.0 163.0 164.0 172.0 178.0 183.0 174.0 177.0 177.0 183.0 193.0 225.0
48 83.0 82.0 98.0 120.0 124.0 129.0 117.0 100.0 118.0 53.0 54.0 45.0 37.0 39.0 54.0 17.0 18.0 0.0 40.0 48.0 40.0 9.0 15.0 141.0 141.0 141.0 146.0 117.0 118.0 114.0 117.0 112.0 118.0 122.0 172.0 121.0 124.0 120.0 169.0 162.0 163.0 160.0 167.0 172.0 172.0 173.0 173.0 170.0 181.0 212.0
49 135.0 135.0 151.0 174.0 177.0 183.0 171.0 153.0 171.0 107.0 111.0 98.0 90.0 92.0 108.0 73.0 69.0 66.0 0.0 8.0 1.0 71.0 65.0 203.0 203.0 203.0 209.0 171.0 172.0 168.0 171.0 166.0 172.0 176.0 235.0 179.0 178.0 174.0 231.0 224.0 225.0 222.0 229.0 234.0 234.0 235.0 235.0 232.0 243.0 274.0
50 118.0 117.0 133.0 157.0 160.0 166.0 153.0 136.0 153.0 90.0 94.0 80.0 73.0 75.0 91.0 55.0 52.0 48.0 12.0 0.0 8.0 54.0 48.0 186.0 186.0 186.0 191.0 154.0 155.0 150.0 154.0 149.0 155.0 159.0 217.0 162.0 161.0 157.0 214.0 207.0 208.0 205.0 212.0 217.0 217.0 218.0 218.0 215.0 226.0 257.0
51 109.0 109.0 125.0 148.0 151.0 157.0 145.0 127.0 145.0 82.0 85.0 72.0 64.0 66.0 82.0 47.0 44.0 40.0 4.0 8.0 0.0 46.0 39.0 177.0 177.0 178.0 183.0 146.0 146.0 142.0 146.0 140.0 147.0 150.0 209.0 154.0 152.0 149.0 205.0 198.0 199.0 196.0 204.0 208.0 208.0 209.0 209.0 207.0 217.0 249.0
57 77.0 77.0 93.0 114.0 119.0 123.0 111.0 95.0 113.0 48.0 46.0 40.0 32.0 34.0 48.0 11.0 22.0 9.0 46.0 55.0 46.0 0.0 19.0 132.0 132.0 132.0 138.0 112.0 112.0 108.0 112.0 106.0 113.0 116.0 164.0 112.0 116.0 115.0 160.0 153.0 154.0 151.0 158.0 163.0 163.0 164.0 164.0 161.0 172.0 203.0
62 78.0 78.0 94.0 118.0 120.0 127.0 115.0 96.0 114.0 52.0 55.0 41.0 33.0 35.0 52.0 20.0 8.0 15.0 40.0 48.0 40.0 19.0 0.0 151.0 149.0 149.0 153.0 115.0 116.0 112.0 116.0 110.0 117.0 120.0 182.0 123.0 122.0 119.0 176.0 169.0 171.0 169.0 177.0 181.0 180.0 183.0 183.0 180.0 191.0 222.0
69 168.0 180.0 155.0 132.0 148.0 130.0 129.0 189.0 159.0 108.0 113.0 159.0 152.0 154.0 112.0 146.0 152.0 143.0 180.0 189.0 180.0 135.0 153.0 0.0 16.0 10.0 37.0 66.0 66.0 69.0 106.0 100.0 75.0 74.0 35.0 53.0 56.0 57.0 36.0 34.0 33.0 40.0 30.0 34.0 36.0 37.0 37.0 67.0 45.0 92.0
70 158.0 170.0 144.0 122.0 138.0 119.0 119.0 179.0 149.0 98.0 103.0 149.0 141.0 144.0 102.0 136.0 142.0 142.0 178.0 186.0 178.0 133.0 148.0 16.0 0.0 10.0 25.0 54.0 55.0 58.0 95.0 89.0 64.0 63.0 41.0 41.0 45.0 46.0 28.0 21.0 22.0 47.0 36.0 40.0 32.0 35.0 35.0 73.0 52.0 99.0
71 158.0 170.0 145.0 122.0 138.0 120.0 119.0 179.0 149.0 98.0 103.0 149.0 142.0 144.0 102.0 136.0 142.0 142.0 178.0 187.0 178.0 133.0 148.0 10.0 10.0 0.0 27.0 56.0 56.0 59.0 96.0 90.0 65.0 64.0 42.0 43.0 46.0 47.0 37.0 30.0 31.0 48.0 37.0 42.0 41.0 43.0 43.0 74.0 53.0 100.0
73 160.0 170.0 145.0 122.0 138.0 107.0 119.0 179.0 149.0 102.0 106.0 153.0 145.0 147.0 106.0 140.0 146.0 147.0 182.0 190.0 182.0 138.0 152.0 36.0 25.0 27.0 0.0 42.0 43.0 45.0 83.0 77.0 52.0 51.0 66.0 29.0 33.0 34.0 36.0 29.0 30.0 72.0 61.0 57.0 40.0 43.0 43.0 98.0 70.0 117.0
74 118.0 128.0 103.0 80.0 96.0 64.0 77.0 137.0 107.0 65.0 70.0 116.0 109.0 111.0 69.0 103.0 109.0 117.0 145.0 154.0 145.0 111.0 115.0 66.0 55.0 56.0 43.0 0.0 1.0 5.0 40.0 35.0 10.0 8.0 96.0 13.0 12.0 9.0 78.0 71.0 72.0 101.0 91.0 95.0 82.0 85.0 85.0 128.0 106.0 154.0
75 117.0 127.0 102.0 79.0 95.0 64.0 76.0 136.0 106.0 66.0 71.0 117.0 109.0 112.0 70.0 104.0 110.0 118.0 146.0 154.0 146.0 112.0 116.0 67.0 56.0 57.0 43.0 1.0 0.0 6.0 40.0 34.0 9.0 8.0 97.0 14.0 13.0 10.0 79.0 72.0 73.0 102.0 92.0 96.0 82.0 86.0 85.0 129.0 107.0 154.0
77 120.0 130.0 104.0 82.0 97.0 66.0 79.0 139.0 108.0 62.0 66.0 113.0 105.0 107.0 65.0 100.0 106.0 113.0 142.0 150.0 142.0 108.0 112.0 70.0 58.0 60.0 46.0 9.0 9.0 0.0 42.0 37.0 15.0 17.0 100.0 17.0 15.0 12.0 81.0 74.0 76.0 105.0 94.0 99.0 85.0 88.0 88.0 131.0 110.0 157.0
80 77.0 88.0 62.0 40.0 55.0 24.0 36.0 96.0 66.0 65.0 69.0 115.0 108.0 110.0 68.0 102.0 108.0 116.0 145.0 153.0 144.0 111.0 114.0 106.0 94.0 96.0 82.0 39.0 39.0 41.0 0.0 11.0 30.0 32.0 136.0 53.0 51.0 48.0 117.0 110.0 112.0 141.0 130.0 135.0 121.0 124.0 124.0 167.0 146.0 193.0
81 96.0 107.0 81.0 59.0 74.0 43.0 55.0 115.0 85.0 67.0 71.0 118.0 110.0 112.0 70.0 105.0 111.0 118.0 147.0 155.0 147.0 113.0 117.0 108.0 97.0 98.0 85.0 42.0 41.0 44.0 19.0 0.0 32.0 35.0 138.0 55.0 54.0 51.0 120.0 113.0 114.0 143.0 133.0 137.0 124.0 127.0 127.0 170.0 148.0 196.0
85 110.0 121.0 95.0 73.0 88.0 57.0 69.0 129.0 99.0 66.0 70.0 117.0 109.0 111.0 70.0 104.0 110.0 117.0 146.0 154.0 146.0 112.0 116.0 76.0 64.0 66.0 52.0 10.0 9.0 14.0 33.0 27.0 0.0 3.0 106.0 23.0 22.0 19.0 88.0 81.0 82.0 111.0 100.0 105.0 91.0 94.0 94.0 138.0 116.0 163.0
86 111.0 121.0 95.0 73.0 88.0 57.0 69.0 130.0 99.0 68.0 73.0 119.0 112.0 114.0 72.0 106.0 112.0 120.0 148.0 157.0 148.0 114.0 118.0 74.0 62.0 64.0 50.0 7.0 7.0 12.0 33.0 27.0 2.0 0.0 104.0 21.0 20.0 17.0 85.0 78.0 80.0 109.0 98.0 103.0 89.0 92.0 92.0 135.0 114.0 161.0
92 199.0 211.0 185.0 163.0 178.0 160.0 160.0 220.0 189.0 139.0 143.0 190.0 182.0 184.0 143.0 177.0 183.0 175.0 211.0 220.0 211.0 166.0 185.0 35.0 41.0 42.0 66.0 95.0 96.0 98.0 136.0 130.0 105.0 104.0 0.0 82.0 86.0 87.0 32.0 37.0 36.0 19.0 7.0 12.0 29.0 26.0 26.0 36.0 16.0 63.0
93 131.0 141.0 115.0 93.0 108.0 77.0 89.0 150.0 119.0 73.0 77.0 124.0 116.0 118.0 77.0 111.0 117.0 123.0 153.0 161.0 153.0 114.0 123.0 53.0 42.0 43.0 30.0 13.0 13.0 16.0 53.0 47.0 22.0 21.0 83.0 0.0 4.0 4.0 65.0 58.0 59.0 88.0 78.0 82.0 69.0 72.0 72.0 115.0 93.0 141.0
96 127.0 137.0 112.0 89.0 105.0 74.0 86.0 146.0 116.0 70.0 74.0 121.0 113.0 115.0 74.0 108.0 114.0 121.0 150.0 158.0 150.0 116.0 120.0 59.0 48.0 49.0 36.0 9.0 10.0 13.0 50.0 44.0 19.0 18.0 89.0 6.0 0.0 2.0 71.0 64.0 65.0 94.0 84.0 88.0 75.0 78.0 78.0 121.0 99.0 147.0
98 126.0 137.0 111.0 89.0 104.0 73.0 85.0 145.0 115.0 69.0 73.0 119.0 112.0 114.0 72.0 106.0 112.0 120.0 149.0 157.0 148.0 115.0 118.0 58.0 46.0 48.0 34.0 8.0 9.0 12.0 49.0 43.0 18.0 17.0 88.0 5.0 4.0 0.0 69.0 62.0 64.0 93.0 82.0 87.0 73.0 76.0 76.0 119.0 98.0 145.0
100 185.0 198.0 172.0 150.0 165.0 141.0 146.0 207.0 176.0 126.0 130.0 177.0 169.0 171.0 129.0 164.0 170.0 169.0 206.0 214.0 206.0 161.0 176.0 35.0 28.0 37.0 36.0 77.0 78.0 80.0 118.0 112.0 87.0 85.0 32.0 64.0 68.0 68.0 0.0 7.0 6.0 45.0 28.0 21.0 4.0 7.0 7.0 64.0 33.0 81.0
101 179.0 191.0 165.0 143.0 158.0 135.0 140.0 200.0 169.0 119.0 123.0 170.0 162.0 164.0 123.0 157.0 163.0 162.0 199.0 207.0 199.0 154.0 169.0 36.0 21.0 30.0 29.0 70.0 71.0 73.0 111.0 105.0 80.0 79.0 37.0 57.0 61.0 62.0 7.0 0.0 1.0 51.0 34.0 28.0 11.0 14.0 14.0 69.0 41.0 88.0
103 180.0 192.0 166.0 144.0 159.0 136.0 141.0 201.0 171.0 120.0 125.0 171.0 163.0 165.0 124.0 158.0 164.0 163.0 200.0 208.0 200.0 155.0 170.0 34.0 22.0 31.0 30.0 71.0 72.0 75.0 112.0 106.0 81.0 80.0 36.0 58.0 62.0 63.0 6.0 1.0 0.0 50.0 33.0 27.0 10.0 13.0 13.0 68.0 40.0 87.0
104 205.0 217.0 191.0 169.0 184.0 165.0 166.0 226.0 195.0 145.0 149.0 196.0 188.0 190.0 149.0 175.0 185.0 172.0 209.0 217.0 209.0 164.0 182.0 40.0 47.0 48.0 72.0 101.0 102.0 104.0 142.0 136.0 111.0 109.0 18.0 88.0 92.0 92.0 45.0 49.0 48.0 0.0 18.0 24.0 42.0 38.0 39.0 31.0 24.0 71.0
105 193.0 206.0 180.0 158.0 173.0 154.0 154.0 214.0 184.0 134.0 138.0 185.0 177.0 179.0 137.0 171.0 177.0 169.0 206.0 214.0 206.0 161.0 179.0 29.0 36.0 37.0 61.0 90.0 91.0 93.0 130.0 125.0 100.0 98.0 8.0 77.0 81.0 81.0 28.0 33.0 32.0 18.0 0.0 7.0 24.0 21.0 21.0 39.0 19.0 66.0
106 198.0 211.0 185.0 163.0 178.0 159.0 159.0 219.0 189.0 139.0 143.0 190.0 182.0 184.0 142.0 177.0 183.0 174.0 211.0 219.0 211.0 166.0 184.0 34.0 41.0 42.0 56.0 95.0 96.0 98.0 135.0 130.0 105.0 103.0 12.0 82.0 86.0 86.0 21.0 27.0 26.0 25.0 7.0 0.0 17.0 14.0 14.0 43.0 13.0 60.0
107 189.0 202.0 176.0 154.0 169.0 145.0 150.0 210.0 180.0 130.0 134.0 180.0 173.0 175.0 133.0 167.0 173.0 173.0 210.0 218.0 209.0 164.0 180.0 36.0 31.0 41.0 40.0 81.0 82.0 84.0 121.0 116.0 91.0 89.0 29.0 68.0 72.0 72.0 4.0 11.0 9.0 42.0 24.0 17.0 0.0 3.0 3.0 60.0 30.0 77.0
108 192.0 205.0 179.0 157.0 172.0 148.0 153.0 213.0 183.0 133.0 137.0 184.0 176.0 178.0 136.0 170.0 177.0 175.0 211.0 220.0 211.0 166.0 183.0 36.0 35.0 42.0 43.0 84.0 85.0 87.0 124.0 119.0 94.0 92.0 25.0 71.0 75.0 75.0 7.0 14.0 13.0 39.0 21.0 14.0 3.0 0.0 0.0 57.0 27.0 74.0
109 192.0 205.0 179.0 157.0 172.0 148.0 153.0 213.0 183.0 133.0 137.0 183.0 176.0 178.0 136.0 170.0 176.0 175.0 211.0 220.0 211.0 166.0 183.0 36.0 34.0 42.0 43.0 84.0 85.0 87.0 124.0 119.0 94.0 92.0 26.0 71.0 75.0 75.0 7.0 14.0 13.0 39.0 21.0 14.0 3.0 0.0 0.0 57.0 27.0 74.0
111 230.0 241.0 216.0 194.0 209.0 191.0 191.0 251.0 220.0 170.0 174.0 203.0 196.0 198.0 174.0 175.0 185.0 172.0 209.0 218.0 209.0 164.0 182.0 66.0 72.0 73.0 97.0 126.0 127.0 129.0 167.0 161.0 136.0 134.0 36.0 113.0 117.0 118.0 63.0 67.0 66.0 27.0 38.0 42.0 59.0 56.0 56.0 0.0 36.0 83.0
114 209.0 221.0 195.0 173.0 188.0 169.0 170.0 230.0 199.0 149.0 153.0 200.0 192.0 194.0 153.0 185.0 193.0 183.0 219.0 228.0 219.0 174.0 193.0 45.0 51.0 52.0 70.0 105.0 106.0 108.0 146.0 140.0 115.0 113.0 15.0 92.0 96.0 96.0 34.0 41.0 40.0 24.0 19.0 13.0 30.0 27.0 27.0 36.0 0.0 47.0
115 256.0 268.0 243.0 220.0 236.0 217.0 217.0 277.0 247.0 196.0 201.0 247.0 238.0 241.0 200.0 218.0 228.0 215.0 252.0 260.0 252.0 207.0 225.0 92.0 98.0 99.0 117.0 152.0 153.0 156.0 193.0 187.0 162.0 161.0 63.0 139.0 143.0 144.0 81.0 88.0 87.0 71.0 66.0 61.0 77.0 74.0 74.0 83.0 47.0 0.0

#distancia viaje entre puentes y alojamientos
: 123 124 126 127 128 129 131 134 140 143 146 147:=
2 78.0 93.0 54.0 55.0 24.0 43.0 214.0 208.0 123.0 108.0 180.0 164.0
3 106.0 93.0 32.0 31.0 34.0 53.0 226.0 220.0 133.0 118.0 192.0 177.0
4 86.0 109.0 39.0 40.0 8.0 28.0 200.0 194.0 107.0 92.0 166.0 151.0
8 63.0 132.0 50.0 51.0 17.0 5.0 178.0 172.0 85.0 70.0 144.0 128.0
13 79.0 135.0 38.0 39.0 21.0 21.0 193.0 187.0 100.0 85.0 159.0 144.0
14 72.0 141.0 71.0 72.0 40.0 22.0 174.0 168.0 69.0 55.0 140.0 126.0
15 60.0 129.0 59.0 60.0 28.0 10.0 174.0 168.0 81.0 67.0 140.0 125.0
16 120.0 111.0 12.0 12.0 45.0 62.0 234.0 228.0 141.0 126.0 200.0 185.0
17 89.0 129.0 20.0 20.0 14.0 32.0 204.0 198.0 111.0 96.0 170.0 155.0
26 25.0 71.0 121.0 122.0 90.0 72.0 162.0 156.0 78.0 80.0 128.0 113.0
28 22.0 68.0 118.0 119.0 87.0 69.0 159.0 153.0 75.0 77.0 125.0 110.0
29 69.0 56.0 71.0 71.0 65.0 84.0 205.0 199.0 122.0 123.0 171.0 156.0
32 61.0 48.0 80.0 80.0 74.0 93.0 198.0 192.0 114.0 115.0 163.0 148.0
33 63.0 50.0 74.0 73.0 67.0 86.0 200.0 194.0 116.0 117.0 165.0 150.0
36 19.0 66.0 116.0 116.0 85.0 66.0 156.0 150.0 73.0 74.0 122.0 107.0
37 55.0 30.0 99.0 99.0 93.0 102.0 187.0 183.0 109.0 110.0 156.0 141.0
44 61.0 27.0 101.0 101.0 95.0 108.0 197.0 192.0 114.0 115.0 163.0 148.0
48 69.0 23.0 113.0 113.0 106.0 116.0 185.0 180.0 122.0 124.0 154.0 139.0
49 123.0 43.0 165.0 165.0 159.0 170.0 247.0 243.0 176.0 178.0 216.0 201.0
50 106.0 26.0 148.0 148.0 142.0 153.0 230.0 226.0 159.0 160.0 199.0 184.0
51 97.0 18.0 140.0 139.0 133.0 144.0 221.0 217.0 151.0 152.0 191.0 175.0
57 64.0 29.0 107.0 107.0 101.0 110.0 176.0 172.0 117.0 118.0 145.0 130.0
62 67.0 23.0 109.0 108.0 102.0 114.0 194.0 190.0 120.0 122.0 164.0 148.0
69 102.0 163.0 177.0 178.0 146.0 128.0 49.0 43.0 60.0 88.0 18.0 9.0
70 92.0 161.0 167.0 168.0 136.0 118.0 55.0 49.0 49.0 76.0 21.0 12.0
71 92.0 161.0 168.0 168.0 136.0 118.0 57.0 50.0 51.0 78.0 24.0 7.0
73 95.0 165.0 168.0 168.0 137.0 118.0 74.0 68.0 37.0 64.0 46.0 32.0
74 58.0 129.0 125.0 126.0 94.0 76.0 110.0 104.0 6.0 22.0 76.0 62.0
75 59.0 129.0 125.0 125.0 94.0 75.0 111.0 105.0 6.0 21.0 77.0 63.0
77 55.0 125.0 127.0 128.0 96.0 78.0 114.0 108.0 14.0 31.0 79.0 65.0
80 59.0 128.0 85.0 85.0 54.0 36.0 150.0 144.0 45.0 30.0 115.0 101.0
81 61.0 130.0 104.0 104.0 73.0 54.0 152.0 146.0 48.0 33.0 118.0 104.0
85 59.0 129.0 118.0 118.0 87.0 68.0 120.0 114.0 15.0 17.0 86.0 72.0
86 62.0 132.0 118.0 119.0 87.0 69.0 118.0 112.0 13.0 15.0 83.0 69.0
92 132.0 195.0 208.0 209.0 177.0 159.0 20.0 14.0 90.0 117.0 36.0 40.0
93 66.0 136.0 138.0 139.0 107.0 89.0 97.0 91.0 15.0 35.0 63.0 49.0
96 63.0 133.0 135.0 135.0 104.0 85.0 103.0 97.0 12.0 31.0 69.0 55.0
98 61.0 132.0 134.0 134.0 103.0 84.0 102.0 96.0 11.0 30.0 67.0 53.0
100 119.0 189.0 195.0 196.0 164.0 146.0 38.0 31.0 72.0 99.0 17.0 39.0
101 112.0 182.0 188.0 189.0 157.0 139.0 45.0 39.0 65.0 92.0 17.0 32.0
103 114.0 183.0 189.0 190.0 158.0 140.0 44.0 38.0 66.0 93.0 16.0 33.0
104 138.0 192.0 214.0 215.0 183.0 165.0 28.0 24.0 96.0 123.0 44.0 46.0
105 127.0 189.0 203.0 204.0 172.0 154.0 23.0 17.0 85.0 112.0 33.0 35.0
106 132.0 194.0 208.0 209.0 177.0 159.0 17.0 11.0 90.0 117.0 27.0 40.0
107 123.0 193.0 199.0 199.0 168.0 149.0 34.0 28.0 76.0 103.0 18.0 41.0
108 126.0 195.0 202.0 203.0 171.0 153.0 30.0 24.0 79.0 106.0 17.0 40.0
109 126.0 195.0 202.0 202.0 171.0 152.0 31.0 25.0 79.0 106.0 17.0 40.0
111 163.0 192.0 239.0 240.0 208.0 190.0 40.0 36.0 121.0 148.0 67.0 71.0
114 142.0 203.0 218.0 219.0 187.0 169.0 4.0 2.0 100.0 127.0 40.0 50.0
115 190.0 235.0 265.0 266.0 234.0 216.0 48.0 50.0 147.0 174.0 87.0 97.0

#distancia entre alojamientos y puentes
: 2 3 4 8 13 14 15 16 17 26 28 29 32 33 36 37 44 48 49 50 51 57 62 69 70 71 73 74 75 77 80 81 85 86 92 93 96 98 100 101 103 104 105 106 107 108 109 111 114 115:=
123 79.0 106.0 85.0 63.0 78.0 72.0 60.0 120.0 89.0 18.0 22.0 69.0 61.0 63.0 21.0 55.0 61.0 69.0 98.0 106.0 98.0 64.0 68.0 102.0 92.0 92.0 96.0 59.0 59.0 55.0 60.0 54.0 60.0 63.0 133.0 67.0 65.0 62.0 120.0 113.0 114.0 139.0 128.0 132.0 124.0 127.0 127.0 165.0 144.0 191.0
124 93.0 92.0 108.0 132.0 135.0 141.0 128.0 111.0 128.0 65.0 69.0 55.0 47.0 50.0 65.0 30.0 27.0 23.0 18.0 26.0 18.0 29.0 23.0 161.0 161.0 161.0 166.0 129.0 130.0 125.0 129.0 123.0 130.0 133.0 192.0 137.0 136.0 132.0 189.0 182.0 183.0 179.0 187.0 191.0 192.0 193.0 193.0 190.0 201.0 232.0
126 54.0 32.0 39.0 50.0 38.0 71.0 59.0 13.0 19.0 114.0 118.0 71.0 81.0 74.0 117.0 99.0 102.0 113.0 140.0 149.0 140.0 107.0 109.0 177.0 167.0 167.0 166.0 124.0 123.0 125.0 84.0 96.0 114.0 116.0 208.0 137.0 136.0 132.0 195.0 188.0 189.0 214.0 203.0 208.0 199.0 202.0 202.0 240.0 219.0 266.0
127 55.0 31.0 40.0 51.0 38.0 72.0 59.0 12.0 20.0 115.0 119.0 71.0 80.0 73.0 118.0 99.0 102.0 112.0 140.0 148.0 140.0 107.0 109.0 178.0 168.0 168.0 167.0 124.0 124.0 126.0 85.0 96.0 115.0 117.0 209.0 138.0 137.0 133.0 196.0 189.0 190.0 215.0 204.0 208.0 199.0 203.0 202.0 241.0 219.0 267.0
128 24.0 34.0 8.0 17.0 21.0 40.0 28.0 45.0 14.0 83.0 88.0 65.0 74.0 67.0 87.0 93.0 95.0 106.0 134.0 142.0 134.0 101.0 102.0 147.0 137.0 137.0 136.0 93.0 92.0 95.0 54.0 65.0 83.0 86.0 178.0 106.0 105.0 102.0 164.0 157.0 159.0 183.0 173.0 177.0 168.0 171.0 171.0 210.0 188.0 235.0
129 43.0 53.0 28.0 5.0 20.0 22.0 10.0 62.0 31.0 65.0 69.0 84.0 93.0 86.0 68.0 103.0 109.0 116.0 145.0 153.0 145.0 111.0 115.0 128.0 118.0 118.0 118.0 75.0 74.0 77.0 35.0 47.0 65.0 67.0 160.0 88.0 87.0 83.0 146.0 139.0 140.0 165.0 154.0 159.0 150.0 153.0 153.0 191.0 170.0 217.0
131 212.0 225.0 199.0 177.0 192.0 173.0 173.0 234.0 203.0 153.0 157.0 204.0 196.0 198.0 156.0 189.0 197.0 186.0 223.0 232.0 223.0 178.0 196.0 48.0 55.0 56.0 74.0 109.0 110.0 112.0 149.0 144.0 119.0 117.0 19.0 96.0 100.0 100.0 38.0 45.0 43.0 28.0 22.0 17.0 34.0 31.0 31.0 40.0 4.0 48.0
134 206.0 219.0 193.0 170.0 186.0 167.0 167.0 227.0 197.0 147.0 151.0 197.0 190.0 192.0 150.0 184.0 190.0 182.0 219.0 227.0 219.0 174.0 192.0 42.0 48.0 49.0 68.0 103.0 103.0 106.0 143.0 137.0 112.0 111.0 13.0 90.0 93.0 94.0 32.0 38.0 37.0 24.0 16.0 11.0 28.0 25.0 25.0 36.0 2.0 50.0
140 123.0 134.0 108.0 86.0 101.0 70.0 82.0 142.0 112.0 70.0 75.0 121.0 113.0 116.0 74.0 108.0 114.0 122.0 150.0 158.0 150.0 116.0 120.0 61.0 50.0 51.0 37.0 5.0 6.0 10.0 46.0 40.0 15.0 14.0 91.0 14.0 13.0 10.0 73.0 66.0 67.0 96.0 86.0 90.0 77.0 80.0 80.0 123.0 101.0 148.0
143 109.0 119.0 94.0 71.0 87.0 56.0 68.0 128.0 98.0 71.0 76.0 122.0 115.0 117.0 75.0 109.0 115.0 123.0 151.0 160.0 151.0 117.0 121.0 88.0 77.0 79.0 65.0 22.0 21.0 27.0 32.0 26.0 17.0 15.0 118.0 36.0 34.0 31.0 100.0 93.0 94.0 124.0 113.0 117.0 104.0 107.0 107.0 150.0 129.0 176.0
146 180.0 192.0 167.0 144.0 160.0 141.0 141.0 201.0 171.0 120.0 125.0 171.0 164.0 166.0 124.0 158.0 164.0 157.0 194.0 202.0 194.0 149.0 167.0 18.0 22.0 24.0 45.0 76.0 77.0 80.0 117.0 111.0 86.0 85.0 36.0 63.0 67.0 68.0 18.0 16.0 15.0 43.0 33.0 27.0 18.0 19.0 19.0 68.0 40.0 87.0
147 163.0 175.0 150.0 127.0 143.0 125.0 124.0 184.0 154.0 103.0 108.0 154.0 147.0 149.0 107.0 141.0 147.0 142.0 179.0 187.0 179.0 134.0 152.0 9.0 12.0 5.0 32.0 61.0 61.0 64.0 101.0 95.0 70.0 69.0 41.0 48.0 51.0 52.0 39.0 32.0 33.0 46.0 35.0 40.0 40.0 41.0 41.0 73.0 51.0 98.0

#distancia entre depositos y puentes
: 2 3 4 8 13 14 15 16 17 26 28 29 32 33 36 37 44 48 49 50 51 57 62 69 70 71 73 74 75 77 80 81 85 86 92 93 96 98 100 101 103 104 105 106 107 108 109 111 114 115:=
0 60.0 59.0 75.0 99.0 101.0 108.0 96.0 77.0 95.0 32.0 36.0 22.0 14.0 16.0 33.0 11.0 14.0 23.0 51.0 60.0 51.0 19.0 20.0 140.0 129.0 130.0 133.0 96.0 97.0 92.0 96.0 91.0 97.0 101.0 171.0 104.0 103.0 99.0 157.0 150.0 151.0 170.0 165.0 170.0 161.0 164.0 164.0 180.0 181.0 222.0
1 141.0 151.0 125.0 103.0 118.0 87.0 100.0 160.0 130.0 86.0 90.0 136.0 129.0 131.0 89.0 123.0 129.0 135.0 166.0 174.0 165.0 127.0 135.0 50.0 38.0 40.0 26.0 23.0 24.0 27.0 63.0 58.0 33.0 31.0 80.0 15.0 16.0 17.0 61.0 54.0 55.0 85.0 74.0 79.0 65.0 68.0 68.0 111.0 90.0 137.0

#distancia entre puentes y depositos
: 0 1:=
2 59.0 140.0
3 59.0 150.0
4 75.0 124.0
8 99.0 102.0
13 101.0 117.0
14 108.0 86.0
15 96.0 99.0
16 77.0 158.0
17 95.0 128.0
26 38.0 93.0
28 35.0 91.0
29 22.0 137.0
32 14.0 129.0
33 16.0 131.0
36 33.0 88.0
37 11.0 124.0
44 13.0 129.0
48 24.0 134.0
49 77.0 191.0
50 59.0 174.0
51 51.0 166.0
57 19.0 125.0
62 20.0 136.0
69 138.0 49.0
70 128.0 38.0
71 129.0 39.0
73 132.0 26.0
74 96.0 23.0
75 96.0 24.0
77 92.0 29.0
80 95.0 62.0
81 97.0 65.0
85 96.0 32.0
86 99.0 30.0
92 169.0 79.0
93 103.0 15.0
96 100.0 18.0
98 99.0 17.0
100 156.0 60.0
101 149.0 54.0
103 150.0 55.0
104 175.0 85.0
105 164.0 73.0
106 169.0 78.0
107 160.0 64.0
108 163.0 67.0
109 163.0 67.0
111 183.0 110.0
114 179.0 89.0
115 225.0 136.0

;