set O:= 0 1;
set N:= 2 15 44 52 62 64 70 73 84 89 93 96 98 103 108;
set M:= 123 124 130 137 140;
set K:= 1 2 3;
param D:= 100;
param Q:= 540;
param v:= 2000000;
param f:= 
123 26037
124 63000
130 45000
137 27856
140 48596
;
param:	xcoord ycoord w q:=
0 -32.75044 -70.72613 0 1 
1 -33.0433 -71.624 0 1 
2 -32.5191 -70.92373 38 1 
15 -32.44511 -71.32299 71 1 
44 -32.76742 -70.61154 38 1 
52 -32.90338 -70.26912 86 1 
62 -32.76924 -70.56035 84 1 
64 -32.75022 -70.59169 119 1 
70 -33.29115 -71.47716 94 1 
73 -33.20765 -71.57225 80 1 
84 -32.86028 -71.45447 70 1 
89 -33.10385 -71.66487 64 1 
93 -33.01883 -71.50131 58 1 
96 -32.99633 -71.50138 105 1 
98 -32.98749 -71.50073 83 1 
103 -33.35491 -71.65289 40 1 
108 -33.44564 -71.67852 41 1 
123 -32.88254 -71.09009 0 1 
124 -32.85659 -70.41855 0 1 
130 -33.65802 -71.56785 0 1 
137 -32.91915 -71.52057 0 1 
140 -32.93024 -71.55027 0 1 
;
param d[*,*]
#distancia de viaje entre puentes
: 2 15 44 52 62 64 70 73 84 89 93 96 98 103 108:=
2 0.0 52.0 72.0 112.0 79.0 74.0 158.0 160.0 106.0 151.0 130.0 129.0 126.0 180.0 193.0
15 52.0 0.0 109.0 147.0 115.0 111.0 119.0 118.0 65.0 110.0 89.0 88.0 84.0 141.0 154.0
44 71.0 108.0 0.0 46.0 8.0 3.0 142.0 146.0 109.0 140.0 117.0 116.0 112.0 164.0 177.0
52 133.0 169.0 68.0 0.0 63.0 67.0 201.0 207.0 169.0 201.0 177.0 176.0 173.0 223.0 233.0
62 78.0 115.0 8.0 41.0 0.0 5.0 149.0 153.0 115.0 147.0 123.0 122.0 119.0 171.0 183.0
64 73.0 110.0 3.0 46.0 5.0 0.0 144.0 148.0 111.0 143.0 119.0 118.0 114.0 166.0 179.0
70 158.0 119.0 142.0 180.0 148.0 144.0 0.0 25.0 66.0 43.0 41.0 45.0 46.0 22.0 35.0
73 160.0 119.0 146.0 184.0 152.0 148.0 25.0 0.0 54.0 31.0 29.0 33.0 34.0 30.0 43.0
84 107.0 65.0 109.0 147.0 115.0 111.0 66.0 54.0 0.0 45.0 25.0 23.0 20.0 83.0 96.0
89 153.0 111.0 141.0 179.0 147.0 143.0 40.0 28.0 46.0 0.0 27.0 28.0 29.0 57.0 70.0
93 131.0 89.0 117.0 155.0 123.0 119.0 42.0 30.0 24.0 27.0 0.0 4.0 4.0 59.0 72.0
96 127.0 86.0 114.0 152.0 120.0 116.0 48.0 36.0 21.0 30.0 6.0 0.0 2.0 65.0 78.0
98 126.0 85.0 112.0 150.0 118.0 115.0 46.0 34.0 20.0 28.0 5.0 4.0 0.0 64.0 76.0
103 180.0 141.0 164.0 202.0 170.0 166.0 22.0 30.0 83.0 60.0 58.0 62.0 63.0 0.0 13.0
108 192.0 153.0 177.0 213.0 183.0 179.0 35.0 43.0 95.0 72.0 71.0 75.0 75.0 13.0 0.0

#distancia viaje entre puentes y alojamientos
: 123 124 130 137 140:=
2 78.0 93.0 216.0 119.0 123.0
15 60.0 129.0 176.0 78.0 81.0
44 61.0 27.0 191.0 110.0 114.0
52 121.0 42.0 239.0 171.0 175.0
62 67.0 23.0 188.0 116.0 120.0
64 63.0 27.0 191.0 112.0 116.0
70 92.0 161.0 57.0 52.0 49.0
73 95.0 165.0 76.0 39.0 37.0
84 58.0 128.0 123.0 13.0 17.0
89 90.0 160.0 98.0 34.0 31.0
93 66.0 136.0 99.0 14.0 15.0
96 63.0 133.0 105.0 10.0 12.0
98 61.0 132.0 104.0 9.0 11.0
103 114.0 183.0 46.0 69.0 66.0
108 126.0 195.0 32.0 81.0 79.0

#distancia entre alojamientos y puentes
: 2 15 44 52 62 64 70 73 84 89 93 96 98 103 108:=
123 79.0 60.0 61.0 99.0 68.0 64.0 92.0 96.0 59.0 90.0 67.0 65.0 62.0 114.0 127.0
124 93.0 128.0 27.0 19.0 23.0 27.0 161.0 166.0 129.0 160.0 137.0 136.0 132.0 183.0 193.0
130 214.0 175.0 193.0 219.0 190.0 193.0 57.0 76.0 122.0 100.0 98.0 102.0 102.0 45.0 33.0
137 120.0 79.0 110.0 148.0 116.0 112.0 52.0 40.0 14.0 34.0 14.0 12.0 10.0 69.0 82.0
140 123.0 82.0 114.0 152.0 120.0 116.0 50.0 37.0 17.0 31.0 14.0 13.0 10.0 67.0 80.0

#distancia entre depositos y puentes
: 2 15 44 52 62 64 70 73 84 89 93 96 98 103 108:=
0 60.0 96.0 14.0 53.0 20.0 16.0 129.0 133.0 96.0 128.0 104.0 103.0 99.0 151.0 164.0
1 141.0 100.0 129.0 167.0 135.0 131.0 38.0 26.0 35.0 12.0 15.0 16.0 17.0 55.0 68.0

#distancia entre puentes y depositos
: 0 1:=
2 59.0 140.0
15 96.0 99.0
44 13.0 129.0
52 75.0 190.0
62 20.0 136.0
64 15.0 131.0
70 128.0 38.0
73 132.0 26.0
84 95.0 34.0
89 127.0 12.0
93 103.0 15.0
96 100.0 18.0
98 99.0 17.0
103 150.0 55.0
108 163.0 67.0

;