set O:= 0 1;
set N:= 3 14 22 26 29 71 74 88 98 104;
set M:= 124 129 131 140;
set K:= 1 2 3;
param D:= 100;
param Q:= 540;
param v:= 2000000;
param f:= 
124 63000
129 42028
131 73862
140 48596
;
param:	xcoord ycoord w q:=
0 -32.75044 -70.72613 0 1 
1 -33.0433 -71.624 0 1 
3 -32.35092 -70.79153 105 1 
14 -32.51115 -71.42049 30 1 
22 -32.75643 -70.94537 48 1 
26 -32.84855 -70.98046 116 1 
29 -32.58297 -70.73334 108 1 
71 -33.29475 -71.41066 32 1 
74 -32.91961 -71.50488 57 1 
88 -32.80869 -71.44189 36 1 
98 -32.98749 -71.50073 83 1 
104 -33.61332 -71.40226 39 1 
124 -32.85659 -70.41855 0 1 
129 -32.44456 -71.22894 0 1 
131 -33.65502 -71.62965 0 1 
140 -32.93024 -71.55027 0 1 
;
param d[*,*]
#distancia de viaje entre puentes
: 3 14 22 26 29 71 74 88 98 104:=
3 0.0 74.0 79.0 90.0 41.0 171.0 127.0 110.0 136.0 217.0
14 74.0 0.0 87.0 78.0 105.0 120.0 64.0 46.0 72.0 165.0
22 79.0 87.0 0.0 13.0 47.0 109.0 75.0 72.0 79.0 155.0
26 96.0 85.0 20.0 0.0 59.0 107.0 73.0 69.0 77.0 153.0
29 41.0 105.0 47.0 53.0 0.0 150.0 117.0 113.0 120.0 190.0
71 170.0 120.0 108.0 98.0 149.0 0.0 56.0 73.0 47.0 48.0
74 128.0 64.0 75.0 65.0 116.0 56.0 0.0 18.0 9.0 101.0
88 110.0 47.0 71.0 61.0 112.0 74.0 18.0 0.0 26.0 119.0
98 137.0 73.0 79.0 69.0 119.0 48.0 8.0 26.0 0.0 93.0
104 217.0 165.0 155.0 145.0 196.0 48.0 101.0 119.0 92.0 0.0

#distancia viaje entre puentes y alojamientos
: 124 129 131 140:=
3 93.0 53.0 226.0 133.0
14 141.0 22.0 174.0 69.0
22 66.0 74.0 164.0 81.0
26 71.0 72.0 162.0 78.0
29 56.0 84.0 205.0 122.0
71 161.0 118.0 57.0 51.0
74 129.0 76.0 110.0 6.0
88 124.0 58.0 128.0 23.0
98 132.0 84.0 102.0 11.0
104 192.0 165.0 28.0 96.0

#distancia entre alojamientos y puentes
: 3 14 22 26 29 71 74 88 98 104:=
124 92.0 141.0 65.0 65.0 55.0 161.0 129.0 125.0 132.0 179.0
129 53.0 22.0 75.0 65.0 84.0 118.0 75.0 57.0 83.0 165.0
131 225.0 173.0 163.0 153.0 204.0 56.0 109.0 127.0 100.0 28.0
140 134.0 70.0 80.0 70.0 121.0 51.0 5.0 24.0 10.0 96.0

#distancia entre depositos y puentes
: 3 14 22 26 29 71 74 88 98 104:=
0 59.0 108.0 33.0 32.0 22.0 130.0 96.0 92.0 99.0 170.0
1 151.0 87.0 96.0 86.0 136.0 40.0 23.0 41.0 17.0 85.0

#distancia entre puentes y depositos
: 0 1:=
3 59.0 150.0
14 108.0 86.0
22 33.0 96.0
26 38.0 93.0
29 22.0 137.0
71 129.0 39.0
74 96.0 23.0
88 91.0 40.0
98 99.0 17.0
104 175.0 85.0

;