set O:= 0 1;
set N:= 3 14 16 20 21 22 26 28 29 39 48 52 62 64 70 71 73 74 76 80 86 87 88 98 104 106 107 115 116 119;
set M:= 122 123 124 126 129 130 134 137 144 146;
set K:= 1 2 3 4 5;
param D:= 100;
param Q:= 540;
param v:= 2000000;
param f:= 
122 24000
123 26037
124 63000
126 68517
129 42028
130 45000
134 96841
137 27856
144 52000
146 78000
;
param:	xcoord ycoord w q:=
0 -32.75044 -70.72613 0 1 
1 -33.0433 -71.624 0 1 
3 -32.35092 -70.79153 105 1 
14 -32.51115 -71.42049 30 1 
16 -32.21823 -70.82151 78 1 
20 -32.69998 -70.93128 51 1 
21 -32.80094 -70.95847 94 1 
22 -32.75643 -70.94537 48 1 
26 -32.84855 -70.98046 116 1 
28 -32.86292 -70.94795 99 1 
29 -32.58297 -70.73334 108 1 
39 -32.74002 -70.64044 105 1 
48 -32.88608 -70.59211 103 1 
52 -32.90338 -70.26912 86 1 
62 -32.76924 -70.56035 84 1 
64 -32.75022 -70.59169 119 1 
70 -33.29115 -71.47716 94 1 
71 -33.29475 -71.41066 32 1 
73 -33.20765 -71.57225 80 1 
74 -32.91961 -71.50488 57 1 
76 -32.93269 -71.43975 112 1 
80 -32.63102 -71.41979 41 1 
86 -32.86452 -71.49062 87 1 
87 -32.83144 -71.47526 89 1 
88 -32.80869 -71.44189 36 1 
98 -32.98749 -71.50073 83 1 
104 -33.61332 -71.40226 39 1 
106 -33.53398 -71.59339 54 1 
107 -33.42116 -71.69462 116 1 
115 -33.93803 -71.7365 56 1 
116 -33.88859 -71.64141 97 1 
119 -33.8283 -71.64323 81 1 
122 -32.77961 -70.95976 0 1 
123 -32.88254 -71.09009 0 1 
124 -32.85659 -70.41855 0 1 
126 -32.25311 -70.93619 0 1 
129 -32.44456 -71.22894 0 1 
130 -33.65802 -71.56785 0 1 
134 -33.61172 -71.60733 0 1 
137 -32.91915 -71.52057 0 1 
144 -32.77144 -71.53401 0 1 
146 -33.38843 -71.53636 0 1 
;
param d[*,*]
#distancia de viaje entre puentes
: 3 14 16 20 21 22 26 28 29 39 48 52 62 64 70 71 73 74 76 80 86 87 88 98 104 106 107 115 116 119:=
3 0.0 74.0 19.0 75.0 83.0 79.0 90.0 94.0 41.0 68.0 82.0 111.0 78.0 74.0 171.0 171.0 170.0 127.0 125.0 88.0 120.0 115.0 110.0 136.0 217.0 211.0 202.0 269.0 261.0 251.0
14 74.0 0.0 83.0 94.0 83.0 87.0 78.0 82.0 105.0 118.0 129.0 159.0 127.0 123.0 118.0 120.0 106.0 64.0 62.0 24.0 56.0 52.0 46.0 72.0 165.0 159.0 145.0 217.0 209.0 199.0
16 19.0 83.0 0.0 94.0 101.0 98.0 108.0 112.0 59.0 86.0 100.0 130.0 96.0 92.0 179.0 179.0 178.0 135.0 134.0 96.0 128.0 124.0 118.0 144.0 226.0 219.0 210.0 278.0 270.0 259.0
20 75.0 94.0 94.0 0.0 13.0 7.0 20.0 24.0 54.0 50.0 61.0 91.0 59.0 55.0 116.0 116.0 120.0 82.0 75.0 83.0 87.0 85.0 79.0 86.0 162.0 156.0 147.0 214.0 207.0 196.0
21 83.0 83.0 101.0 13.0 0.0 6.0 7.0 11.0 46.0 37.0 48.0 78.0 46.0 42.0 104.0 104.0 108.0 71.0 64.0 71.0 75.0 74.0 67.0 74.0 151.0 145.0 136.0 203.0 195.0 185.0
22 79.0 87.0 98.0 7.0 6.0 0.0 13.0 17.0 47.0 43.0 54.0 84.0 52.0 48.0 109.0 109.0 113.0 75.0 68.0 76.0 80.0 79.0 72.0 79.0 155.0 149.0 140.0 208.0 200.0 189.0
26 96.0 85.0 114.0 26.0 14.0 20.0 0.0 5.0 59.0 48.0 58.0 90.0 58.0 54.0 107.0 107.0 111.0 73.0 66.0 74.0 78.0 76.0 69.0 77.0 153.0 147.0 138.0 205.0 198.0 187.0
28 93.0 82.0 111.0 23.0 11.0 17.0 5.0 0.0 56.0 45.0 55.0 87.0 55.0 51.0 104.0 104.0 108.0 70.0 63.0 71.0 75.0 73.0 67.0 74.0 150.0 144.0 135.0 203.0 195.0 184.0
29 41.0 105.0 59.0 54.0 46.0 47.0 53.0 57.0 0.0 31.0 45.0 75.0 41.0 37.0 150.0 150.0 154.0 117.0 110.0 117.0 121.0 120.0 113.0 120.0 190.0 190.0 181.0 243.0 229.0 230.0
39 67.0 117.0 86.0 49.0 36.0 42.0 42.0 46.0 30.0 0.0 22.0 50.0 11.0 6.0 139.0 139.0 143.0 106.0 99.0 106.0 110.0 109.0 102.0 109.0 176.0 180.0 171.0 228.0 214.0 219.0
48 82.0 129.0 100.0 61.0 48.0 54.0 53.0 54.0 45.0 21.0 0.0 42.0 15.0 18.0 141.0 141.0 146.0 117.0 110.0 117.0 122.0 120.0 113.0 120.0 160.0 172.0 172.0 212.0 198.0 202.0
52 133.0 181.0 151.0 113.0 100.0 106.0 106.0 109.0 96.0 71.0 64.0 0.0 63.0 67.0 201.0 202.0 207.0 169.0 162.0 170.0 174.0 173.0 166.0 173.0 220.0 232.0 232.0 272.0 259.0 263.0
62 78.0 127.0 96.0 59.0 46.0 52.0 52.0 55.0 41.0 11.0 15.0 41.0 0.0 5.0 149.0 149.0 153.0 115.0 108.0 116.0 120.0 118.0 112.0 119.0 169.0 181.0 180.0 222.0 208.0 212.0
64 73.0 123.0 91.0 54.0 42.0 48.0 47.0 51.0 36.0 6.0 18.0 46.0 5.0 0.0 144.0 144.0 148.0 111.0 104.0 111.0 116.0 114.0 107.0 114.0 172.0 184.0 176.0 225.0 211.0 215.0
70 170.0 119.0 179.0 115.0 104.0 108.0 98.0 103.0 149.0 138.0 142.0 180.0 148.0 144.0 0.0 10.0 25.0 54.0 56.0 95.0 63.0 66.0 72.0 46.0 47.0 40.0 32.0 99.0 91.0 80.0
71 170.0 120.0 179.0 115.0 104.0 108.0 98.0 103.0 149.0 138.0 142.0 180.0 148.0 144.0 10.0 0.0 27.0 56.0 57.0 96.0 64.0 67.0 73.0 47.0 48.0 42.0 41.0 100.0 92.0 81.0
73 170.0 107.0 179.0 119.0 108.0 112.0 102.0 106.0 153.0 142.0 147.0 184.0 152.0 148.0 25.0 27.0 0.0 42.0 44.0 83.0 51.0 54.0 60.0 34.0 72.0 57.0 40.0 117.0 109.0 99.0
74 128.0 64.0 137.0 82.0 71.0 75.0 65.0 70.0 116.0 106.0 117.0 147.0 115.0 111.0 55.0 56.0 43.0 0.0 7.0 40.0 8.0 12.0 18.0 9.0 101.0 95.0 82.0 154.0 146.0 135.0
76 126.0 63.0 135.0 75.0 64.0 68.0 58.0 63.0 109.0 98.0 110.0 140.0 108.0 104.0 57.0 58.0 44.0 7.0 0.0 39.0 14.0 18.0 16.0 10.0 103.0 97.0 83.0 155.0 147.0 137.0
80 88.0 24.0 96.0 81.0 70.0 75.0 65.0 69.0 115.0 105.0 116.0 146.0 114.0 110.0 94.0 96.0 82.0 39.0 38.0 0.0 32.0 28.0 22.0 48.0 141.0 135.0 121.0 193.0 185.0 175.0
86 121.0 57.0 130.0 85.0 74.0 78.0 68.0 73.0 119.0 109.0 120.0 150.0 118.0 114.0 62.0 64.0 50.0 7.0 13.0 33.0 0.0 4.0 12.0 17.0 109.0 103.0 89.0 161.0 153.0 143.0
87 117.0 53.0 125.0 85.0 74.0 78.0 68.0 72.0 119.0 108.0 119.0 149.0 118.0 114.0 66.0 68.0 54.0 12.0 17.0 29.0 4.0 0.0 8.0 21.0 113.0 107.0 93.0 165.0 157.0 147.0
88 110.0 47.0 119.0 78.0 67.0 71.0 61.0 65.0 112.0 101.0 112.0 143.0 111.0 107.0 72.0 74.0 60.0 18.0 16.0 23.0 11.0 8.0 0.0 26.0 119.0 113.0 99.0 171.0 163.0 153.0
98 137.0 73.0 145.0 85.0 74.0 79.0 69.0 73.0 119.0 109.0 120.0 150.0 118.0 115.0 46.0 48.0 34.0 8.0 10.0 49.0 17.0 20.0 26.0 0.0 93.0 87.0 73.0 145.0 137.0 127.0
104 217.0 165.0 226.0 162.0 151.0 155.0 145.0 149.0 196.0 185.0 172.0 211.0 182.0 185.0 47.0 48.0 72.0 101.0 103.0 142.0 109.0 113.0 119.0 92.0 0.0 24.0 42.0 71.0 63.0 53.0
106 211.0 159.0 219.0 156.0 145.0 149.0 139.0 143.0 190.0 179.0 174.0 213.0 184.0 185.0 41.0 42.0 56.0 95.0 96.0 135.0 103.0 107.0 113.0 86.0 25.0 0.0 17.0 60.0 52.0 42.0
107 202.0 145.0 210.0 146.0 135.0 140.0 130.0 134.0 180.0 170.0 173.0 211.0 180.0 176.0 31.0 41.0 40.0 81.0 82.0 121.0 89.0 92.0 98.0 72.0 42.0 17.0 0.0 77.0 69.0 59.0
115 268.0 217.0 277.0 213.0 202.0 206.0 196.0 201.0 247.0 231.0 215.0 254.0 225.0 228.0 98.0 99.0 117.0 152.0 154.0 193.0 161.0 164.0 170.0 144.0 71.0 61.0 77.0 0.0 14.0 18.0
116 260.0 208.0 268.0 204.0 193.0 198.0 188.0 192.0 233.0 218.0 201.0 240.0 211.0 214.0 89.0 90.0 109.0 144.0 145.0 184.0 152.0 155.0 161.0 135.0 62.0 52.0 69.0 14.0 0.0 10.0
119 250.0 198.0 259.0 195.0 184.0 188.0 178.0 182.0 229.0 218.0 205.0 244.0 215.0 218.0 80.0 81.0 99.0 134.0 136.0 174.0 142.0 146.0 152.0 125.0 53.0 42.0 59.0 18.0 11.0 0.0

#distancia viaje entre puentes y alojamientos
: 122 123 124 126 129 130 134 137 144 146:=
3 81.0 106.0 93.0 32.0 53.0 228.0 220.0 129.0 120.0 192.0
14 84.0 72.0 141.0 71.0 22.0 176.0 168.0 65.0 56.0 140.0
16 99.0 120.0 111.0 12.0 62.0 236.0 228.0 137.0 128.0 200.0
20 10.0 36.0 73.0 101.0 81.0 173.0 165.0 83.0 90.0 137.0
21 2.0 23.0 60.0 110.0 70.0 162.0 154.0 72.0 79.0 126.0
22 4.0 29.0 66.0 104.0 74.0 166.0 158.0 77.0 83.0 130.0
26 16.0 25.0 71.0 121.0 72.0 164.0 156.0 74.0 81.0 128.0
28 13.0 22.0 68.0 118.0 69.0 161.0 153.0 72.0 78.0 125.0
29 44.0 69.0 56.0 71.0 84.0 207.0 199.0 118.0 125.0 171.0
39 39.0 58.0 31.0 98.0 105.0 194.0 188.0 107.0 114.0 160.0
48 50.0 69.0 23.0 113.0 116.0 178.0 180.0 118.0 125.0 154.0
52 103.0 121.0 42.0 164.0 168.0 239.0 241.0 171.0 177.0 215.0
62 48.0 67.0 23.0 109.0 114.0 188.0 190.0 116.0 123.0 164.0
64 44.0 63.0 27.0 103.0 110.0 191.0 193.0 112.0 119.0 166.0
70 105.0 92.0 161.0 167.0 118.0 57.0 49.0 52.0 78.0 21.0
71 105.0 92.0 161.0 168.0 118.0 59.0 50.0 53.0 79.0 24.0
73 109.0 95.0 165.0 168.0 118.0 76.0 68.0 39.0 66.0 46.0
74 72.0 58.0 129.0 125.0 76.0 112.0 104.0 2.0 23.0 76.0
76 65.0 51.0 121.0 124.0 74.0 114.0 106.0 8.0 28.0 78.0
80 71.0 59.0 128.0 85.0 36.0 152.0 144.0 41.0 32.0 115.0
86 75.0 62.0 132.0 118.0 69.0 120.0 112.0 9.0 16.0 83.0
87 75.0 62.0 131.0 114.0 64.0 124.0 116.0 13.0 12.0 88.0
88 68.0 55.0 124.0 108.0 58.0 130.0 122.0 19.0 12.0 94.0
98 75.0 61.0 132.0 134.0 84.0 104.0 96.0 9.0 32.0 67.0
104 152.0 138.0 192.0 214.0 165.0 21.0 24.0 98.0 125.0 44.0
106 146.0 132.0 194.0 208.0 159.0 19.0 11.0 92.0 118.0 27.0
107 136.0 123.0 193.0 199.0 149.0 36.0 28.0 78.0 104.0 18.0
115 203.0 190.0 235.0 265.0 216.0 55.0 50.0 150.0 176.0 87.0
116 194.0 181.0 222.0 257.0 207.0 47.0 41.0 141.0 167.0 79.0
119 185.0 171.0 225.0 247.0 198.0 37.0 31.0 131.0 157.0 69.0

#distancia entre alojamientos y puentes
: 3 14 16 20 21 22 26 28 29 39 48 52 62 64 70 71 73 74 76 80 86 87 88 98 104 106 107 115 116 119:=
122 81.0 84.0 99.0 10.0 2.0 3.0 10.0 13.0 44.0 39.0 50.0 81.0 49.0 45.0 106.0 106.0 110.0 73.0 66.0 73.0 77.0 76.0 69.0 76.0 153.0 146.0 138.0 205.0 197.0 186.0
123 106.0 72.0 120.0 36.0 23.0 29.0 18.0 22.0 69.0 58.0 69.0 99.0 68.0 64.0 92.0 92.0 96.0 59.0 52.0 60.0 63.0 62.0 56.0 62.0 139.0 132.0 124.0 191.0 183.0 172.0
124 92.0 141.0 111.0 72.0 60.0 65.0 65.0 69.0 55.0 31.0 23.0 19.0 23.0 27.0 161.0 161.0 166.0 129.0 122.0 129.0 133.0 132.0 125.0 132.0 179.0 191.0 192.0 232.0 218.0 222.0
126 32.0 71.0 13.0 101.0 110.0 104.0 114.0 118.0 71.0 99.0 113.0 142.0 109.0 105.0 167.0 167.0 166.0 124.0 122.0 84.0 116.0 112.0 106.0 132.0 214.0 208.0 199.0 266.0 258.0 247.0
129 53.0 22.0 62.0 82.0 71.0 75.0 65.0 69.0 84.0 105.0 116.0 147.0 115.0 111.0 118.0 118.0 118.0 75.0 73.0 35.0 67.0 63.0 57.0 83.0 165.0 159.0 150.0 217.0 209.0 199.0
130 227.0 175.0 236.0 172.0 161.0 165.0 155.0 159.0 206.0 195.0 180.0 219.0 190.0 193.0 57.0 58.0 76.0 111.0 113.0 151.0 119.0 123.0 129.0 102.0 21.0 19.0 36.0 55.0 47.0 37.0
134 219.0 167.0 227.0 163.0 152.0 157.0 147.0 151.0 197.0 187.0 182.0 221.0 192.0 192.0 48.0 49.0 68.0 103.0 104.0 143.0 111.0 114.0 120.0 94.0 24.0 11.0 28.0 50.0 42.0 31.0
137 130.0 66.0 139.0 83.0 72.0 76.0 66.0 71.0 117.0 107.0 118.0 148.0 116.0 112.0 52.0 53.0 40.0 2.0 8.0 42.0 10.0 13.0 20.0 10.0 99.0 92.0 79.0 151.0 143.0 132.0
144 121.0 57.0 129.0 89.0 78.0 82.0 73.0 77.0 123.0 113.0 124.0 154.0 122.0 118.0 78.0 80.0 66.0 23.0 28.0 33.0 16.0 12.0 12.0 33.0 125.0 119.0 105.0 177.0 169.0 159.0
146 192.0 141.0 201.0 137.0 126.0 130.0 120.0 125.0 171.0 160.0 157.0 196.0 167.0 166.0 22.0 24.0 45.0 76.0 78.0 117.0 85.0 88.0 94.0 68.0 43.0 27.0 18.0 87.0 80.0 69.0

#distancia entre depositos y puentes
: 3 14 16 20 21 22 26 28 29 39 48 52 62 64 70 71 73 74 76 80 86 87 88 98 104 106 107 115 116 119:=
0 59.0 108.0 77.0 39.0 27.0 33.0 32.0 36.0 22.0 10.0 23.0 53.0 20.0 16.0 129.0 130.0 133.0 96.0 89.0 96.0 101.0 99.0 92.0 99.0 170.0 170.0 161.0 222.0 208.0 210.0
1 151.0 87.0 160.0 102.0 91.0 96.0 86.0 90.0 136.0 126.0 135.0 167.0 135.0 131.0 38.0 40.0 26.0 23.0 27.0 63.0 31.0 35.0 41.0 17.0 85.0 79.0 65.0 137.0 129.0 119.0

#distancia entre puentes y depositos
: 0 1:=
3 59.0 150.0
14 108.0 86.0
16 77.0 158.0
20 40.0 103.0
21 27.0 91.0
22 33.0 96.0
26 38.0 93.0
28 35.0 91.0
29 22.0 137.0
39 10.0 126.0
48 24.0 134.0
52 75.0 190.0
62 20.0 136.0
64 15.0 131.0
70 128.0 38.0
71 129.0 39.0
73 132.0 26.0
74 96.0 23.0
76 89.0 27.0
80 95.0 62.0
86 99.0 30.0
87 98.0 34.0
88 91.0 40.0
98 99.0 17.0
104 175.0 85.0
106 169.0 78.0
107 160.0 64.0
115 225.0 136.0
116 212.0 127.0
119 208.0 118.0

;