set O:= 0 1;
set N:= 2 8 13 22 25 37 44 48 52 57 62 71 75 76 78 88 92 98 107 114;
set M:= 126 130 131 134 140;
set K:= 1 2 3;
param D:= 100;
param Q:= 540;
param v:= 2000000;
param f:= 
126 68517
130 45000
131 73862
134 96841
140 48596
;
param:	xcoord ycoord w q:=
0 -32.75044 -70.72613 0 1 
1 -33.0433 -71.624 0 1 
2 -32.5191 -70.92373 38 1 
8 -32.44708 -71.19315 110 1 
13 -32.34055 -71.17481 99 1 
22 -32.75643 -70.94537 48 1 
25 -32.86219 -70.89013 69 1 
37 -32.81691 -70.71195 53 1 
44 -32.76742 -70.61154 38 1 
48 -32.88608 -70.59211 103 1 
52 -32.90338 -70.26912 86 1 
57 -32.89552 -70.6746 98 1 
62 -32.76924 -70.56035 84 1 
71 -33.29475 -71.41066 32 1 
75 -32.91508 -71.49869 66 1 
76 -32.93269 -71.43975 112 1 
78 -32.93288 -71.46643 63 1 
88 -32.80869 -71.44189 36 1 
92 -33.58655 -71.52943 57 1 
98 -32.98749 -71.50073 83 1 
107 -33.42116 -71.69462 116 1 
114 -33.63163 -71.61037 97 1 
126 -32.25311 -70.93619 0 1 
130 -33.65802 -71.56785 0 1 
131 -33.65502 -71.62965 0 1 
134 -33.61172 -71.60733 0 1 
140 -32.93024 -71.55027 0 1 
;
param d[*,*]
#distancia de viaje entre puentes
: 2 8 13 22 25 37 44 48 52 57 62 71 75 76 78 88 92 98 107 114:=
2 0.0 41.0 42.0 50.0 70.0 69.0 72.0 82.0 112.0 77.0 79.0 159.0 116.0 115.0 118.0 99.0 200.0 126.0 190.0 210.0
8 41.0 0.0 20.0 79.0 77.0 107.0 112.0 120.0 151.0 115.0 119.0 122.0 78.0 77.0 80.0 61.0 164.0 88.0 154.0 174.0
13 42.0 20.0 0.0 92.0 93.0 111.0 113.0 124.0 154.0 119.0 120.0 138.0 94.0 93.0 95.0 77.0 179.0 103.0 169.0 189.0
22 50.0 78.0 92.0 0.0 20.0 40.0 46.0 54.0 84.0 48.0 52.0 109.0 76.0 68.0 71.0 72.0 150.0 79.0 140.0 160.0
25 70.0 77.0 92.0 20.0 0.0 46.0 52.0 53.0 90.0 44.0 58.0 108.0 75.0 67.0 70.0 70.0 149.0 78.0 139.0 159.0
37 69.0 106.0 111.0 40.0 47.0 0.0 21.0 17.0 49.0 11.0 20.0 137.0 104.0 96.0 99.0 100.0 175.0 107.0 168.0 183.0
44 71.0 112.0 113.0 45.0 52.0 20.0 0.0 18.0 46.0 22.0 8.0 142.0 110.0 102.0 104.0 105.0 183.0 112.0 174.0 193.0
48 83.0 120.0 124.0 54.0 52.0 17.0 18.0 0.0 42.0 9.0 15.0 141.0 118.0 110.0 113.0 113.0 172.0 120.0 172.0 181.0
52 133.0 172.0 175.0 106.0 113.0 71.0 68.0 64.0 0.0 70.0 63.0 202.0 170.0 162.0 165.0 166.0 233.0 173.0 232.0 241.0
57 77.0 114.0 119.0 48.0 44.0 11.0 22.0 9.0 48.0 0.0 19.0 132.0 112.0 105.0 107.0 108.0 164.0 115.0 163.0 172.0
62 78.0 118.0 120.0 52.0 58.0 20.0 8.0 15.0 41.0 19.0 0.0 149.0 116.0 108.0 111.0 112.0 182.0 119.0 180.0 191.0
71 158.0 122.0 138.0 108.0 107.0 136.0 142.0 142.0 180.0 133.0 148.0 0.0 56.0 57.0 55.0 73.0 42.0 47.0 41.0 53.0
75 117.0 79.0 95.0 76.0 74.0 104.0 110.0 118.0 148.0 112.0 116.0 57.0 0.0 8.0 5.0 17.0 97.0 10.0 82.0 107.0
76 116.0 78.0 94.0 68.0 67.0 96.0 102.0 110.0 140.0 104.0 108.0 58.0 8.0 0.0 3.0 16.0 98.0 10.0 83.0 108.0
78 119.0 81.0 96.0 71.0 69.0 99.0 105.0 112.0 143.0 107.0 111.0 56.0 5.0 3.0 0.0 19.0 96.0 9.0 81.0 106.0
88 100.0 62.0 78.0 71.0 69.0 99.0 105.0 112.0 143.0 107.0 111.0 74.0 17.0 16.0 18.0 0.0 114.0 26.0 99.0 124.0
92 199.0 163.0 178.0 149.0 147.0 177.0 183.0 175.0 213.0 166.0 185.0 42.0 96.0 97.0 95.0 113.0 0.0 87.0 29.0 16.0
98 126.0 89.0 104.0 79.0 77.0 106.0 112.0 120.0 150.0 115.0 118.0 48.0 9.0 10.0 8.0 26.0 88.0 0.0 73.0 98.0
107 189.0 154.0 169.0 140.0 138.0 167.0 173.0 173.0 211.0 164.0 180.0 41.0 82.0 82.0 81.0 98.0 29.0 72.0 0.0 30.0
114 209.0 173.0 188.0 159.0 157.0 185.0 193.0 183.0 221.0 174.0 193.0 52.0 106.0 107.0 105.0 123.0 15.0 96.0 30.0 0.0

#distancia viaje entre puentes y alojamientos
: 126 130 131 134 140:=
2 54.0 216.0 214.0 208.0 123.0
8 50.0 180.0 178.0 172.0 85.0
13 38.0 195.0 193.0 187.0 100.0
22 104.0 166.0 164.0 158.0 81.0
25 122.0 165.0 163.0 157.0 79.0
37 99.0 180.0 187.0 183.0 109.0
44 101.0 191.0 197.0 192.0 114.0
48 113.0 178.0 185.0 180.0 122.0
52 164.0 239.0 245.0 241.0 175.0
57 107.0 169.0 176.0 172.0 117.0
62 109.0 188.0 194.0 190.0 120.0
71 168.0 59.0 57.0 50.0 51.0
75 125.0 113.0 111.0 105.0 6.0
76 124.0 114.0 112.0 106.0 12.0
78 126.0 112.0 110.0 104.0 10.0
88 108.0 130.0 128.0 122.0 23.0
92 208.0 22.0 20.0 14.0 90.0
98 134.0 104.0 102.0 96.0 11.0
107 199.0 36.0 34.0 28.0 76.0
114 218.0 8.0 4.0 2.0 100.0

#distancia entre alojamientos y puentes
: 2 8 13 22 25 37 44 48 52 57 62 71 75 76 78 88 92 98 107 114:=
126 54.0 50.0 38.0 104.0 122.0 99.0 102.0 113.0 142.0 107.0 109.0 167.0 123.0 122.0 124.0 106.0 208.0 132.0 199.0 219.0
130 214.0 179.0 194.0 165.0 163.0 183.0 193.0 180.0 219.0 172.0 190.0 58.0 112.0 113.0 111.0 129.0 21.0 102.0 36.0 8.0
131 212.0 177.0 192.0 163.0 161.0 189.0 197.0 186.0 225.0 178.0 196.0 56.0 110.0 111.0 109.0 127.0 19.0 100.0 34.0 4.0
134 206.0 170.0 186.0 157.0 155.0 184.0 190.0 182.0 221.0 174.0 192.0 49.0 103.0 104.0 102.0 120.0 13.0 94.0 28.0 2.0
140 123.0 86.0 101.0 80.0 78.0 108.0 114.0 122.0 152.0 116.0 120.0 51.0 6.0 12.0 9.0 24.0 91.0 10.0 77.0 101.0

#distancia entre depositos y puentes
: 2 8 13 22 25 37 44 48 52 57 62 71 75 76 78 88 92 98 107 114:=
0 60.0 99.0 101.0 33.0 39.0 11.0 14.0 23.0 53.0 19.0 20.0 130.0 97.0 89.0 92.0 92.0 171.0 99.0 161.0 181.0
1 141.0 103.0 118.0 96.0 94.0 123.0 129.0 135.0 167.0 127.0 135.0 40.0 24.0 27.0 25.0 41.0 80.0 17.0 65.0 90.0

#distancia entre puentes y depositos
: 0 1:=
2 59.0 140.0
8 99.0 102.0
13 101.0 117.0
22 33.0 96.0
25 38.0 94.0
37 11.0 124.0
44 13.0 129.0
48 24.0 134.0
52 75.0 190.0
57 19.0 125.0
62 20.0 136.0
71 129.0 39.0
75 96.0 24.0
76 89.0 27.0
78 91.0 25.0
88 91.0 40.0
92 169.0 79.0
98 99.0 17.0
107 160.0 64.0
114 179.0 89.0

;