set O:= 0 1;
set N:= 3 16 21 32 37 63 74 76 92 104;
set M:= 122 130 137 147;
set K:= 1 2 3;
param D:= 100;
param Q:= 540;
param v:= 2000000;
param f:= 
122 24000
130 45000
137 27856
147 45000
;
param:	xcoord ycoord w q:=
0 -32.75044 -70.72613 0 1 
1 -33.0433 -71.624 0 1 
3 -32.35092 -70.79153 105 1 
16 -32.21823 -70.82151 78 1 
21 -32.80094 -70.95847 94 1 
32 -32.66447 -70.697 94 1 
37 -32.81691 -70.71195 53 1 
63 -32.76227 -70.50125 44 1 
74 -32.91961 -71.50488 57 1 
76 -32.93269 -71.43975 112 1 
92 -33.58655 -71.52943 57 1 
104 -33.61332 -71.40226 39 1 
122 -32.77961 -70.95976 0 1 
130 -33.65802 -71.56785 0 1 
137 -32.91915 -71.52057 0 1 
147 -33.32534 -71.38598 0 1 
;
param d[*,*]
#distancia de viaje entre puentes
: 3 16 21 32 37 63 74 76 92 104:=
3 0.0 19.0 83.0 50.0 68.0 85.0 127.0 125.0 212.0 217.0
16 19.0 0.0 101.0 68.0 87.0 103.0 135.0 134.0 220.0 226.0
21 83.0 101.0 0.0 39.0 34.0 53.0 71.0 64.0 146.0 151.0
32 50.0 68.0 39.0 0.0 24.0 40.0 109.0 102.0 184.0 182.0
37 69.0 87.0 34.0 24.0 0.0 27.0 103.0 96.0 175.0 162.0
63 85.0 103.0 53.0 40.0 27.0 0.0 122.0 115.0 189.0 176.0
74 128.0 137.0 71.0 109.0 103.0 122.0 0.0 7.0 96.0 101.0
76 126.0 135.0 64.0 102.0 96.0 115.0 7.0 0.0 98.0 103.0
92 211.0 220.0 145.0 182.0 177.0 192.0 95.0 97.0 0.0 19.0
104 217.0 226.0 151.0 188.0 175.0 189.0 101.0 103.0 18.0 0.0

#distancia viaje entre puentes y alojamientos
: 122 130 137 147:=
3 81.0 228.0 129.0 177.0
16 99.0 236.0 137.0 185.0
21 2.0 162.0 72.0 110.0
32 37.0 200.0 110.0 148.0
37 37.0 180.0 105.0 141.0
63 55.0 195.0 123.0 155.0
74 72.0 112.0 2.0 62.0
76 65.0 114.0 8.0 64.0
92 146.0 22.0 92.0 40.0
104 152.0 21.0 98.0 46.0

#distancia entre alojamientos y puentes
: 3 16 21 32 37 63 74 76 92 104:=
122 81.0 99.0 2.0 37.0 37.0 56.0 73.0 66.0 147.0 153.0
130 227.0 236.0 161.0 198.0 183.0 197.0 111.0 113.0 21.0 21.0
137 130.0 139.0 72.0 110.0 104.0 123.0 2.0 8.0 93.0 99.0
147 175.0 184.0 109.0 147.0 141.0 159.0 61.0 62.0 41.0 46.0

#distancia entre depositos y puentes
: 3 16 21 32 37 63 74 76 92 104:=
0 59.0 77.0 27.0 14.0 11.0 27.0 96.0 89.0 171.0 170.0
1 151.0 160.0 91.0 129.0 123.0 143.0 23.0 27.0 80.0 85.0

#distancia entre puentes y depositos
: 0 1:=
3 59.0 150.0
16 77.0 158.0
21 27.0 91.0
32 14.0 129.0
37 11.0 124.0
63 27.0 143.0
74 96.0 23.0
76 89.0 27.0
92 169.0 79.0
104 175.0 85.0

;