set O:= 0 1;
set N:= 2 3 13 15 16 17 26 28 44 48 51 57 62 73 75 77 85 92 93 96 103 105 106 108 115;
set M:= 122 124 126 127 128 129 131 143 146 147;
set K:= 1 2 3 4 5;
param D:= 100;
param Q:= 540;
param v:= 2000000;
param f:= 
122 24000
124 63000
126 68517
127 25694
128 39740
129 42028
131 73862
143 48720
146 78000
147 45000
;
param:	xcoord ycoord w q:=
0 -32.75044 -70.72613 0 1 
1 -33.0433 -71.624 0 1 
2 -32.5191 -70.92373 38 1 
3 -32.35092 -70.79153 105 1 
13 -32.34055 -71.17481 99 1 
15 -32.44511 -71.32299 71 1 
16 -32.21823 -70.82151 78 1 
17 -32.34859 -71.07237 51 1 
26 -32.84855 -70.98046 116 1 
28 -32.86292 -70.94795 99 1 
44 -32.76742 -70.61154 38 1 
48 -32.88608 -70.59211 103 1 
51 -32.90645 -70.28716 50 1 
57 -32.89552 -70.6746 98 1 
62 -32.76924 -70.56035 84 1 
73 -33.20765 -71.57225 80 1 
75 -32.91508 -71.49869 66 1 
77 -32.9314 -71.47561 30 1 
85 -32.8625 -71.46772 106 1 
92 -33.58655 -71.52943 57 1 
93 -33.01883 -71.50131 58 1 
96 -32.99633 -71.50138 105 1 
103 -33.35491 -71.65289 40 1 
105 -33.53115 -71.54035 119 1 
106 -33.53398 -71.59339 54 1 
108 -33.44564 -71.67852 41 1 
115 -33.93803 -71.7365 56 1 
122 -32.77961 -70.95976 0 1 
124 -32.85659 -70.41855 0 1 
126 -32.25311 -70.93619 0 1 
127 -32.24898 -70.9333 0 1 
128 -32.43019 -71.07467 0 1 
129 -32.44456 -71.22894 0 1 
131 -33.65502 -71.62965 0 1 
143 -32.78349 -71.53032 0 1 
146 -33.38843 -71.53636 0 1 
147 -33.32534 -71.38598 0 1 
;
param d[*,*]
#distancia de viaje entre puentes
: 2 3 13 15 16 17 26 28 44 48 51 57 62 73 75 77 85 92 93 96 103 105 106 108 115:=
2 0.0 29.0 42.0 52.0 48.0 35.0 63.0 66.0 72.0 82.0 110.0 77.0 79.0 160.0 116.0 119.0 107.0 200.0 130.0 129.0 180.0 194.0 199.0 193.0 257.0
3 29.0 0.0 52.0 62.0 19.0 46.0 90.0 94.0 71.0 82.0 110.0 77.0 78.0 170.0 126.0 129.0 117.0 212.0 140.0 139.0 192.0 207.0 211.0 205.0 269.0
13 42.0 52.0 0.0 29.0 50.0 19.0 84.0 89.0 113.0 124.0 152.0 119.0 120.0 137.0 94.0 96.0 85.0 179.0 108.0 106.0 160.0 174.0 178.0 172.0 237.0
15 52.0 62.0 30.0 0.0 71.0 41.0 66.0 70.0 109.0 117.0 145.0 112.0 115.0 118.0 75.0 78.0 66.0 160.0 89.0 88.0 141.0 155.0 159.0 154.0 218.0
16 48.0 19.0 49.0 70.0 0.0 31.0 108.0 112.0 89.0 100.0 128.0 95.0 96.0 178.0 135.0 137.0 126.0 220.0 149.0 147.0 201.0 215.0 219.0 213.0 278.0
17 35.0 46.0 19.0 40.0 31.0 0.0 95.0 100.0 107.0 118.0 145.0 112.0 114.0 148.0 104.0 107.0 95.0 190.0 118.0 117.0 170.0 185.0 189.0 183.0 247.0
26 69.0 96.0 92.0 73.0 114.0 103.0 0.0 5.0 52.0 58.0 88.0 49.0 58.0 111.0 74.0 70.0 75.0 148.0 81.0 80.0 129.0 143.0 147.0 141.0 205.0
28 66.0 93.0 89.0 70.0 111.0 100.0 5.0 0.0 49.0 55.0 85.0 47.0 55.0 108.0 71.0 67.0 72.0 145.0 78.0 77.0 126.0 140.0 144.0 138.0 203.0
44 71.0 71.0 113.0 108.0 89.0 106.0 45.0 49.0 0.0 18.0 44.0 22.0 8.0 146.0 110.0 105.0 110.0 183.0 117.0 116.0 164.0 178.0 183.0 177.0 225.0
48 83.0 82.0 124.0 117.0 100.0 118.0 53.0 54.0 18.0 0.0 40.0 9.0 15.0 146.0 118.0 114.0 118.0 172.0 121.0 124.0 163.0 167.0 172.0 173.0 212.0
51 109.0 109.0 151.0 145.0 127.0 145.0 82.0 85.0 44.0 40.0 0.0 46.0 39.0 183.0 146.0 142.0 147.0 209.0 154.0 152.0 199.0 204.0 208.0 209.0 249.0
57 77.0 77.0 119.0 111.0 95.0 113.0 48.0 46.0 22.0 9.0 46.0 0.0 19.0 138.0 112.0 108.0 113.0 164.0 112.0 116.0 154.0 158.0 163.0 164.0 203.0
62 78.0 78.0 120.0 115.0 96.0 114.0 52.0 55.0 8.0 15.0 40.0 19.0 0.0 153.0 116.0 112.0 117.0 182.0 123.0 122.0 171.0 177.0 181.0 183.0 222.0
73 160.0 170.0 138.0 119.0 179.0 149.0 102.0 106.0 146.0 147.0 182.0 138.0 152.0 0.0 43.0 45.0 52.0 66.0 29.0 33.0 30.0 61.0 57.0 43.0 117.0
75 117.0 127.0 95.0 76.0 136.0 106.0 66.0 71.0 110.0 118.0 146.0 112.0 116.0 43.0 0.0 6.0 9.0 97.0 14.0 13.0 73.0 92.0 96.0 86.0 154.0
77 120.0 130.0 97.0 79.0 139.0 108.0 62.0 66.0 106.0 113.0 142.0 108.0 112.0 46.0 9.0 0.0 15.0 100.0 17.0 15.0 76.0 94.0 99.0 88.0 157.0
85 110.0 121.0 88.0 69.0 129.0 99.0 66.0 70.0 110.0 117.0 146.0 112.0 116.0 52.0 9.0 14.0 0.0 106.0 23.0 22.0 82.0 100.0 105.0 94.0 163.0
92 199.0 211.0 178.0 160.0 220.0 189.0 139.0 143.0 183.0 175.0 211.0 166.0 185.0 66.0 96.0 98.0 105.0 0.0 82.0 86.0 36.0 7.0 12.0 26.0 63.0
93 131.0 141.0 108.0 89.0 150.0 119.0 73.0 77.0 117.0 123.0 153.0 114.0 123.0 30.0 13.0 16.0 22.0 83.0 0.0 4.0 59.0 78.0 82.0 72.0 141.0
96 127.0 137.0 105.0 86.0 146.0 116.0 70.0 74.0 114.0 121.0 150.0 116.0 120.0 36.0 10.0 13.0 19.0 89.0 6.0 0.0 65.0 84.0 88.0 78.0 147.0
103 180.0 192.0 159.0 141.0 201.0 171.0 120.0 125.0 164.0 163.0 200.0 155.0 170.0 30.0 72.0 75.0 81.0 36.0 58.0 62.0 0.0 33.0 27.0 13.0 87.0
105 193.0 206.0 173.0 154.0 214.0 184.0 134.0 138.0 177.0 169.0 206.0 161.0 179.0 61.0 91.0 93.0 100.0 8.0 77.0 81.0 32.0 0.0 7.0 21.0 66.0
106 198.0 211.0 178.0 159.0 219.0 189.0 139.0 143.0 183.0 174.0 211.0 166.0 184.0 56.0 96.0 98.0 105.0 12.0 82.0 86.0 26.0 7.0 0.0 14.0 60.0
108 192.0 205.0 172.0 153.0 213.0 183.0 133.0 137.0 177.0 175.0 211.0 166.0 183.0 43.0 85.0 87.0 94.0 25.0 71.0 75.0 13.0 21.0 14.0 0.0 74.0
115 256.0 268.0 236.0 217.0 277.0 247.0 196.0 201.0 228.0 215.0 252.0 207.0 225.0 117.0 153.0 156.0 162.0 63.0 139.0 143.0 87.0 66.0 61.0 74.0 0.0

#distancia viaje entre puentes y alojamientos
: 122 124 126 127 128 129 131 143 146 147:=
2 53.0 93.0 54.0 55.0 24.0 43.0 214.0 108.0 180.0 164.0
3 81.0 93.0 32.0 31.0 34.0 53.0 226.0 118.0 192.0 177.0
13 91.0 135.0 38.0 39.0 21.0 21.0 193.0 85.0 159.0 144.0
15 72.0 129.0 59.0 60.0 28.0 10.0 174.0 67.0 140.0 125.0
16 99.0 111.0 12.0 12.0 45.0 62.0 234.0 126.0 200.0 185.0
17 89.0 129.0 20.0 20.0 14.0 32.0 204.0 96.0 170.0 155.0
26 16.0 71.0 121.0 122.0 90.0 72.0 162.0 80.0 128.0 113.0
28 13.0 68.0 118.0 119.0 87.0 69.0 159.0 77.0 125.0 110.0
44 42.0 27.0 101.0 101.0 95.0 108.0 197.0 115.0 163.0 148.0
48 50.0 23.0 113.0 113.0 106.0 116.0 185.0 124.0 154.0 139.0
51 79.0 18.0 140.0 139.0 133.0 144.0 221.0 152.0 191.0 175.0
57 45.0 29.0 107.0 107.0 101.0 110.0 176.0 118.0 145.0 130.0
62 48.0 23.0 109.0 108.0 102.0 114.0 194.0 122.0 164.0 148.0
73 109.0 165.0 168.0 168.0 137.0 118.0 74.0 64.0 46.0 32.0
75 73.0 129.0 125.0 125.0 94.0 75.0 111.0 21.0 77.0 63.0
77 69.0 125.0 127.0 128.0 96.0 78.0 114.0 31.0 79.0 65.0
85 73.0 129.0 118.0 118.0 87.0 68.0 120.0 17.0 86.0 72.0
92 146.0 195.0 208.0 209.0 177.0 159.0 20.0 117.0 36.0 40.0
93 80.0 136.0 138.0 139.0 107.0 89.0 97.0 35.0 63.0 49.0
96 77.0 133.0 135.0 135.0 104.0 85.0 103.0 31.0 69.0 55.0
103 127.0 183.0 189.0 190.0 158.0 140.0 44.0 93.0 16.0 33.0
105 141.0 189.0 203.0 204.0 172.0 154.0 23.0 112.0 33.0 35.0
106 146.0 194.0 208.0 209.0 177.0 159.0 17.0 117.0 27.0 40.0
108 140.0 195.0 202.0 203.0 171.0 153.0 30.0 106.0 17.0 40.0
115 203.0 235.0 265.0 266.0 234.0 216.0 48.0 174.0 87.0 97.0

#distancia entre alojamientos y puentes
: 2 3 13 15 16 17 26 28 44 48 51 57 62 73 75 77 85 92 93 96 103 105 106 108 115:=
122 53.0 81.0 91.0 72.0 99.0 89.0 10.0 13.0 43.0 50.0 79.0 45.0 49.0 110.0 73.0 69.0 74.0 147.0 81.0 79.0 128.0 142.0 146.0 141.0 205.0
124 93.0 92.0 135.0 128.0 111.0 128.0 65.0 69.0 27.0 23.0 18.0 29.0 23.0 166.0 130.0 125.0 130.0 192.0 137.0 136.0 183.0 187.0 191.0 193.0 232.0
126 54.0 32.0 38.0 59.0 13.0 19.0 114.0 118.0 102.0 113.0 140.0 107.0 109.0 166.0 123.0 125.0 114.0 208.0 137.0 136.0 189.0 203.0 208.0 202.0 266.0
127 55.0 31.0 38.0 59.0 12.0 20.0 115.0 119.0 102.0 112.0 140.0 107.0 109.0 167.0 124.0 126.0 115.0 209.0 138.0 137.0 190.0 204.0 208.0 203.0 267.0
128 24.0 34.0 21.0 28.0 45.0 14.0 83.0 88.0 95.0 106.0 134.0 101.0 102.0 136.0 92.0 95.0 83.0 178.0 106.0 105.0 159.0 173.0 177.0 171.0 235.0
129 43.0 53.0 20.0 10.0 62.0 31.0 65.0 69.0 109.0 116.0 145.0 111.0 115.0 118.0 74.0 77.0 65.0 160.0 88.0 87.0 140.0 154.0 159.0 153.0 217.0
131 212.0 225.0 192.0 173.0 234.0 203.0 153.0 157.0 197.0 186.0 223.0 178.0 196.0 74.0 110.0 112.0 119.0 19.0 96.0 100.0 43.0 22.0 17.0 31.0 48.0
143 109.0 119.0 87.0 68.0 128.0 98.0 71.0 76.0 115.0 123.0 151.0 117.0 121.0 65.0 21.0 27.0 17.0 118.0 36.0 34.0 94.0 113.0 117.0 107.0 176.0
146 180.0 192.0 160.0 141.0 201.0 171.0 120.0 125.0 164.0 157.0 194.0 149.0 167.0 45.0 77.0 80.0 86.0 36.0 63.0 67.0 15.0 33.0 27.0 19.0 87.0
147 163.0 175.0 143.0 124.0 184.0 154.0 103.0 108.0 147.0 142.0 179.0 134.0 152.0 32.0 61.0 64.0 70.0 41.0 48.0 51.0 33.0 35.0 40.0 41.0 98.0

#distancia entre depositos y puentes
: 2 3 13 15 16 17 26 28 44 48 51 57 62 73 75 77 85 92 93 96 103 105 106 108 115:=
0 60.0 59.0 101.0 96.0 77.0 95.0 32.0 36.0 14.0 23.0 51.0 19.0 20.0 133.0 97.0 92.0 97.0 171.0 104.0 103.0 151.0 165.0 170.0 164.0 222.0
1 141.0 151.0 118.0 100.0 160.0 130.0 86.0 90.0 129.0 135.0 165.0 127.0 135.0 26.0 24.0 27.0 33.0 80.0 15.0 16.0 55.0 74.0 79.0 68.0 137.0

#distancia entre puentes y depositos
: 0 1:=
2 59.0 140.0
3 59.0 150.0
13 101.0 117.0
15 96.0 99.0
16 77.0 158.0
17 95.0 128.0
26 38.0 93.0
28 35.0 91.0
44 13.0 129.0
48 24.0 134.0
51 51.0 166.0
57 19.0 125.0
62 20.0 136.0
73 132.0 26.0
75 96.0 24.0
77 92.0 29.0
85 96.0 32.0
92 169.0 79.0
93 103.0 15.0
96 100.0 18.0
103 150.0 55.0
105 164.0 73.0
106 169.0 78.0
108 163.0 67.0
115 225.0 136.0

;