set O:= 0 1;
set N:= 4 13 16 22 25 26 49 62 73 74 76 77 78 80 81 84 85 88 92 93 101 106 110 114 116;
set M:= 123 124 127 128 129 134 137 140 144 147;
set K:= 1 2 3 4 5;
param D:= 100;
param Q:= 540;
param v:= 2000000;
param f:= 
123 26037
124 63000
127 25694
128 39740
129 42028
134 96841
137 27856
140 48596
144 52000
147 45000
;
param:	xcoord ycoord w q:=
0 -32.75044 -70.72613 0 1 
1 -33.0433 -71.624 0 1 
4 -32.44056 -71.00665 106 1 
13 -32.34055 -71.17481 99 1 
16 -32.21823 -70.82151 78 1 
22 -32.75643 -70.94537 48 1 
25 -32.86219 -70.89013 69 1 
26 -32.84855 -70.98046 116 1 
49 -32.90731 -70.28602 104 1 
62 -32.76924 -70.56035 84 1 
73 -33.20765 -71.57225 80 1 
74 -32.91961 -71.50488 57 1 
76 -32.93269 -71.43975 112 1 
77 -32.9314 -71.47561 30 1 
78 -32.93288 -71.46643 63 1 
80 -32.63102 -71.41979 41 1 
81 -32.68399 -71.39191 70 1 
84 -32.86028 -71.45447 70 1 
85 -32.8625 -71.46772 106 1 
88 -32.80869 -71.44189 36 1 
92 -33.58655 -71.52943 57 1 
93 -33.01883 -71.50131 58 1 
101 -33.34522 -71.64882 59 1 
106 -33.53398 -71.59339 54 1 
110 -33.63989 -71.57131 49 1 
114 -33.63163 -71.61037 97 1 
116 -33.88859 -71.64141 97 1 
123 -32.88254 -71.09009 0 1 
124 -32.85659 -70.41855 0 1 
127 -32.24898 -70.9333 0 1 
128 -32.43019 -71.07467 0 1 
129 -32.44456 -71.22894 0 1 
134 -33.61172 -71.60733 0 1 
137 -32.91915 -71.52057 0 1 
140 -32.93024 -71.55027 0 1 
144 -32.77144 -71.53401 0 1 
147 -33.32534 -71.38598 0 1 
;
param d[*,*]
#distancia de viaje entre puentes
: 4 13 16 22 25 26 49 62 73 74 76 77 78 80 81 84 85 88 92 93 101 106 110 114 116:=
4 0.0 27.0 45.0 66.0 85.0 78.0 126.0 94.0 144.0 101.0 100.0 103.0 102.0 62.0 73.0 90.0 92.0 84.0 186.0 115.0 166.0 185.0 200.0 196.0 236.0
13 27.0 0.0 50.0 92.0 93.0 84.0 152.0 120.0 137.0 94.0 93.0 96.0 95.0 55.0 66.0 83.0 85.0 77.0 179.0 108.0 159.0 178.0 193.0 189.0 229.0
16 45.0 49.0 0.0 98.0 115.0 108.0 128.0 96.0 178.0 135.0 134.0 137.0 136.0 96.0 107.0 124.0 126.0 118.0 220.0 149.0 200.0 219.0 234.0 230.0 270.0
22 66.0 92.0 98.0 0.0 20.0 13.0 82.0 52.0 113.0 75.0 68.0 72.0 71.0 76.0 70.0 75.0 77.0 72.0 150.0 83.0 130.0 149.0 164.0 160.0 200.0
25 85.0 92.0 115.0 20.0 0.0 10.0 88.0 58.0 112.0 74.0 67.0 71.0 70.0 75.0 69.0 74.0 76.0 70.0 149.0 82.0 128.0 148.0 162.0 159.0 199.0
26 85.0 92.0 114.0 20.0 9.0 0.0 88.0 58.0 111.0 73.0 66.0 70.0 69.0 74.0 68.0 73.0 75.0 69.0 148.0 81.0 127.0 147.0 161.0 158.0 198.0
49 151.0 177.0 153.0 108.0 115.0 107.0 0.0 65.0 209.0 171.0 164.0 168.0 167.0 171.0 166.0 171.0 172.0 167.0 235.0 179.0 224.0 234.0 238.0 243.0 260.0
62 94.0 120.0 96.0 52.0 58.0 52.0 40.0 0.0 153.0 115.0 108.0 112.0 111.0 116.0 110.0 115.0 117.0 112.0 182.0 123.0 169.0 181.0 185.0 191.0 208.0
73 145.0 138.0 179.0 112.0 110.0 102.0 182.0 152.0 0.0 42.0 44.0 45.0 42.0 83.0 77.0 54.0 52.0 60.0 66.0 29.0 29.0 57.0 73.0 70.0 109.0
74 103.0 96.0 137.0 75.0 74.0 65.0 145.0 115.0 43.0 0.0 7.0 5.0 5.0 40.0 35.0 12.0 10.0 18.0 96.0 13.0 71.0 95.0 110.0 106.0 146.0
76 101.0 94.0 135.0 68.0 67.0 58.0 138.0 108.0 44.0 7.0 0.0 3.0 3.0 39.0 33.0 10.0 11.0 16.0 98.0 15.0 73.0 97.0 111.0 108.0 147.0
77 104.0 97.0 139.0 72.0 70.0 62.0 142.0 112.0 46.0 9.0 4.0 0.0 1.0 42.0 37.0 13.0 15.0 20.0 100.0 17.0 74.0 99.0 113.0 110.0 149.0
78 103.0 96.0 138.0 71.0 69.0 61.0 141.0 111.0 42.0 4.0 3.0 1.0 0.0 41.0 36.0 12.0 14.0 19.0 96.0 13.0 71.0 95.0 109.0 106.0 145.0
80 62.0 55.0 96.0 75.0 73.0 65.0 145.0 114.0 82.0 39.0 38.0 41.0 40.0 0.0 11.0 28.0 30.0 22.0 136.0 53.0 110.0 135.0 149.0 146.0 185.0
81 81.0 74.0 115.0 77.0 75.0 67.0 147.0 117.0 85.0 42.0 40.0 44.0 43.0 19.0 0.0 31.0 32.0 24.0 138.0 55.0 113.0 137.0 152.0 148.0 188.0
84 91.0 84.0 125.0 75.0 73.0 65.0 145.0 115.0 54.0 11.0 10.0 13.0 12.0 29.0 23.0 0.0 2.0 6.0 107.0 25.0 82.0 106.0 121.0 118.0 157.0
85 95.0 88.0 129.0 76.0 74.0 66.0 146.0 116.0 52.0 10.0 10.0 14.0 13.0 33.0 27.0 4.0 0.0 10.0 106.0 23.0 81.0 105.0 119.0 116.0 155.0
88 85.0 78.0 119.0 71.0 69.0 61.0 141.0 111.0 60.0 18.0 16.0 19.0 18.0 23.0 17.0 6.0 8.0 0.0 114.0 31.0 88.0 113.0 127.0 124.0 163.0
92 185.0 178.0 220.0 149.0 147.0 139.0 211.0 185.0 66.0 95.0 97.0 98.0 95.0 136.0 130.0 107.0 105.0 113.0 0.0 82.0 37.0 12.0 19.0 16.0 56.0
93 115.0 108.0 150.0 83.0 81.0 73.0 153.0 123.0 30.0 13.0 15.0 16.0 12.0 53.0 47.0 24.0 22.0 31.0 83.0 0.0 58.0 82.0 97.0 93.0 133.0
101 165.0 158.0 200.0 129.0 127.0 119.0 199.0 169.0 29.0 70.0 72.0 73.0 70.0 111.0 105.0 82.0 80.0 88.0 37.0 57.0 0.0 28.0 44.0 41.0 80.0
106 185.0 178.0 219.0 149.0 147.0 139.0 211.0 184.0 56.0 95.0 96.0 98.0 95.0 135.0 130.0 106.0 105.0 113.0 12.0 82.0 27.0 0.0 16.0 13.0 52.0
110 198.0 191.0 233.0 162.0 160.0 152.0 214.0 187.0 73.0 108.0 110.0 111.0 108.0 149.0 143.0 120.0 118.0 126.0 19.0 95.0 44.0 17.0 0.0 5.0 45.0
114 195.0 188.0 230.0 159.0 157.0 149.0 219.0 193.0 70.0 105.0 107.0 108.0 105.0 146.0 140.0 117.0 115.0 123.0 15.0 92.0 41.0 13.0 5.0 0.0 39.0
116 234.0 227.0 268.0 198.0 196.0 188.0 238.0 211.0 109.0 144.0 145.0 147.0 144.0 184.0 179.0 155.0 153.0 161.0 54.0 131.0 79.0 52.0 44.0 39.0 0.0

#distancia viaje entre puentes y alojamientos
: 123 124 127 128 129 134 137 140 144 147:=
4 86.0 109.0 40.0 8.0 28.0 194.0 103.0 107.0 94.0 151.0
13 79.0 135.0 39.0 21.0 21.0 187.0 96.0 100.0 87.0 144.0
16 120.0 111.0 12.0 45.0 62.0 228.0 137.0 141.0 128.0 185.0
22 29.0 66.0 105.0 74.0 74.0 158.0 77.0 81.0 83.0 115.0
25 26.0 71.0 123.0 91.0 73.0 157.0 75.0 79.0 82.0 114.0
26 25.0 71.0 122.0 90.0 72.0 156.0 74.0 78.0 81.0 113.0
49 123.0 43.0 165.0 159.0 170.0 243.0 172.0 176.0 179.0 201.0
62 67.0 23.0 108.0 102.0 114.0 190.0 116.0 120.0 123.0 148.0
73 95.0 165.0 168.0 137.0 118.0 68.0 39.0 37.0 66.0 32.0
74 58.0 129.0 126.0 94.0 76.0 104.0 2.0 6.0 23.0 62.0
76 51.0 121.0 124.0 93.0 74.0 106.0 8.0 12.0 28.0 64.0
77 55.0 125.0 128.0 96.0 78.0 108.0 10.0 14.0 32.0 65.0
78 54.0 124.0 127.0 95.0 77.0 104.0 6.0 10.0 28.0 62.0
80 59.0 128.0 85.0 54.0 36.0 144.0 41.0 45.0 32.0 101.0
81 61.0 130.0 104.0 73.0 54.0 146.0 44.0 48.0 35.0 104.0
84 58.0 128.0 115.0 83.0 65.0 115.0 13.0 17.0 19.0 73.0
85 59.0 129.0 118.0 87.0 68.0 114.0 11.0 15.0 18.0 72.0
88 55.0 124.0 108.0 77.0 58.0 122.0 19.0 23.0 12.0 79.0
92 132.0 195.0 209.0 177.0 159.0 14.0 92.0 90.0 119.0 40.0
93 66.0 136.0 139.0 107.0 89.0 91.0 14.0 15.0 36.0 49.0
101 112.0 182.0 189.0 157.0 139.0 39.0 67.0 65.0 94.0 32.0
106 132.0 194.0 209.0 177.0 159.0 11.0 92.0 90.0 118.0 40.0
110 146.0 198.0 222.0 190.0 172.0 6.0 106.0 103.0 132.0 53.0
114 142.0 203.0 219.0 187.0 169.0 2.0 102.0 100.0 129.0 50.0
116 181.0 222.0 257.0 226.0 207.0 41.0 141.0 139.0 167.0 89.0

#distancia entre alojamientos y puentes
: 4 13 16 22 25 26 49 62 73 74 76 77 78 80 81 84 85 88 92 93 101 106 110 114 116:=
123 85.0 78.0 120.0 29.0 26.0 18.0 98.0 68.0 96.0 59.0 52.0 55.0 54.0 60.0 54.0 59.0 60.0 56.0 133.0 67.0 113.0 132.0 147.0 144.0 183.0
124 108.0 135.0 111.0 65.0 72.0 65.0 18.0 23.0 166.0 129.0 122.0 125.0 124.0 129.0 123.0 129.0 130.0 125.0 192.0 137.0 182.0 191.0 195.0 201.0 218.0
127 40.0 38.0 12.0 105.0 123.0 115.0 140.0 109.0 167.0 124.0 123.0 126.0 125.0 85.0 96.0 113.0 115.0 107.0 209.0 138.0 189.0 208.0 223.0 219.0 259.0
128 8.0 21.0 45.0 74.0 91.0 83.0 134.0 102.0 136.0 93.0 91.0 95.0 94.0 54.0 65.0 82.0 83.0 76.0 178.0 106.0 157.0 177.0 191.0 188.0 228.0
129 28.0 20.0 62.0 75.0 73.0 65.0 145.0 115.0 118.0 75.0 73.0 77.0 76.0 35.0 47.0 64.0 65.0 57.0 160.0 88.0 139.0 159.0 173.0 170.0 209.0
134 193.0 186.0 227.0 157.0 155.0 147.0 219.0 192.0 68.0 103.0 104.0 106.0 102.0 143.0 137.0 114.0 112.0 120.0 13.0 90.0 38.0 11.0 6.0 2.0 42.0
137 104.0 97.0 139.0 76.0 75.0 66.0 146.0 116.0 40.0 2.0 8.0 6.0 6.0 42.0 37.0 14.0 11.0 20.0 93.0 14.0 68.0 92.0 107.0 103.0 143.0
140 108.0 101.0 142.0 80.0 78.0 70.0 150.0 120.0 37.0 5.0 12.0 10.0 9.0 46.0 40.0 17.0 15.0 24.0 91.0 14.0 66.0 90.0 104.0 101.0 141.0
144 95.0 88.0 129.0 82.0 81.0 73.0 153.0 122.0 66.0 23.0 28.0 28.0 28.0 33.0 27.0 19.0 18.0 12.0 120.0 37.0 94.0 119.0 133.0 130.0 169.0
147 150.0 143.0 184.0 113.0 112.0 103.0 179.0 152.0 32.0 61.0 62.0 64.0 60.0 101.0 95.0 72.0 70.0 78.0 41.0 48.0 32.0 40.0 54.0 51.0 90.0

#distancia entre depositos y puentes
: 4 13 16 22 25 26 49 62 73 74 76 77 78 80 81 84 85 88 92 93 101 106 110 114 116:=
0 75.0 101.0 77.0 33.0 39.0 32.0 51.0 20.0 133.0 96.0 89.0 92.0 92.0 96.0 91.0 96.0 97.0 92.0 171.0 104.0 150.0 170.0 184.0 181.0 208.0
1 125.0 118.0 160.0 96.0 94.0 86.0 166.0 135.0 26.0 23.0 27.0 27.0 25.0 63.0 58.0 35.0 33.0 41.0 80.0 15.0 54.0 79.0 93.0 90.0 129.0

#distancia entre puentes y depositos
: 0 1:=
4 75.0 124.0
13 101.0 117.0
16 77.0 158.0
22 33.0 96.0
25 38.0 94.0
26 38.0 93.0
49 77.0 191.0
62 20.0 136.0
73 132.0 26.0
74 96.0 23.0
76 89.0 27.0
77 92.0 29.0
78 91.0 25.0
80 95.0 62.0
81 97.0 65.0
84 95.0 34.0
85 96.0 32.0
88 91.0 40.0
92 169.0 79.0
93 103.0 15.0
101 149.0 54.0
106 169.0 78.0
110 182.0 92.0
114 179.0 89.0
116 212.0 127.0

;