set O:= 0 1;
set N:= 2 3 4 8 14 16 17 28 29 32 35 36 37 39 45 48 50 51 52 59 63 64 69 70 73 75 76 84 85 87 88 89 93 104 105 108 109 110 115 119;
set M:= 122 124 127 128 129 130 134 137 146 147;
set K:= 1 2 3 4 5;
param D:= 100;
param Q:= 540;
param v:= 2000000;
param f:= 
122 24000
124 63000
127 25694
128 39740
129 42028
130 45000
134 96841
137 27856
146 78000
147 45000
;
param:	xcoord ycoord w q:=
0 -32.75044 -70.72613 0 1 
1 -33.0433 -71.624 0 1 
2 -32.5191 -70.92373 38 1 
3 -32.35092 -70.79153 105 1 
4 -32.44056 -71.00665 106 1 
8 -32.44708 -71.19315 110 1 
14 -32.51115 -71.42049 30 1 
16 -32.21823 -70.82151 78 1 
17 -32.34859 -71.07237 51 1 
28 -32.86292 -70.94795 99 1 
29 -32.58297 -70.73334 108 1 
32 -32.66447 -70.697 94 1 
35 -32.7126 -70.74393 65 1 
36 -32.83944 -71.00021 66 1 
37 -32.81691 -70.71195 53 1 
39 -32.74002 -70.64044 105 1 
45 -32.74039 -70.64 42 1 
48 -32.88608 -70.59211 103 1 
50 -32.87857 -70.20821 39 1 
51 -32.90645 -70.28716 50 1 
52 -32.90338 -70.26912 86 1 
59 -32.83316 -70.70835 85 1 
63 -32.76227 -70.50125 44 1 
64 -32.75022 -70.59169 119 1 
69 -33.37956 -71.38904 76 1 
70 -33.29115 -71.47716 94 1 
73 -33.20765 -71.57225 80 1 
75 -32.91508 -71.49869 66 1 
76 -32.93269 -71.43975 112 1 
84 -32.86028 -71.45447 70 1 
85 -32.8625 -71.46772 106 1 
87 -32.83144 -71.47526 89 1 
88 -32.80869 -71.44189 36 1 
89 -33.10385 -71.66487 64 1 
93 -33.01883 -71.50131 58 1 
104 -33.61332 -71.40226 39 1 
105 -33.53115 -71.54035 119 1 
108 -33.44564 -71.67852 41 1 
109 -33.44473 -71.67916 117 1 
110 -33.63989 -71.57131 49 1 
115 -33.93803 -71.7365 56 1 
119 -33.8283 -71.64323 81 1 
122 -32.77961 -70.95976 0 1 
124 -32.85659 -70.41855 0 1 
127 -32.24898 -70.9333 0 1 
128 -32.43019 -71.07467 0 1 
129 -32.44456 -71.22894 0 1 
130 -33.65802 -71.56785 0 1 
134 -33.61172 -71.60733 0 1 
137 -32.91915 -71.52057 0 1 
146 -33.38843 -71.53636 0 1 
147 -33.32534 -71.38598 0 1 
;
param d[*,*]
#distancia de viaje entre puentes
: 2 3 4 8 14 16 17 28 29 32 35 36 37 39 45 48 50 51 52 59 63 64 69 70 73 75 76 84 85 87 88 89 93 104 105 108 109 110 115 119:=
2 0.0 29.0 16.0 41.0 64.0 48.0 35.0 66.0 41.0 50.0 54.0 63.0 69.0 69.0 68.0 82.0 118.0 110.0 112.0 71.0 86.0 74.0 169.0 158.0 160.0 116.0 115.0 106.0 107.0 105.0 99.0 151.0 130.0 205.0 194.0 193.0 193.0 213.0 257.0 239.0
3 29.0 0.0 26.0 51.0 74.0 19.0 46.0 94.0 41.0 50.0 54.0 90.0 68.0 68.0 68.0 82.0 118.0 110.0 111.0 70.0 85.0 74.0 181.0 171.0 170.0 126.0 125.0 116.0 117.0 115.0 110.0 161.0 140.0 217.0 207.0 205.0 205.0 225.0 269.0 251.0
4 16.0 26.0 0.0 25.0 49.0 45.0 20.0 82.0 57.0 66.0 70.0 79.0 84.0 84.0 84.0 98.0 134.0 126.0 127.0 86.0 101.0 90.0 155.0 145.0 144.0 101.0 100.0 90.0 92.0 90.0 84.0 136.0 115.0 192.0 181.0 180.0 179.0 200.0 244.0 225.0
8 41.0 51.0 25.0 0.0 26.0 62.0 32.0 73.0 82.0 91.0 95.0 73.0 107.0 109.0 109.0 120.0 157.0 149.0 151.0 109.0 126.0 115.0 132.0 122.0 122.0 78.0 77.0 68.0 69.0 67.0 61.0 113.0 92.0 169.0 158.0 157.0 157.0 177.0 221.0 203.0
14 64.0 74.0 49.0 26.0 0.0 83.0 53.0 82.0 105.0 114.0 112.0 81.0 115.0 118.0 118.0 129.0 166.0 157.0 159.0 117.0 134.0 123.0 130.0 118.0 106.0 63.0 62.0 52.0 54.0 52.0 46.0 98.0 77.0 165.0 154.0 148.0 148.0 173.0 217.0 199.0
16 48.0 19.0 45.0 62.0 83.0 0.0 31.0 112.0 59.0 68.0 72.0 109.0 87.0 86.0 86.0 100.0 136.0 128.0 130.0 89.0 103.0 92.0 189.0 179.0 178.0 135.0 134.0 124.0 126.0 124.0 118.0 170.0 149.0 226.0 215.0 213.0 213.0 234.0 278.0 259.0
17 35.0 46.0 20.0 31.0 52.0 31.0 0.0 100.0 76.0 86.0 90.0 99.0 104.0 104.0 104.0 118.0 154.0 145.0 147.0 106.0 121.0 110.0 159.0 149.0 148.0 104.0 103.0 94.0 95.0 93.0 88.0 139.0 118.0 195.0 185.0 183.0 183.0 203.0 247.0 229.0
28 66.0 93.0 82.0 73.0 82.0 111.0 100.0 0.0 56.0 48.0 39.0 9.0 43.0 45.0 45.0 55.0 93.0 85.0 87.0 45.0 62.0 51.0 114.0 104.0 108.0 71.0 63.0 70.0 72.0 73.0 67.0 102.0 78.0 150.0 140.0 138.0 138.0 159.0 203.0 184.0
29 41.0 41.0 57.0 82.0 105.0 59.0 76.0 57.0 0.0 13.0 17.0 54.0 32.0 31.0 31.0 45.0 81.0 73.0 75.0 34.0 48.0 37.0 160.0 150.0 154.0 117.0 110.0 117.0 118.0 120.0 113.0 148.0 125.0 190.0 186.0 185.0 185.0 205.0 243.0 230.0
32 50.0 50.0 66.0 91.0 114.0 68.0 86.0 49.0 13.0 0.0 9.0 45.0 24.0 23.0 23.0 37.0 73.0 65.0 66.0 25.0 40.0 29.0 152.0 142.0 146.0 110.0 102.0 109.0 110.0 112.0 105.0 140.0 117.0 182.0 178.0 177.0 177.0 197.0 235.0 223.0
35 54.0 54.0 70.0 95.0 112.0 72.0 90.0 40.0 17.0 9.0 0.0 37.0 15.0 14.0 14.0 28.0 64.0 56.0 58.0 17.0 31.0 20.0 143.0 133.0 137.0 101.0 93.0 100.0 101.0 103.0 96.0 132.0 108.0 173.0 169.0 168.0 168.0 188.0 226.0 214.0
36 64.0 91.0 79.0 70.0 79.0 109.0 97.0 8.0 54.0 46.0 37.0 0.0 40.0 43.0 43.0 54.0 91.0 82.0 84.0 42.0 60.0 48.0 111.0 101.0 105.0 68.0 60.0 67.0 69.0 71.0 64.0 99.0 76.0 148.0 137.0 135.0 135.0 156.0 200.0 181.0
37 69.0 69.0 84.0 106.0 115.0 87.0 104.0 43.0 32.0 24.0 15.0 40.0 0.0 17.0 17.0 17.0 55.0 47.0 49.0 3.0 27.0 23.0 143.0 137.0 141.0 104.0 96.0 103.0 105.0 107.0 100.0 135.0 111.0 162.0 169.0 171.0 171.0 178.0 214.0 204.0
39 68.0 67.0 83.0 109.0 117.0 86.0 103.0 46.0 30.0 23.0 14.0 42.0 17.0 0.0 0.0 22.0 56.0 48.0 50.0 20.0 18.0 6.0 149.0 139.0 143.0 106.0 99.0 106.0 107.0 109.0 102.0 137.0 114.0 176.0 175.0 174.0 174.0 191.0 228.0 219.0
45 68.0 67.0 83.0 109.0 117.0 86.0 103.0 45.0 30.0 22.0 14.0 42.0 17.0 0.0 0.0 21.0 56.0 48.0 49.0 20.0 18.0 6.0 149.0 139.0 143.0 106.0 99.0 106.0 107.0 109.0 102.0 137.0 114.0 175.0 175.0 174.0 174.0 191.0 228.0 219.0
48 83.0 82.0 98.0 120.0 129.0 100.0 118.0 54.0 45.0 37.0 28.0 54.0 17.0 21.0 21.0 0.0 48.0 40.0 42.0 16.0 22.0 18.0 141.0 141.0 146.0 118.0 110.0 117.0 118.0 120.0 113.0 146.0 121.0 160.0 167.0 173.0 173.0 176.0 212.0 202.0
50 118.0 117.0 133.0 157.0 166.0 136.0 153.0 94.0 80.0 73.0 64.0 91.0 55.0 56.0 56.0 48.0 0.0 8.0 14.0 56.0 55.0 52.0 186.0 186.0 191.0 155.0 147.0 154.0 155.0 157.0 150.0 186.0 162.0 205.0 212.0 218.0 218.0 221.0 257.0 247.0
51 109.0 109.0 125.0 148.0 157.0 127.0 145.0 85.0 72.0 64.0 55.0 82.0 47.0 47.0 47.0 40.0 8.0 0.0 2.0 47.0 46.0 43.0 177.0 177.0 183.0 146.0 139.0 145.0 147.0 149.0 142.0 177.0 154.0 196.0 204.0 209.0 209.0 212.0 249.0 239.0
52 133.0 133.0 149.0 172.0 181.0 151.0 169.0 109.0 96.0 88.0 79.0 106.0 71.0 71.0 71.0 64.0 7.0 3.0 0.0 71.0 70.0 67.0 201.0 201.0 207.0 170.0 162.0 169.0 171.0 173.0 166.0 201.0 177.0 220.0 228.0 233.0 233.0 236.0 272.0 263.0
59 71.0 70.0 86.0 108.0 117.0 89.0 106.0 45.0 33.0 26.0 17.0 42.0 3.0 20.0 20.0 16.0 56.0 47.0 49.0 0.0 27.0 23.0 141.0 139.0 143.0 106.0 98.0 105.0 107.0 108.0 102.0 137.0 113.0 160.0 167.0 173.0 173.0 176.0 212.0 202.0
63 85.0 85.0 101.0 125.0 134.0 103.0 121.0 62.0 48.0 40.0 31.0 59.0 27.0 18.0 18.0 22.0 55.0 47.0 49.0 27.0 0.0 12.0 158.0 156.0 160.0 123.0 115.0 122.0 124.0 125.0 119.0 154.0 130.0 176.0 184.0 190.0 190.0 192.0 229.0 219.0
64 73.0 73.0 89.0 114.0 123.0 91.0 109.0 51.0 36.0 28.0 19.0 48.0 23.0 6.0 6.0 18.0 52.0 44.0 46.0 23.0 12.0 0.0 153.0 144.0 148.0 112.0 104.0 111.0 112.0 114.0 107.0 143.0 119.0 172.0 180.0 179.0 179.0 188.0 225.0 215.0
69 168.0 180.0 155.0 132.0 130.0 189.0 159.0 113.0 159.0 152.0 143.0 112.0 146.0 148.0 148.0 143.0 189.0 180.0 182.0 144.0 160.0 154.0 0.0 16.0 37.0 66.0 67.0 77.0 75.0 77.0 83.0 54.0 53.0 40.0 30.0 37.0 37.0 48.0 92.0 74.0
70 158.0 170.0 144.0 122.0 119.0 179.0 149.0 103.0 149.0 141.0 133.0 102.0 136.0 138.0 138.0 142.0 186.0 178.0 180.0 138.0 155.0 144.0 16.0 0.0 25.0 55.0 56.0 66.0 64.0 66.0 72.0 43.0 41.0 47.0 36.0 35.0 35.0 55.0 99.0 80.0
73 160.0 170.0 145.0 122.0 107.0 179.0 149.0 106.0 153.0 145.0 137.0 106.0 140.0 142.0 142.0 147.0 190.0 182.0 184.0 142.0 159.0 148.0 36.0 25.0 0.0 43.0 44.0 54.0 52.0 54.0 60.0 31.0 29.0 72.0 61.0 43.0 43.0 73.0 117.0 99.0
75 117.0 127.0 102.0 79.0 64.0 136.0 106.0 71.0 117.0 109.0 101.0 70.0 104.0 106.0 106.0 118.0 154.0 146.0 148.0 106.0 123.0 112.0 67.0 56.0 43.0 0.0 8.0 11.0 9.0 11.0 17.0 35.0 14.0 102.0 92.0 86.0 85.0 110.0 154.0 136.0
76 116.0 126.0 101.0 78.0 63.0 135.0 105.0 63.0 109.0 102.0 93.0 62.0 96.0 98.0 98.0 110.0 147.0 138.0 140.0 98.0 115.0 104.0 68.0 57.0 44.0 8.0 0.0 10.0 11.0 18.0 16.0 39.0 15.0 103.0 93.0 87.0 86.0 111.0 155.0 137.0
84 107.0 117.0 91.0 69.0 53.0 125.0 95.0 70.0 116.0 108.0 100.0 69.0 103.0 105.0 105.0 117.0 153.0 145.0 147.0 105.0 122.0 111.0 77.0 66.0 54.0 10.0 10.0 0.0 2.0 8.0 6.0 45.0 25.0 113.0 102.0 96.0 96.0 121.0 165.0 146.0
85 110.0 121.0 95.0 73.0 57.0 129.0 99.0 70.0 117.0 109.0 100.0 70.0 104.0 106.0 106.0 117.0 154.0 146.0 148.0 106.0 123.0 112.0 76.0 64.0 52.0 9.0 10.0 4.0 0.0 7.0 10.0 44.0 23.0 111.0 100.0 94.0 94.0 119.0 163.0 145.0
87 106.0 117.0 91.0 69.0 53.0 125.0 95.0 72.0 119.0 111.0 102.0 71.0 106.0 108.0 108.0 119.0 156.0 148.0 149.0 107.0 125.0 114.0 78.0 66.0 54.0 11.0 17.0 10.0 7.0 0.0 8.0 46.0 25.0 113.0 102.0 96.0 96.0 121.0 165.0 147.0
88 100.0 110.0 85.0 62.0 47.0 119.0 89.0 65.0 112.0 104.0 95.0 65.0 99.0 101.0 101.0 112.0 149.0 141.0 143.0 101.0 118.0 107.0 84.0 72.0 60.0 17.0 16.0 6.0 8.0 8.0 0.0 52.0 31.0 119.0 108.0 102.0 102.0 127.0 171.0 153.0
89 153.0 163.0 137.0 115.0 99.0 171.0 141.0 102.0 148.0 141.0 132.0 101.0 135.0 137.0 137.0 147.0 186.0 177.0 179.0 137.0 154.0 143.0 51.0 40.0 28.0 35.0 39.0 46.0 44.0 46.0 53.0 0.0 27.0 87.0 76.0 70.0 70.0 95.0 139.0 120.0
93 131.0 141.0 115.0 93.0 77.0 150.0 119.0 77.0 124.0 116.0 107.0 77.0 111.0 113.0 113.0 123.0 161.0 153.0 155.0 113.0 130.0 119.0 53.0 42.0 30.0 13.0 15.0 24.0 22.0 24.0 31.0 27.0 0.0 88.0 78.0 72.0 72.0 97.0 141.0 122.0
104 205.0 217.0 191.0 169.0 165.0 226.0 195.0 149.0 196.0 188.0 179.0 149.0 175.0 185.0 185.0 172.0 217.0 209.0 211.0 173.0 189.0 185.0 40.0 47.0 72.0 102.0 103.0 112.0 111.0 113.0 119.0 90.0 88.0 0.0 18.0 38.0 39.0 19.0 71.0 53.0
105 193.0 206.0 180.0 158.0 154.0 214.0 184.0 138.0 185.0 177.0 168.0 137.0 171.0 174.0 174.0 169.0 214.0 206.0 208.0 170.0 186.0 180.0 29.0 36.0 61.0 91.0 91.0 101.0 100.0 101.0 107.0 78.0 77.0 18.0 0.0 21.0 21.0 22.0 66.0 48.0
108 192.0 205.0 179.0 157.0 148.0 213.0 183.0 137.0 184.0 176.0 167.0 136.0 170.0 173.0 173.0 175.0 220.0 211.0 213.0 172.0 190.0 179.0 36.0 35.0 43.0 85.0 86.0 95.0 94.0 96.0 102.0 72.0 71.0 39.0 21.0 0.0 0.0 30.0 74.0 55.0
109 192.0 205.0 179.0 157.0 148.0 213.0 183.0 137.0 183.0 176.0 167.0 136.0 170.0 173.0 173.0 175.0 220.0 211.0 213.0 172.0 190.0 179.0 36.0 34.0 43.0 85.0 85.0 95.0 94.0 95.0 102.0 72.0 71.0 39.0 21.0 0.0 0.0 30.0 74.0 56.0
110 212.0 224.0 198.0 176.0 173.0 233.0 203.0 157.0 203.0 195.0 187.0 156.0 180.0 192.0 192.0 178.0 223.0 214.0 216.0 178.0 194.0 190.0 48.0 54.0 73.0 109.0 110.0 120.0 118.0 120.0 126.0 97.0 95.0 19.0 22.0 30.0 30.0 0.0 52.0 34.0
115 256.0 268.0 243.0 220.0 217.0 277.0 247.0 201.0 247.0 238.0 230.0 200.0 218.0 231.0 231.0 215.0 260.0 252.0 254.0 216.0 232.0 228.0 92.0 98.0 117.0 153.0 154.0 164.0 162.0 164.0 170.0 141.0 139.0 71.0 66.0 74.0 74.0 52.0 0.0 18.0
119 237.0 250.0 224.0 202.0 198.0 259.0 228.0 182.0 229.0 221.0 212.0 181.0 208.0 218.0 218.0 205.0 250.0 242.0 244.0 205.0 222.0 218.0 73.0 80.0 99.0 135.0 136.0 145.0 144.0 146.0 152.0 123.0 121.0 53.0 47.0 56.0 56.0 34.0 18.0 0.0

#distancia viaje entre puentes y alojamientos
: 122 124 127 128 129 130 134 137 146 147:=
2 53.0 93.0 55.0 24.0 43.0 216.0 208.0 119.0 180.0 164.0
3 81.0 93.0 31.0 34.0 53.0 228.0 220.0 129.0 192.0 177.0
4 69.0 109.0 40.0 8.0 28.0 202.0 194.0 103.0 166.0 151.0
8 76.0 132.0 51.0 17.0 5.0 180.0 172.0 81.0 144.0 128.0
14 84.0 141.0 72.0 40.0 22.0 176.0 168.0 65.0 140.0 126.0
16 99.0 111.0 12.0 45.0 62.0 236.0 228.0 137.0 200.0 185.0
17 89.0 129.0 20.0 14.0 32.0 206.0 198.0 107.0 170.0 155.0
28 13.0 68.0 119.0 87.0 69.0 161.0 153.0 72.0 125.0 110.0
29 44.0 56.0 71.0 65.0 84.0 207.0 199.0 118.0 171.0 156.0
32 37.0 48.0 80.0 74.0 93.0 200.0 192.0 110.0 163.0 148.0
35 28.0 39.0 84.0 78.0 97.0 191.0 183.0 101.0 155.0 139.0
36 11.0 66.0 116.0 85.0 66.0 158.0 150.0 69.0 122.0 107.0
37 37.0 30.0 99.0 93.0 102.0 180.0 183.0 105.0 156.0 141.0
39 39.0 31.0 98.0 92.0 105.0 194.0 188.0 107.0 160.0 145.0
45 39.0 31.0 98.0 92.0 104.0 194.0 188.0 107.0 160.0 145.0
48 50.0 23.0 113.0 106.0 116.0 178.0 180.0 118.0 154.0 139.0
50 87.0 26.0 148.0 142.0 153.0 223.0 226.0 155.0 199.0 184.0
51 79.0 18.0 139.0 133.0 144.0 215.0 217.0 147.0 191.0 175.0
52 103.0 42.0 163.0 157.0 168.0 239.0 241.0 171.0 215.0 199.0
59 38.0 31.0 101.0 95.0 104.0 178.0 181.0 106.0 154.0 139.0
63 55.0 30.0 115.0 109.0 121.0 195.0 197.0 123.0 171.0 155.0
64 44.0 27.0 103.0 97.0 110.0 191.0 193.0 112.0 166.0 151.0
69 115.0 163.0 178.0 146.0 128.0 51.0 43.0 63.0 18.0 9.0
70 105.0 161.0 168.0 136.0 118.0 57.0 49.0 52.0 21.0 12.0
73 109.0 165.0 168.0 137.0 118.0 76.0 68.0 39.0 46.0 32.0
75 73.0 129.0 125.0 94.0 75.0 113.0 105.0 2.0 77.0 63.0
76 65.0 121.0 124.0 93.0 74.0 114.0 106.0 8.0 78.0 64.0
84 72.0 128.0 115.0 83.0 65.0 123.0 115.0 13.0 87.0 73.0
85 73.0 129.0 118.0 87.0 68.0 122.0 114.0 11.0 86.0 72.0
87 75.0 131.0 114.0 83.0 64.0 124.0 116.0 13.0 88.0 74.0
88 68.0 124.0 108.0 77.0 58.0 130.0 122.0 19.0 94.0 79.0
89 104.0 160.0 161.0 129.0 111.0 98.0 89.0 34.0 61.0 47.0
93 80.0 136.0 139.0 107.0 89.0 99.0 91.0 14.0 63.0 49.0
104 152.0 192.0 215.0 183.0 165.0 21.0 24.0 98.0 44.0 46.0
105 141.0 189.0 204.0 172.0 154.0 25.0 17.0 87.0 33.0 35.0
108 140.0 195.0 203.0 171.0 153.0 32.0 24.0 81.0 17.0 40.0
109 139.0 195.0 202.0 171.0 152.0 33.0 25.0 81.0 17.0 40.0
110 159.0 198.0 222.0 190.0 172.0 3.0 6.0 106.0 43.0 53.0
115 203.0 235.0 266.0 234.0 216.0 55.0 50.0 150.0 87.0 97.0
119 185.0 225.0 248.0 216.0 198.0 37.0 31.0 131.0 69.0 79.0

#distancia entre alojamientos y puentes
: 2 3 4 8 14 16 17 28 29 32 35 36 37 39 45 48 50 51 52 59 63 64 69 70 73 75 76 84 85 87 88 89 93 104 105 108 109 110 115 119:=
122 53.0 81.0 69.0 76.0 84.0 99.0 89.0 13.0 44.0 37.0 28.0 10.0 37.0 39.0 39.0 50.0 87.0 79.0 81.0 39.0 56.0 45.0 116.0 106.0 110.0 73.0 66.0 73.0 74.0 76.0 69.0 104.0 81.0 153.0 142.0 141.0 141.0 161.0 205.0 186.0
124 93.0 92.0 108.0 132.0 141.0 111.0 128.0 69.0 55.0 47.0 39.0 65.0 30.0 31.0 31.0 23.0 26.0 18.0 19.0 31.0 30.0 27.0 161.0 161.0 166.0 130.0 122.0 129.0 130.0 132.0 125.0 160.0 137.0 179.0 187.0 193.0 193.0 195.0 232.0 222.0
127 55.0 31.0 40.0 51.0 72.0 12.0 20.0 119.0 71.0 80.0 84.0 118.0 99.0 99.0 98.0 112.0 148.0 140.0 142.0 101.0 116.0 104.0 178.0 168.0 167.0 124.0 123.0 113.0 115.0 113.0 107.0 159.0 138.0 215.0 204.0 203.0 202.0 223.0 267.0 248.0
128 24.0 34.0 8.0 17.0 40.0 45.0 14.0 88.0 65.0 74.0 78.0 87.0 93.0 92.0 92.0 106.0 142.0 134.0 135.0 94.0 109.0 98.0 147.0 137.0 136.0 92.0 91.0 82.0 83.0 82.0 76.0 127.0 106.0 183.0 173.0 171.0 171.0 191.0 235.0 217.0
129 43.0 53.0 28.0 5.0 22.0 62.0 31.0 69.0 84.0 93.0 97.0 68.0 103.0 105.0 105.0 116.0 153.0 145.0 147.0 105.0 122.0 111.0 128.0 118.0 118.0 74.0 73.0 64.0 65.0 63.0 57.0 109.0 88.0 165.0 154.0 153.0 153.0 173.0 217.0 199.0
130 214.0 227.0 201.0 179.0 175.0 236.0 205.0 159.0 206.0 198.0 189.0 158.0 183.0 195.0 195.0 180.0 225.0 217.0 219.0 181.0 197.0 193.0 50.0 57.0 76.0 112.0 113.0 122.0 121.0 123.0 129.0 100.0 98.0 21.0 24.0 33.0 33.0 3.0 55.0 37.0
134 206.0 219.0 193.0 170.0 167.0 227.0 197.0 151.0 197.0 190.0 181.0 150.0 184.0 187.0 187.0 182.0 227.0 219.0 221.0 183.0 199.0 192.0 42.0 48.0 68.0 103.0 104.0 114.0 112.0 114.0 120.0 91.0 90.0 24.0 16.0 25.0 25.0 6.0 50.0 31.0
137 120.0 130.0 104.0 82.0 66.0 139.0 108.0 71.0 117.0 110.0 101.0 70.0 104.0 107.0 107.0 118.0 155.0 146.0 148.0 106.0 123.0 112.0 63.0 52.0 40.0 2.0 8.0 14.0 11.0 13.0 20.0 34.0 14.0 99.0 88.0 82.0 82.0 107.0 151.0 132.0
146 180.0 192.0 167.0 144.0 141.0 201.0 171.0 125.0 171.0 164.0 155.0 124.0 158.0 160.0 160.0 157.0 202.0 194.0 196.0 158.0 174.0 166.0 18.0 22.0 45.0 77.0 78.0 88.0 86.0 88.0 94.0 65.0 63.0 43.0 33.0 19.0 19.0 43.0 87.0 69.0
147 163.0 175.0 150.0 127.0 125.0 184.0 154.0 108.0 154.0 147.0 138.0 107.0 141.0 143.0 143.0 142.0 187.0 179.0 181.0 143.0 159.0 149.0 9.0 12.0 32.0 61.0 62.0 72.0 70.0 72.0 78.0 49.0 48.0 46.0 35.0 41.0 41.0 54.0 98.0 80.0

#distancia entre depositos y puentes
: 2 3 4 8 14 16 17 28 29 32 35 36 37 39 45 48 50 51 52 59 63 64 69 70 73 75 76 84 85 87 88 89 93 104 105 108 109 110 115 119:=
0 60.0 59.0 75.0 99.0 108.0 77.0 95.0 36.0 22.0 14.0 5.0 33.0 11.0 10.0 10.0 23.0 60.0 51.0 53.0 13.0 27.0 16.0 140.0 129.0 133.0 97.0 89.0 96.0 97.0 99.0 92.0 128.0 104.0 170.0 165.0 164.0 164.0 184.0 222.0 210.0
1 141.0 151.0 125.0 103.0 87.0 160.0 130.0 90.0 136.0 129.0 120.0 89.0 123.0 126.0 126.0 135.0 174.0 165.0 167.0 125.0 143.0 131.0 50.0 38.0 26.0 24.0 27.0 35.0 33.0 35.0 41.0 12.0 15.0 85.0 74.0 68.0 68.0 93.0 137.0 119.0

#distancia entre puentes y depositos
: 0 1:=
2 59.0 140.0
3 59.0 150.0
4 75.0 124.0
8 99.0 102.0
14 108.0 86.0
16 77.0 158.0
17 95.0 128.0
28 35.0 91.0
29 22.0 137.0
32 14.0 129.0
35 5.0 120.0
36 33.0 88.0
37 11.0 124.0
39 10.0 126.0
45 10.0 126.0
48 24.0 134.0
50 59.0 174.0
51 51.0 166.0
52 75.0 190.0
59 12.0 126.0
63 27.0 143.0
64 15.0 131.0
69 138.0 49.0
70 128.0 38.0
73 132.0 26.0
75 96.0 24.0
76 89.0 27.0
84 95.0 34.0
85 96.0 32.0
87 98.0 34.0
88 91.0 40.0
89 127.0 12.0
93 103.0 15.0
104 175.0 85.0
105 164.0 73.0
108 163.0 67.0
109 163.0 67.0
110 182.0 92.0
115 225.0 136.0
119 208.0 118.0

;