set O:= 0 1;
set N:= 3 4 8 14 20 22 25 26 29 32 33 35 36 37 39 44 45 48 49 50 51 59 62 64 70 71 73 76 77 80 81 84 85 86 92 93 96 98 101 103 105 106 107 109 110 111 114 115 116 119;
set M:= 122 123 126 127 129 130 131 134 137 140 143 146;
set K:= 1 2 3 4 5 6 7;
param D:= 100;
param Q:= 540;
param v:= 2000000;
param f:= 
122 24000
123 26037
126 68517
127 25694
129 42028
130 45000
131 73862
134 96841
137 27856
140 48596
143 48720
146 78000
;
param:	xcoord ycoord w q:=
0 -32.75044 -70.72613 0 1 
1 -33.0433 -71.624 0 1 
3 -32.35092 -70.79153 105 1 
4 -32.44056 -71.00665 106 1 
8 -32.44708 -71.19315 110 1 
14 -32.51115 -71.42049 30 1 
20 -32.69998 -70.93128 51 1 
22 -32.75643 -70.94537 48 1 
25 -32.86219 -70.89013 69 1 
26 -32.84855 -70.98046 116 1 
29 -32.58297 -70.73334 108 1 
32 -32.66447 -70.697 94 1 
33 -32.62252 -70.72251 72 1 
35 -32.7126 -70.74393 65 1 
36 -32.83944 -71.00021 66 1 
37 -32.81691 -70.71195 53 1 
39 -32.74002 -70.64044 105 1 
44 -32.76742 -70.61154 38 1 
45 -32.74039 -70.64 42 1 
48 -32.88608 -70.59211 103 1 
49 -32.90731 -70.28602 104 1 
50 -32.87857 -70.20821 39 1 
51 -32.90645 -70.28716 50 1 
59 -32.83316 -70.70835 85 1 
62 -32.76924 -70.56035 84 1 
64 -32.75022 -70.59169 119 1 
70 -33.29115 -71.47716 94 1 
71 -33.29475 -71.41066 32 1 
73 -33.20765 -71.57225 80 1 
76 -32.93269 -71.43975 112 1 
77 -32.9314 -71.47561 30 1 
80 -32.63102 -71.41979 41 1 
81 -32.68399 -71.39191 70 1 
84 -32.86028 -71.45447 70 1 
85 -32.8625 -71.46772 106 1 
86 -32.86452 -71.49062 87 1 
92 -33.58655 -71.52943 57 1 
93 -33.01883 -71.50131 58 1 
96 -32.99633 -71.50138 105 1 
98 -32.98749 -71.50073 83 1 
101 -33.34522 -71.64882 59 1 
103 -33.35491 -71.65289 40 1 
105 -33.53115 -71.54035 119 1 
106 -33.53398 -71.59339 54 1 
107 -33.42116 -71.69462 116 1 
109 -33.44473 -71.67916 117 1 
110 -33.63989 -71.57131 49 1 
111 -33.77523 -71.42462 65 1 
114 -33.63163 -71.61037 97 1 
115 -33.93803 -71.7365 56 1 
116 -33.88859 -71.64141 97 1 
119 -33.8283 -71.64323 81 1 
122 -32.77961 -70.95976 0 1 
123 -32.88254 -71.09009 0 1 
126 -32.25311 -70.93619 0 1 
127 -32.24898 -70.9333 0 1 
129 -32.44456 -71.22894 0 1 
130 -33.65802 -71.56785 0 1 
131 -33.65502 -71.62965 0 1 
134 -33.61172 -71.60733 0 1 
137 -32.91915 -71.52057 0 1 
140 -32.93024 -71.55027 0 1 
143 -32.78349 -71.53032 0 1 
146 -33.38843 -71.53636 0 1 
;
param d[*,*]
#distancia de viaje entre puentes
: 3 4 8 14 20 22 25 26 29 32 33 35 36 37 39 44 45 48 49 50 51 59 62 64 70 71 73 76 77 80 81 84 85 86 92 93 96 98 101 103 105 106 107 109 110 111 114 115 116 119:=
3 0.0 26.0 51.0 74.0 75.0 79.0 97.0 90.0 41.0 50.0 43.0 54.0 90.0 68.0 68.0 71.0 68.0 82.0 110.0 118.0 110.0 70.0 78.0 74.0 171.0 171.0 170.0 125.0 129.0 88.0 99.0 116.0 117.0 120.0 212.0 140.0 139.0 136.0 191.0 192.0 207.0 211.0 202.0 205.0 225.0 238.0 222.0 269.0 261.0 251.0
4 26.0 0.0 25.0 49.0 62.0 66.0 85.0 78.0 57.0 66.0 59.0 70.0 79.0 84.0 84.0 87.0 84.0 98.0 126.0 134.0 126.0 86.0 94.0 90.0 145.0 145.0 144.0 100.0 103.0 62.0 73.0 90.0 92.0 94.0 186.0 115.0 114.0 110.0 166.0 167.0 181.0 185.0 176.0 179.0 200.0 218.0 196.0 244.0 236.0 225.0
8 51.0 25.0 0.0 26.0 86.0 79.0 77.0 69.0 82.0 91.0 84.0 95.0 73.0 107.0 109.0 112.0 109.0 120.0 149.0 157.0 149.0 109.0 119.0 115.0 122.0 122.0 122.0 77.0 81.0 40.0 51.0 68.0 69.0 71.0 164.0 92.0 91.0 88.0 143.0 144.0 158.0 163.0 154.0 157.0 177.0 196.0 174.0 221.0 213.0 203.0
14 74.0 49.0 26.0 0.0 94.0 87.0 86.0 78.0 105.0 114.0 108.0 112.0 81.0 115.0 118.0 121.0 118.0 129.0 158.0 166.0 157.0 117.0 127.0 123.0 118.0 120.0 106.0 62.0 65.0 24.0 35.0 52.0 54.0 56.0 160.0 77.0 76.0 72.0 135.0 136.0 154.0 159.0 145.0 148.0 173.0 192.0 170.0 217.0 209.0 199.0
20 75.0 62.0 85.0 94.0 0.0 7.0 27.0 20.0 54.0 48.0 49.0 39.0 20.0 47.0 50.0 53.0 49.0 61.0 89.0 98.0 89.0 49.0 59.0 55.0 116.0 116.0 120.0 75.0 79.0 83.0 77.0 82.0 84.0 87.0 157.0 90.0 89.0 86.0 136.0 138.0 152.0 156.0 147.0 150.0 170.0 189.0 167.0 214.0 207.0 196.0
22 79.0 66.0 78.0 87.0 7.0 0.0 20.0 13.0 47.0 41.0 42.0 32.0 13.0 40.0 43.0 46.0 43.0 54.0 82.0 91.0 82.0 42.0 52.0 48.0 109.0 109.0 113.0 68.0 72.0 76.0 70.0 75.0 77.0 80.0 150.0 83.0 82.0 79.0 130.0 131.0 145.0 149.0 140.0 143.0 164.0 182.0 160.0 208.0 200.0 189.0
25 96.0 85.0 77.0 86.0 27.0 20.0 0.0 10.0 59.0 52.0 54.0 43.0 12.0 46.0 48.0 52.0 48.0 53.0 88.0 97.0 88.0 48.0 58.0 54.0 108.0 108.0 112.0 67.0 71.0 75.0 69.0 74.0 76.0 79.0 149.0 82.0 81.0 78.0 128.0 130.0 144.0 148.0 139.0 142.0 162.0 176.0 159.0 206.0 199.0 188.0
26 96.0 85.0 76.0 85.0 26.0 20.0 9.0 0.0 59.0 51.0 53.0 42.0 12.0 46.0 48.0 52.0 48.0 58.0 88.0 96.0 88.0 48.0 58.0 54.0 107.0 107.0 111.0 66.0 70.0 74.0 68.0 73.0 75.0 78.0 148.0 81.0 80.0 77.0 127.0 129.0 143.0 147.0 138.0 141.0 161.0 180.0 158.0 205.0 198.0 187.0
29 41.0 57.0 82.0 105.0 54.0 47.0 60.0 53.0 0.0 13.0 6.0 17.0 54.0 32.0 31.0 34.0 31.0 45.0 73.0 81.0 73.0 34.0 41.0 37.0 150.0 150.0 154.0 110.0 113.0 117.0 111.0 117.0 118.0 121.0 191.0 125.0 123.0 120.0 171.0 172.0 186.0 190.0 181.0 185.0 205.0 201.0 202.0 243.0 229.0 230.0
32 50.0 66.0 91.0 114.0 47.0 41.0 52.0 45.0 13.0 0.0 7.0 9.0 45.0 24.0 23.0 26.0 23.0 37.0 65.0 73.0 65.0 25.0 33.0 29.0 142.0 142.0 146.0 102.0 105.0 109.0 103.0 109.0 110.0 113.0 184.0 117.0 116.0 112.0 163.0 164.0 178.0 183.0 174.0 177.0 197.0 193.0 194.0 235.0 221.0 223.0
33 43.0 59.0 84.0 107.0 49.0 42.0 54.0 47.0 6.0 7.0 0.0 11.0 47.0 26.0 25.0 28.0 25.0 39.0 67.0 75.0 67.0 27.0 35.0 31.0 144.0 144.0 148.0 104.0 107.0 111.0 105.0 111.0 112.0 115.0 186.0 119.0 118.0 114.0 165.0 166.0 180.0 185.0 176.0 179.0 199.0 195.0 196.0 237.0 223.0 225.0
35 54.0 70.0 95.0 112.0 38.0 32.0 43.0 36.0 17.0 9.0 11.0 0.0 37.0 15.0 14.0 17.0 14.0 28.0 56.0 64.0 56.0 17.0 24.0 20.0 133.0 133.0 137.0 93.0 96.0 100.0 94.0 100.0 101.0 104.0 175.0 108.0 107.0 103.0 154.0 155.0 169.0 174.0 165.0 168.0 188.0 184.0 185.0 226.0 212.0 214.0
36 91.0 79.0 70.0 79.0 21.0 14.0 12.0 4.0 54.0 46.0 48.0 37.0 0.0 40.0 43.0 46.0 43.0 54.0 83.0 91.0 82.0 42.0 52.0 48.0 101.0 101.0 105.0 60.0 64.0 68.0 62.0 67.0 69.0 72.0 142.0 76.0 74.0 71.0 122.0 123.0 137.0 141.0 132.0 135.0 156.0 174.0 152.0 200.0 192.0 181.0
37 69.0 84.0 106.0 115.0 47.0 40.0 47.0 40.0 32.0 24.0 26.0 15.0 40.0 0.0 17.0 21.0 17.0 17.0 47.0 55.0 47.0 3.0 20.0 23.0 137.0 137.0 141.0 96.0 100.0 104.0 98.0 103.0 105.0 108.0 175.0 111.0 110.0 107.0 158.0 159.0 169.0 174.0 168.0 171.0 178.0 172.0 183.0 214.0 200.0 204.0
39 67.0 83.0 109.0 117.0 49.0 42.0 49.0 42.0 30.0 23.0 25.0 14.0 42.0 17.0 0.0 6.0 0.0 22.0 48.0 56.0 48.0 20.0 11.0 6.0 139.0 139.0 143.0 99.0 102.0 106.0 100.0 106.0 107.0 110.0 180.0 114.0 113.0 109.0 160.0 161.0 175.0 180.0 171.0 174.0 191.0 186.0 191.0 228.0 214.0 219.0
44 71.0 87.0 112.0 121.0 52.0 45.0 52.0 45.0 34.0 26.0 28.0 17.0 45.0 20.0 6.0 0.0 6.0 18.0 44.0 53.0 44.0 23.0 8.0 3.0 142.0 142.0 146.0 102.0 105.0 109.0 103.0 109.0 110.0 113.0 183.0 117.0 116.0 112.0 163.0 164.0 178.0 183.0 174.0 177.0 188.0 183.0 193.0 225.0 211.0 215.0
45 67.0 83.0 109.0 117.0 49.0 42.0 49.0 42.0 30.0 22.0 25.0 14.0 42.0 17.0 0.0 6.0 0.0 21.0 48.0 56.0 48.0 20.0 11.0 6.0 139.0 139.0 143.0 99.0 102.0 106.0 100.0 106.0 107.0 110.0 180.0 114.0 112.0 109.0 160.0 161.0 175.0 179.0 171.0 174.0 191.0 186.0 191.0 228.0 214.0 219.0
48 82.0 98.0 120.0 129.0 61.0 54.0 52.0 53.0 45.0 37.0 39.0 28.0 54.0 17.0 21.0 18.0 21.0 0.0 40.0 48.0 40.0 16.0 15.0 18.0 141.0 141.0 146.0 110.0 114.0 117.0 112.0 117.0 118.0 122.0 172.0 121.0 124.0 120.0 162.0 163.0 167.0 172.0 172.0 173.0 176.0 170.0 181.0 212.0 198.0 202.0
49 135.0 151.0 174.0 183.0 115.0 108.0 115.0 107.0 98.0 90.0 92.0 81.0 108.0 73.0 73.0 69.0 73.0 66.0 0.0 8.0 1.0 73.0 65.0 69.0 203.0 203.0 209.0 164.0 168.0 171.0 166.0 171.0 172.0 176.0 235.0 179.0 178.0 174.0 224.0 225.0 229.0 234.0 234.0 235.0 238.0 232.0 243.0 274.0 260.0 264.0
50 117.0 133.0 157.0 166.0 97.0 91.0 97.0 90.0 80.0 73.0 75.0 64.0 91.0 55.0 56.0 52.0 56.0 48.0 12.0 0.0 8.0 56.0 48.0 52.0 186.0 186.0 191.0 147.0 150.0 154.0 149.0 154.0 155.0 159.0 217.0 162.0 161.0 157.0 207.0 208.0 212.0 217.0 217.0 218.0 221.0 215.0 226.0 257.0 243.0 247.0
51 109.0 125.0 148.0 157.0 89.0 82.0 89.0 82.0 72.0 64.0 66.0 55.0 82.0 47.0 47.0 44.0 47.0 40.0 4.0 8.0 0.0 47.0 39.0 43.0 177.0 178.0 183.0 139.0 142.0 146.0 140.0 145.0 147.0 150.0 209.0 154.0 152.0 149.0 198.0 199.0 204.0 208.0 208.0 209.0 212.0 207.0 217.0 249.0 235.0 239.0
59 70.0 86.0 108.0 117.0 49.0 42.0 48.0 42.0 33.0 26.0 28.0 17.0 42.0 3.0 20.0 23.0 20.0 16.0 47.0 56.0 47.0 0.0 20.0 23.0 139.0 139.0 143.0 98.0 102.0 106.0 100.0 105.0 107.0 110.0 173.0 113.0 112.0 109.0 159.0 161.0 167.0 172.0 170.0 173.0 176.0 170.0 181.0 212.0 198.0 202.0
62 78.0 94.0 118.0 127.0 59.0 52.0 58.0 52.0 41.0 33.0 35.0 24.0 52.0 20.0 11.0 8.0 11.0 15.0 40.0 48.0 40.0 20.0 0.0 5.0 149.0 149.0 153.0 108.0 112.0 116.0 110.0 115.0 117.0 120.0 182.0 123.0 122.0 119.0 169.0 171.0 177.0 181.0 180.0 183.0 185.0 180.0 191.0 222.0 208.0 212.0
64 73.0 89.0 114.0 123.0 54.0 48.0 54.0 47.0 36.0 28.0 30.0 19.0 48.0 23.0 6.0 3.0 6.0 18.0 44.0 52.0 44.0 23.0 5.0 0.0 144.0 144.0 148.0 104.0 107.0 111.0 106.0 111.0 112.0 116.0 185.0 119.0 118.0 114.0 165.0 166.0 180.0 184.0 176.0 179.0 188.0 183.0 193.0 225.0 211.0 215.0
70 170.0 144.0 122.0 119.0 115.0 108.0 106.0 98.0 149.0 141.0 144.0 133.0 102.0 136.0 138.0 142.0 138.0 142.0 178.0 186.0 178.0 138.0 148.0 144.0 0.0 10.0 25.0 56.0 58.0 95.0 89.0 66.0 64.0 63.0 41.0 41.0 45.0 46.0 21.0 22.0 36.0 40.0 32.0 35.0 55.0 73.0 52.0 99.0 91.0 80.0
71 170.0 145.0 122.0 120.0 115.0 108.0 107.0 98.0 149.0 142.0 144.0 133.0 102.0 136.0 138.0 142.0 138.0 142.0 178.0 187.0 178.0 138.0 148.0 144.0 10.0 0.0 27.0 57.0 59.0 96.0 90.0 67.0 65.0 64.0 42.0 43.0 46.0 47.0 30.0 31.0 37.0 42.0 41.0 43.0 56.0 74.0 53.0 100.0 92.0 81.0
73 170.0 145.0 122.0 107.0 119.0 112.0 110.0 102.0 153.0 145.0 147.0 137.0 106.0 140.0 142.0 146.0 142.0 147.0 182.0 190.0 182.0 142.0 152.0 148.0 25.0 27.0 0.0 44.0 45.0 83.0 77.0 54.0 52.0 51.0 66.0 29.0 33.0 34.0 29.0 30.0 61.0 57.0 40.0 43.0 73.0 98.0 70.0 117.0 109.0 99.0
76 126.0 101.0 78.0 63.0 75.0 68.0 67.0 58.0 109.0 102.0 104.0 93.0 62.0 96.0 98.0 102.0 98.0 110.0 138.0 147.0 138.0 98.0 108.0 104.0 57.0 58.0 44.0 0.0 3.0 39.0 33.0 10.0 11.0 14.0 98.0 15.0 14.0 10.0 73.0 74.0 93.0 97.0 83.0 86.0 111.0 130.0 108.0 155.0 147.0 137.0
77 130.0 104.0 82.0 66.0 79.0 72.0 70.0 62.0 113.0 105.0 107.0 96.0 65.0 100.0 102.0 106.0 102.0 113.0 142.0 150.0 142.0 101.0 112.0 108.0 58.0 60.0 46.0 4.0 0.0 42.0 37.0 13.0 15.0 17.0 100.0 17.0 15.0 12.0 74.0 76.0 94.0 99.0 85.0 88.0 113.0 131.0 110.0 157.0 149.0 139.0
80 88.0 62.0 40.0 24.0 81.0 75.0 73.0 65.0 115.0 108.0 110.0 99.0 68.0 102.0 105.0 108.0 105.0 116.0 145.0 153.0 144.0 104.0 114.0 110.0 94.0 96.0 82.0 38.0 41.0 0.0 11.0 28.0 30.0 32.0 136.0 53.0 51.0 48.0 110.0 112.0 130.0 135.0 121.0 124.0 149.0 167.0 146.0 193.0 185.0 175.0
81 107.0 81.0 59.0 43.0 84.0 77.0 75.0 67.0 118.0 110.0 112.0 101.0 70.0 105.0 107.0 111.0 107.0 118.0 147.0 155.0 147.0 106.0 117.0 113.0 97.0 98.0 85.0 40.0 44.0 19.0 0.0 31.0 32.0 35.0 138.0 55.0 54.0 51.0 113.0 114.0 133.0 137.0 124.0 127.0 152.0 170.0 148.0 196.0 188.0 177.0
84 117.0 91.0 69.0 53.0 82.0 75.0 73.0 65.0 116.0 108.0 111.0 100.0 69.0 103.0 105.0 109.0 105.0 117.0 145.0 153.0 145.0 105.0 115.0 111.0 66.0 68.0 54.0 10.0 13.0 29.0 23.0 0.0 2.0 5.0 107.0 25.0 23.0 20.0 82.0 83.0 102.0 106.0 93.0 96.0 121.0 139.0 118.0 165.0 157.0 146.0
85 121.0 95.0 73.0 57.0 83.0 76.0 74.0 66.0 117.0 109.0 111.0 100.0 70.0 104.0 106.0 110.0 106.0 117.0 146.0 154.0 146.0 106.0 116.0 112.0 64.0 66.0 52.0 10.0 14.0 33.0 27.0 4.0 0.0 3.0 106.0 23.0 22.0 19.0 81.0 82.0 100.0 105.0 91.0 94.0 119.0 138.0 116.0 163.0 155.0 145.0
86 121.0 95.0 73.0 57.0 85.0 78.0 77.0 68.0 119.0 112.0 114.0 103.0 72.0 106.0 109.0 112.0 108.0 120.0 148.0 157.0 148.0 108.0 118.0 114.0 62.0 64.0 50.0 13.0 12.0 33.0 27.0 6.0 2.0 0.0 104.0 21.0 20.0 17.0 78.0 80.0 98.0 103.0 89.0 92.0 117.0 135.0 114.0 161.0 153.0 143.0
92 211.0 185.0 163.0 160.0 156.0 149.0 147.0 139.0 190.0 182.0 184.0 174.0 143.0 177.0 179.0 183.0 179.0 175.0 211.0 220.0 211.0 175.0 185.0 185.0 41.0 42.0 66.0 97.0 98.0 136.0 130.0 107.0 105.0 104.0 0.0 82.0 86.0 87.0 37.0 36.0 7.0 12.0 29.0 26.0 19.0 36.0 16.0 63.0 56.0 45.0
93 141.0 115.0 93.0 77.0 90.0 83.0 81.0 73.0 124.0 116.0 118.0 107.0 77.0 111.0 113.0 117.0 113.0 123.0 153.0 161.0 153.0 113.0 123.0 119.0 42.0 43.0 30.0 15.0 16.0 53.0 47.0 24.0 22.0 21.0 83.0 0.0 4.0 4.0 58.0 59.0 78.0 82.0 69.0 72.0 97.0 115.0 93.0 141.0 133.0 122.0
96 137.0 112.0 89.0 74.0 87.0 80.0 78.0 70.0 121.0 113.0 115.0 104.0 74.0 108.0 110.0 114.0 110.0 121.0 150.0 158.0 150.0 110.0 120.0 116.0 48.0 49.0 36.0 12.0 13.0 50.0 44.0 21.0 19.0 18.0 89.0 6.0 0.0 2.0 64.0 65.0 84.0 88.0 75.0 78.0 103.0 121.0 99.0 147.0 139.0 128.0
98 137.0 111.0 89.0 73.0 85.0 79.0 77.0 69.0 119.0 112.0 114.0 103.0 72.0 106.0 109.0 112.0 109.0 120.0 149.0 157.0 148.0 108.0 118.0 115.0 46.0 48.0 34.0 10.0 12.0 49.0 43.0 20.0 18.0 17.0 88.0 5.0 4.0 0.0 62.0 64.0 82.0 87.0 73.0 76.0 101.0 119.0 98.0 145.0 137.0 127.0
101 191.0 165.0 143.0 135.0 136.0 129.0 127.0 119.0 170.0 162.0 164.0 153.0 123.0 157.0 159.0 163.0 159.0 162.0 199.0 207.0 199.0 159.0 169.0 165.0 21.0 30.0 29.0 72.0 73.0 111.0 105.0 82.0 80.0 79.0 37.0 57.0 61.0 62.0 0.0 1.0 34.0 28.0 11.0 14.0 44.0 69.0 41.0 88.0 80.0 70.0
103 192.0 166.0 144.0 136.0 137.0 130.0 128.0 120.0 171.0 163.0 165.0 155.0 124.0 158.0 160.0 164.0 160.0 163.0 200.0 208.0 200.0 160.0 170.0 166.0 22.0 31.0 30.0 73.0 75.0 112.0 106.0 83.0 81.0 80.0 36.0 58.0 62.0 63.0 1.0 0.0 33.0 27.0 10.0 13.0 43.0 68.0 40.0 87.0 79.0 69.0
105 206.0 180.0 158.0 154.0 151.0 144.0 142.0 134.0 185.0 177.0 179.0 168.0 137.0 171.0 174.0 177.0 174.0 169.0 206.0 214.0 206.0 170.0 179.0 180.0 36.0 37.0 61.0 91.0 93.0 130.0 125.0 101.0 100.0 98.0 8.0 77.0 81.0 81.0 33.0 32.0 0.0 7.0 24.0 21.0 22.0 39.0 19.0 66.0 58.0 48.0
106 211.0 185.0 163.0 159.0 156.0 149.0 147.0 139.0 190.0 182.0 184.0 173.0 142.0 177.0 179.0 183.0 179.0 174.0 211.0 219.0 211.0 175.0 184.0 185.0 41.0 42.0 56.0 96.0 98.0 135.0 130.0 106.0 105.0 103.0 12.0 82.0 86.0 86.0 27.0 26.0 7.0 0.0 17.0 14.0 16.0 43.0 13.0 60.0 52.0 42.0
107 202.0 176.0 154.0 145.0 146.0 140.0 138.0 130.0 180.0 173.0 175.0 164.0 133.0 167.0 170.0 173.0 170.0 173.0 210.0 218.0 209.0 169.0 180.0 176.0 31.0 41.0 40.0 82.0 84.0 121.0 116.0 92.0 91.0 89.0 29.0 68.0 72.0 72.0 11.0 9.0 24.0 17.0 0.0 3.0 33.0 60.0 30.0 77.0 69.0 59.0
109 205.0 179.0 157.0 148.0 149.0 143.0 141.0 133.0 183.0 176.0 178.0 167.0 136.0 170.0 173.0 176.0 173.0 175.0 211.0 220.0 211.0 172.0 183.0 179.0 34.0 42.0 43.0 85.0 87.0 124.0 119.0 95.0 94.0 92.0 26.0 71.0 75.0 75.0 14.0 13.0 21.0 14.0 3.0 0.0 30.0 57.0 27.0 74.0 66.0 56.0
110 224.0 198.0 176.0 173.0 169.0 162.0 160.0 152.0 203.0 195.0 198.0 187.0 156.0 180.0 192.0 190.0 192.0 178.0 214.0 223.0 214.0 178.0 187.0 190.0 54.0 55.0 73.0 110.0 111.0 149.0 143.0 120.0 118.0 117.0 19.0 95.0 99.0 100.0 44.0 43.0 22.0 17.0 33.0 30.0 0.0 31.0 5.0 52.0 45.0 34.0
111 241.0 216.0 194.0 191.0 187.0 180.0 178.0 170.0 203.0 196.0 198.0 187.0 174.0 175.0 189.0 185.0 189.0 172.0 209.0 218.0 209.0 173.0 182.0 185.0 72.0 73.0 97.0 128.0 129.0 167.0 161.0 138.0 136.0 134.0 36.0 113.0 117.0 118.0 67.0 66.0 38.0 42.0 59.0 56.0 31.0 0.0 36.0 83.0 75.0 65.0
114 221.0 195.0 173.0 169.0 166.0 159.0 157.0 149.0 200.0 192.0 194.0 183.0 153.0 185.0 189.0 193.0 189.0 183.0 219.0 228.0 219.0 183.0 193.0 195.0 51.0 52.0 70.0 107.0 108.0 146.0 140.0 117.0 115.0 113.0 15.0 92.0 96.0 96.0 41.0 40.0 19.0 13.0 30.0 27.0 5.0 36.0 0.0 47.0 39.0 29.0
115 268.0 243.0 220.0 217.0 213.0 206.0 205.0 196.0 247.0 238.0 241.0 230.0 200.0 218.0 231.0 228.0 231.0 215.0 252.0 260.0 252.0 216.0 225.0 228.0 98.0 99.0 117.0 154.0 156.0 193.0 187.0 164.0 162.0 161.0 63.0 139.0 143.0 144.0 88.0 87.0 66.0 61.0 77.0 74.0 52.0 83.0 47.0 0.0 14.0 18.0
116 260.0 234.0 212.0 208.0 204.0 198.0 196.0 188.0 233.0 225.0 227.0 216.0 191.0 204.0 218.0 214.0 218.0 201.0 238.0 247.0 238.0 202.0 211.0 214.0 89.0 90.0 109.0 145.0 147.0 184.0 179.0 155.0 153.0 152.0 54.0 131.0 134.0 135.0 79.0 78.0 57.0 52.0 69.0 66.0 44.0 74.0 39.0 14.0 0.0 10.0
119 250.0 224.0 202.0 198.0 195.0 188.0 186.0 178.0 229.0 221.0 223.0 212.0 181.0 208.0 218.0 218.0 218.0 205.0 242.0 250.0 242.0 205.0 215.0 218.0 80.0 81.0 99.0 136.0 137.0 174.0 169.0 145.0 144.0 142.0 44.0 121.0 125.0 125.0 70.0 68.0 47.0 42.0 59.0 56.0 34.0 65.0 29.0 18.0 11.0 0.0

#distancia viaje entre puentes y alojamientos
: 122 123 126 127 129 130 131 134 137 140 143 146:=
3 81.0 106.0 32.0 31.0 53.0 228.0 226.0 220.0 129.0 133.0 118.0 192.0
4 69.0 86.0 39.0 40.0 28.0 202.0 200.0 194.0 103.0 107.0 92.0 166.0
8 76.0 63.0 50.0 51.0 5.0 180.0 178.0 172.0 81.0 85.0 70.0 144.0
14 84.0 72.0 71.0 72.0 22.0 176.0 174.0 168.0 65.0 69.0 55.0 140.0
20 10.0 36.0 101.0 101.0 81.0 173.0 171.0 165.0 83.0 87.0 89.0 137.0
22 4.0 29.0 104.0 105.0 74.0 166.0 164.0 158.0 77.0 81.0 82.0 130.0
25 16.0 26.0 122.0 123.0 73.0 165.0 163.0 157.0 75.0 79.0 81.0 129.0
26 16.0 25.0 121.0 122.0 72.0 164.0 162.0 156.0 74.0 78.0 80.0 128.0
29 44.0 69.0 71.0 71.0 84.0 207.0 205.0 199.0 118.0 122.0 123.0 171.0
32 37.0 61.0 80.0 80.0 93.0 200.0 198.0 192.0 110.0 114.0 115.0 163.0
33 38.0 63.0 74.0 73.0 86.0 202.0 200.0 194.0 112.0 116.0 117.0 165.0
35 28.0 52.0 84.0 84.0 97.0 191.0 189.0 183.0 101.0 105.0 106.0 155.0
36 11.0 19.0 116.0 116.0 66.0 158.0 156.0 150.0 69.0 73.0 74.0 122.0
37 37.0 55.0 99.0 99.0 102.0 180.0 187.0 183.0 105.0 109.0 110.0 156.0
39 39.0 58.0 98.0 98.0 105.0 194.0 195.0 188.0 107.0 111.0 112.0 160.0
44 42.0 61.0 101.0 101.0 108.0 191.0 197.0 192.0 110.0 114.0 115.0 163.0
45 39.0 58.0 98.0 98.0 104.0 194.0 194.0 188.0 107.0 111.0 112.0 160.0
48 50.0 69.0 113.0 113.0 116.0 178.0 185.0 180.0 118.0 122.0 124.0 154.0
49 104.0 123.0 165.0 165.0 170.0 240.0 247.0 243.0 172.0 176.0 178.0 216.0
50 87.0 106.0 148.0 148.0 153.0 223.0 230.0 226.0 155.0 159.0 160.0 199.0
51 79.0 97.0 140.0 139.0 144.0 215.0 221.0 217.0 147.0 151.0 152.0 191.0
59 38.0 57.0 101.0 101.0 104.0 178.0 185.0 181.0 106.0 110.0 112.0 154.0
62 48.0 67.0 109.0 108.0 114.0 188.0 194.0 190.0 116.0 120.0 122.0 164.0
64 44.0 63.0 103.0 103.0 110.0 191.0 197.0 193.0 112.0 116.0 117.0 166.0
70 105.0 92.0 167.0 168.0 118.0 57.0 55.0 49.0 52.0 49.0 76.0 21.0
71 105.0 92.0 168.0 168.0 118.0 59.0 57.0 50.0 53.0 51.0 78.0 24.0
73 109.0 95.0 168.0 168.0 118.0 76.0 74.0 68.0 39.0 37.0 64.0 46.0
76 65.0 51.0 124.0 124.0 74.0 114.0 112.0 106.0 8.0 12.0 27.0 78.0
77 69.0 55.0 127.0 128.0 78.0 116.0 114.0 108.0 10.0 14.0 31.0 79.0
80 71.0 59.0 85.0 85.0 36.0 152.0 150.0 144.0 41.0 45.0 30.0 115.0
81 74.0 61.0 104.0 104.0 54.0 154.0 152.0 146.0 44.0 48.0 33.0 118.0
84 72.0 58.0 114.0 115.0 65.0 123.0 121.0 115.0 13.0 17.0 17.0 87.0
85 73.0 59.0 118.0 118.0 68.0 122.0 120.0 114.0 11.0 15.0 17.0 86.0
86 75.0 62.0 118.0 119.0 69.0 120.0 118.0 112.0 9.0 13.0 15.0 83.0
92 146.0 132.0 208.0 209.0 159.0 22.0 20.0 14.0 92.0 90.0 117.0 36.0
93 80.0 66.0 138.0 139.0 89.0 99.0 97.0 91.0 14.0 15.0 35.0 63.0
96 77.0 63.0 135.0 135.0 85.0 105.0 103.0 97.0 10.0 12.0 31.0 69.0
98 75.0 61.0 134.0 134.0 84.0 104.0 102.0 96.0 9.0 11.0 30.0 67.0
101 126.0 112.0 188.0 189.0 139.0 47.0 45.0 39.0 67.0 65.0 92.0 17.0
103 127.0 114.0 189.0 190.0 140.0 46.0 44.0 38.0 69.0 66.0 93.0 16.0
105 141.0 127.0 203.0 204.0 154.0 25.0 23.0 17.0 87.0 85.0 112.0 33.0
106 146.0 132.0 208.0 209.0 159.0 19.0 17.0 11.0 92.0 90.0 117.0 27.0
107 136.0 123.0 199.0 199.0 149.0 36.0 34.0 28.0 78.0 76.0 103.0 18.0
109 139.0 126.0 202.0 202.0 152.0 33.0 31.0 25.0 81.0 79.0 106.0 17.0
110 159.0 146.0 221.0 222.0 172.0 3.0 9.0 6.0 106.0 103.0 130.0 43.0
111 177.0 163.0 239.0 240.0 190.0 33.0 40.0 36.0 123.0 121.0 148.0 67.0
114 156.0 142.0 218.0 219.0 169.0 8.0 4.0 2.0 102.0 100.0 127.0 40.0
115 203.0 190.0 265.0 266.0 216.0 55.0 48.0 50.0 150.0 147.0 174.0 87.0
116 194.0 181.0 257.0 257.0 207.0 47.0 39.0 41.0 141.0 139.0 166.0 79.0
119 185.0 171.0 247.0 248.0 198.0 37.0 30.0 31.0 131.0 129.0 156.0 69.0

#distancia entre alojamientos y puentes
: 3 4 8 14 20 22 25 26 29 32 33 35 36 37 39 44 45 48 49 50 51 59 62 64 70 71 73 76 77 80 81 84 85 86 92 93 96 98 101 103 105 106 107 109 110 111 114 115 116 119:=
122 81.0 69.0 76.0 84.0 10.0 3.0 16.0 10.0 44.0 37.0 38.0 28.0 10.0 37.0 39.0 43.0 39.0 50.0 79.0 87.0 79.0 39.0 49.0 45.0 106.0 106.0 110.0 66.0 69.0 73.0 67.0 73.0 74.0 77.0 147.0 81.0 79.0 76.0 127.0 128.0 142.0 146.0 138.0 141.0 161.0 179.0 158.0 205.0 197.0 186.0
123 106.0 85.0 63.0 72.0 36.0 29.0 26.0 18.0 69.0 61.0 63.0 52.0 21.0 55.0 58.0 61.0 58.0 69.0 98.0 106.0 98.0 57.0 68.0 64.0 92.0 92.0 96.0 52.0 55.0 60.0 54.0 59.0 60.0 63.0 133.0 67.0 65.0 62.0 113.0 114.0 128.0 132.0 124.0 127.0 147.0 165.0 144.0 191.0 183.0 172.0
126 32.0 39.0 50.0 71.0 101.0 104.0 122.0 114.0 71.0 81.0 74.0 85.0 117.0 99.0 99.0 102.0 99.0 113.0 140.0 149.0 140.0 101.0 109.0 105.0 167.0 167.0 166.0 122.0 125.0 84.0 96.0 112.0 114.0 116.0 208.0 137.0 136.0 132.0 188.0 189.0 203.0 208.0 199.0 202.0 222.0 240.0 219.0 266.0 258.0 247.0
127 31.0 40.0 51.0 72.0 101.0 105.0 123.0 115.0 71.0 80.0 73.0 84.0 118.0 99.0 99.0 102.0 98.0 112.0 140.0 148.0 140.0 101.0 109.0 104.0 168.0 168.0 167.0 123.0 126.0 85.0 96.0 113.0 115.0 117.0 209.0 138.0 137.0 133.0 189.0 190.0 204.0 208.0 199.0 202.0 223.0 241.0 219.0 267.0 259.0 248.0
129 53.0 28.0 5.0 22.0 82.0 75.0 73.0 65.0 84.0 93.0 86.0 97.0 68.0 103.0 105.0 109.0 105.0 116.0 145.0 153.0 145.0 105.0 115.0 111.0 118.0 118.0 118.0 73.0 77.0 35.0 47.0 64.0 65.0 67.0 160.0 88.0 87.0 83.0 139.0 140.0 154.0 159.0 150.0 153.0 173.0 191.0 170.0 217.0 209.0 199.0
130 227.0 201.0 179.0 175.0 172.0 165.0 163.0 155.0 206.0 198.0 200.0 189.0 158.0 183.0 195.0 193.0 195.0 180.0 217.0 225.0 217.0 181.0 190.0 193.0 57.0 58.0 76.0 113.0 114.0 151.0 146.0 122.0 121.0 119.0 21.0 98.0 102.0 102.0 47.0 45.0 24.0 19.0 36.0 33.0 3.0 33.0 8.0 55.0 47.0 37.0
131 225.0 199.0 177.0 173.0 170.0 163.0 161.0 153.0 204.0 196.0 198.0 187.0 156.0 189.0 193.0 197.0 193.0 186.0 223.0 232.0 223.0 187.0 196.0 199.0 55.0 56.0 74.0 111.0 112.0 149.0 144.0 120.0 119.0 117.0 19.0 96.0 100.0 100.0 45.0 43.0 22.0 17.0 34.0 31.0 9.0 40.0 4.0 48.0 40.0 30.0
134 219.0 193.0 170.0 167.0 163.0 157.0 155.0 147.0 197.0 190.0 192.0 181.0 150.0 184.0 187.0 190.0 187.0 182.0 219.0 227.0 219.0 183.0 192.0 192.0 48.0 49.0 68.0 104.0 106.0 143.0 137.0 114.0 112.0 111.0 13.0 90.0 93.0 94.0 38.0 37.0 16.0 11.0 28.0 25.0 6.0 36.0 2.0 50.0 42.0 31.0
137 130.0 104.0 82.0 66.0 83.0 76.0 75.0 66.0 117.0 110.0 112.0 101.0 70.0 104.0 107.0 110.0 107.0 118.0 146.0 155.0 146.0 106.0 116.0 112.0 52.0 53.0 40.0 8.0 6.0 42.0 37.0 14.0 11.0 10.0 93.0 14.0 12.0 10.0 68.0 69.0 88.0 92.0 79.0 82.0 107.0 125.0 103.0 151.0 143.0 132.0
140 134.0 108.0 86.0 70.0 87.0 80.0 78.0 70.0 121.0 113.0 116.0 105.0 74.0 108.0 110.0 114.0 110.0 122.0 150.0 158.0 150.0 110.0 120.0 116.0 50.0 51.0 37.0 12.0 10.0 46.0 40.0 17.0 15.0 14.0 91.0 14.0 13.0 10.0 66.0 67.0 86.0 90.0 77.0 80.0 104.0 123.0 101.0 148.0 141.0 130.0
143 119.0 94.0 71.0 56.0 88.0 81.0 80.0 71.0 122.0 115.0 117.0 106.0 75.0 109.0 111.0 115.0 111.0 123.0 151.0 160.0 151.0 111.0 121.0 117.0 77.0 79.0 65.0 27.0 27.0 32.0 26.0 17.0 17.0 15.0 118.0 36.0 34.0 31.0 93.0 94.0 113.0 117.0 104.0 107.0 132.0 150.0 129.0 176.0 168.0 157.0
146 192.0 167.0 144.0 141.0 137.0 130.0 129.0 120.0 171.0 164.0 166.0 155.0 124.0 158.0 160.0 164.0 160.0 157.0 194.0 202.0 194.0 158.0 167.0 166.0 22.0 24.0 45.0 78.0 80.0 117.0 111.0 88.0 86.0 85.0 36.0 63.0 67.0 68.0 16.0 15.0 33.0 27.0 18.0 19.0 43.0 68.0 40.0 87.0 80.0 69.0

#distancia entre depositos y puentes
: 3 4 8 14 20 22 25 26 29 32 33 35 36 37 39 44 45 48 49 50 51 59 62 64 70 71 73 76 77 80 81 84 85 86 92 93 96 98 101 103 105 106 107 109 110 111 114 115 116 119:=
0 59.0 75.0 99.0 108.0 39.0 33.0 39.0 32.0 22.0 14.0 16.0 5.0 33.0 11.0 10.0 14.0 10.0 23.0 51.0 60.0 51.0 13.0 20.0 16.0 129.0 130.0 133.0 89.0 92.0 96.0 91.0 96.0 97.0 101.0 171.0 104.0 103.0 99.0 150.0 151.0 165.0 170.0 161.0 164.0 184.0 180.0 181.0 222.0 208.0 210.0
1 151.0 125.0 103.0 87.0 102.0 96.0 94.0 86.0 136.0 129.0 131.0 120.0 89.0 123.0 126.0 129.0 126.0 135.0 166.0 174.0 165.0 125.0 135.0 131.0 38.0 40.0 26.0 27.0 27.0 63.0 58.0 35.0 33.0 31.0 80.0 15.0 16.0 17.0 54.0 55.0 74.0 79.0 65.0 68.0 93.0 111.0 90.0 137.0 129.0 119.0

#distancia entre puentes y depositos
: 0 1:=
3 59.0 150.0
4 75.0 124.0
8 99.0 102.0
14 108.0 86.0
20 40.0 103.0
22 33.0 96.0
25 38.0 94.0
26 38.0 93.0
29 22.0 137.0
32 14.0 129.0
33 16.0 131.0
35 5.0 120.0
36 33.0 88.0
37 11.0 124.0
39 10.0 126.0
44 13.0 129.0
45 10.0 126.0
48 24.0 134.0
49 77.0 191.0
50 59.0 174.0
51 51.0 166.0
59 12.0 126.0
62 20.0 136.0
64 15.0 131.0
70 128.0 38.0
71 129.0 39.0
73 132.0 26.0
76 89.0 27.0
77 92.0 29.0
80 95.0 62.0
81 97.0 65.0
84 95.0 34.0
85 96.0 32.0
86 99.0 30.0
92 169.0 79.0
93 103.0 15.0
96 100.0 18.0
98 99.0 17.0
101 149.0 54.0
103 150.0 55.0
105 164.0 73.0
106 169.0 78.0
107 160.0 64.0
109 163.0 67.0
110 182.0 92.0
111 183.0 110.0
114 179.0 89.0
115 225.0 136.0
116 212.0 127.0
119 208.0 118.0

;