set O:= 0 1;
set N:= 2 3 8 15 16 17 21 22 29 32 33 35 36 37 39 44 45 48 49 50 51 52 57 64 69 74 76 77 78 81 88 92 100 105 108 109 110 114 115 119;
set M:= 122 126 128 130 131 134 137 140 144 146;
set K:= 1 2 3 4 5;
param D:= 100;
param Q:= 540;
param v:= 2000000;
param f:= 
122 24000
126 68517
128 39740
130 45000
131 73862
134 96841
137 27856
140 48596
144 52000
146 78000
;
param:	xcoord ycoord w q:=
0 -32.75044 -70.72613 0 1 
1 -33.0433 -71.624 0 1 
2 -32.5191 -70.92373 38 1 
3 -32.35092 -70.79153 105 1 
8 -32.44708 -71.19315 110 1 
15 -32.44511 -71.32299 71 1 
16 -32.21823 -70.82151 78 1 
17 -32.34859 -71.07237 51 1 
21 -32.80094 -70.95847 94 1 
22 -32.75643 -70.94537 48 1 
29 -32.58297 -70.73334 108 1 
32 -32.66447 -70.697 94 1 
33 -32.62252 -70.72251 72 1 
35 -32.7126 -70.74393 65 1 
36 -32.83944 -71.00021 66 1 
37 -32.81691 -70.71195 53 1 
39 -32.74002 -70.64044 105 1 
44 -32.76742 -70.61154 38 1 
45 -32.74039 -70.64 42 1 
48 -32.88608 -70.59211 103 1 
49 -32.90731 -70.28602 104 1 
50 -32.87857 -70.20821 39 1 
51 -32.90645 -70.28716 50 1 
52 -32.90338 -70.26912 86 1 
57 -32.89552 -70.6746 98 1 
64 -32.75022 -70.59169 119 1 
69 -33.37956 -71.38904 76 1 
74 -32.91961 -71.50488 57 1 
76 -32.93269 -71.43975 112 1 
77 -32.9314 -71.47561 30 1 
78 -32.93288 -71.46643 63 1 
81 -32.68399 -71.39191 70 1 
88 -32.80869 -71.44189 36 1 
92 -33.58655 -71.52943 57 1 
100 -33.38903 -71.69158 108 1 
105 -33.53115 -71.54035 119 1 
108 -33.44564 -71.67852 41 1 
109 -33.44473 -71.67916 117 1 
110 -33.63989 -71.57131 49 1 
114 -33.63163 -71.61037 97 1 
115 -33.93803 -71.7365 56 1 
119 -33.8283 -71.64323 81 1 
122 -32.77961 -70.95976 0 1 
126 -32.25311 -70.93619 0 1 
128 -32.43019 -71.07467 0 1 
130 -33.65802 -71.56785 0 1 
131 -33.65502 -71.62965 0 1 
134 -33.61172 -71.60733 0 1 
137 -32.91915 -71.52057 0 1 
140 -32.93024 -71.55027 0 1 
144 -32.77144 -71.53401 0 1 
146 -33.38843 -71.53636 0 1 
;
param d[*,*]
#distancia de viaje entre puentes
: 2 3 8 15 16 17 21 22 29 32 33 35 36 37 39 44 45 48 49 50 51 52 57 64 69 74 76 77 78 81 88 92 100 105 108 109 110 114 115 119:=
2 0.0 29.0 41.0 52.0 48.0 35.0 56.0 50.0 41.0 50.0 43.0 54.0 63.0 69.0 69.0 72.0 68.0 82.0 110.0 118.0 110.0 112.0 77.0 74.0 169.0 117.0 115.0 119.0 118.0 89.0 99.0 200.0 186.0 194.0 193.0 193.0 213.0 210.0 257.0 239.0
3 29.0 0.0 51.0 62.0 19.0 46.0 83.0 79.0 41.0 50.0 43.0 54.0 90.0 68.0 68.0 71.0 68.0 82.0 110.0 118.0 110.0 111.0 77.0 74.0 181.0 127.0 125.0 129.0 128.0 99.0 110.0 212.0 198.0 207.0 205.0 205.0 225.0 222.0 269.0 251.0
8 41.0 51.0 0.0 14.0 62.0 32.0 75.0 79.0 82.0 91.0 84.0 95.0 73.0 107.0 109.0 112.0 109.0 120.0 149.0 157.0 149.0 151.0 115.0 115.0 132.0 79.0 77.0 81.0 80.0 51.0 61.0 164.0 150.0 158.0 157.0 157.0 177.0 174.0 221.0 203.0
15 52.0 62.0 14.0 0.0 71.0 41.0 71.0 76.0 93.0 102.0 96.0 100.0 69.0 103.0 106.0 109.0 106.0 117.0 146.0 154.0 145.0 147.0 112.0 111.0 129.0 76.0 74.0 78.0 77.0 48.0 58.0 160.0 147.0 155.0 154.0 154.0 174.0 171.0 218.0 199.0
16 48.0 19.0 62.0 70.0 0.0 31.0 101.0 98.0 59.0 68.0 61.0 72.0 109.0 87.0 86.0 89.0 86.0 100.0 128.0 136.0 128.0 130.0 95.0 92.0 189.0 135.0 134.0 137.0 136.0 107.0 118.0 220.0 207.0 215.0 213.0 213.0 234.0 230.0 278.0 259.0
17 35.0 46.0 31.0 40.0 31.0 0.0 91.0 85.0 76.0 86.0 79.0 90.0 99.0 104.0 104.0 107.0 104.0 118.0 146.0 154.0 145.0 147.0 112.0 110.0 159.0 105.0 103.0 107.0 106.0 77.0 88.0 190.0 176.0 185.0 183.0 183.0 203.0 200.0 247.0 229.0
21 55.0 83.0 74.0 70.0 101.0 91.0 0.0 6.0 46.0 39.0 40.0 30.0 7.0 34.0 37.0 40.0 37.0 48.0 77.0 85.0 76.0 78.0 43.0 42.0 114.0 71.0 64.0 67.0 66.0 65.0 67.0 146.0 132.0 140.0 139.0 139.0 159.0 156.0 203.0 185.0
22 50.0 79.0 78.0 75.0 98.0 85.0 6.0 0.0 47.0 41.0 42.0 32.0 13.0 40.0 43.0 46.0 43.0 54.0 82.0 91.0 82.0 84.0 48.0 48.0 119.0 75.0 68.0 72.0 71.0 70.0 72.0 150.0 137.0 145.0 143.0 143.0 164.0 160.0 208.0 189.0
29 41.0 41.0 82.0 93.0 59.0 76.0 46.0 47.0 0.0 13.0 6.0 17.0 54.0 32.0 31.0 34.0 31.0 45.0 73.0 81.0 73.0 75.0 40.0 37.0 160.0 117.0 110.0 113.0 112.0 111.0 113.0 191.0 178.0 186.0 185.0 185.0 205.0 202.0 243.0 230.0
32 50.0 50.0 91.0 102.0 68.0 86.0 39.0 41.0 13.0 0.0 7.0 9.0 45.0 24.0 23.0 26.0 23.0 37.0 65.0 73.0 65.0 66.0 32.0 29.0 152.0 109.0 102.0 105.0 104.0 103.0 105.0 184.0 170.0 178.0 177.0 177.0 197.0 194.0 235.0 223.0
33 43.0 43.0 84.0 95.0 61.0 79.0 40.0 42.0 6.0 7.0 0.0 11.0 47.0 26.0 25.0 28.0 25.0 39.0 67.0 75.0 67.0 68.0 34.0 31.0 154.0 111.0 104.0 107.0 106.0 105.0 107.0 186.0 172.0 180.0 179.0 179.0 199.0 196.0 237.0 225.0
35 54.0 54.0 95.0 99.0 72.0 90.0 30.0 32.0 17.0 9.0 11.0 0.0 37.0 15.0 14.0 17.0 14.0 28.0 56.0 64.0 56.0 58.0 23.0 20.0 143.0 100.0 93.0 96.0 95.0 94.0 96.0 175.0 161.0 169.0 168.0 168.0 188.0 185.0 226.0 214.0
36 64.0 91.0 70.0 67.0 109.0 97.0 8.0 14.0 54.0 46.0 48.0 37.0 0.0 40.0 43.0 46.0 43.0 54.0 83.0 91.0 82.0 84.0 49.0 48.0 111.0 67.0 60.0 64.0 63.0 62.0 64.0 142.0 129.0 137.0 135.0 135.0 156.0 152.0 200.0 181.0
37 69.0 69.0 106.0 103.0 87.0 104.0 34.0 40.0 32.0 24.0 26.0 15.0 40.0 0.0 17.0 21.0 17.0 17.0 47.0 55.0 47.0 49.0 11.0 23.0 143.0 103.0 96.0 100.0 99.0 98.0 100.0 175.0 165.0 169.0 171.0 171.0 178.0 183.0 214.0 204.0
39 68.0 67.0 109.0 105.0 86.0 103.0 36.0 42.0 30.0 23.0 25.0 14.0 42.0 17.0 0.0 6.0 0.0 22.0 48.0 56.0 48.0 50.0 25.0 6.0 149.0 106.0 99.0 102.0 101.0 100.0 102.0 180.0 167.0 175.0 174.0 174.0 191.0 191.0 228.0 219.0
44 71.0 71.0 112.0 108.0 89.0 106.0 40.0 45.0 34.0 26.0 28.0 17.0 45.0 20.0 6.0 0.0 6.0 18.0 44.0 53.0 44.0 46.0 22.0 3.0 152.0 109.0 102.0 105.0 104.0 103.0 105.0 183.0 170.0 178.0 177.0 177.0 188.0 193.0 225.0 215.0
45 68.0 67.0 109.0 105.0 86.0 103.0 36.0 42.0 30.0 22.0 25.0 14.0 42.0 17.0 0.0 6.0 0.0 21.0 48.0 56.0 48.0 49.0 25.0 6.0 149.0 106.0 99.0 102.0 101.0 100.0 102.0 180.0 167.0 175.0 174.0 174.0 191.0 191.0 228.0 219.0
48 83.0 82.0 120.0 117.0 100.0 118.0 48.0 54.0 45.0 37.0 39.0 28.0 54.0 17.0 21.0 18.0 21.0 0.0 40.0 48.0 40.0 42.0 9.0 18.0 141.0 117.0 110.0 114.0 113.0 112.0 113.0 172.0 169.0 167.0 173.0 173.0 176.0 181.0 212.0 202.0
49 135.0 135.0 174.0 171.0 153.0 171.0 102.0 108.0 98.0 90.0 92.0 81.0 108.0 73.0 73.0 69.0 73.0 66.0 0.0 8.0 1.0 2.0 71.0 69.0 203.0 171.0 164.0 168.0 167.0 166.0 167.0 235.0 231.0 229.0 235.0 235.0 238.0 243.0 274.0 264.0
50 118.0 117.0 157.0 153.0 136.0 153.0 85.0 91.0 80.0 73.0 75.0 64.0 91.0 55.0 56.0 52.0 56.0 48.0 12.0 0.0 8.0 14.0 54.0 52.0 186.0 154.0 147.0 150.0 150.0 149.0 150.0 217.0 214.0 212.0 218.0 218.0 221.0 226.0 257.0 247.0
51 109.0 109.0 148.0 145.0 127.0 145.0 76.0 82.0 72.0 64.0 66.0 55.0 82.0 47.0 47.0 44.0 47.0 40.0 4.0 8.0 0.0 2.0 46.0 43.0 177.0 146.0 139.0 142.0 141.0 140.0 142.0 209.0 205.0 204.0 209.0 209.0 212.0 217.0 249.0 239.0
52 133.0 133.0 172.0 169.0 151.0 169.0 100.0 106.0 96.0 88.0 90.0 79.0 106.0 71.0 71.0 68.0 71.0 64.0 2.0 7.0 3.0 0.0 70.0 67.0 201.0 169.0 162.0 166.0 165.0 164.0 166.0 233.0 229.0 228.0 233.0 233.0 236.0 241.0 272.0 263.0
57 77.0 77.0 114.0 111.0 95.0 113.0 42.0 48.0 40.0 32.0 34.0 23.0 48.0 11.0 25.0 22.0 25.0 9.0 46.0 55.0 46.0 48.0 0.0 22.0 132.0 112.0 105.0 108.0 107.0 106.0 108.0 164.0 160.0 158.0 164.0 164.0 167.0 172.0 203.0 193.0
64 73.0 73.0 114.0 110.0 91.0 109.0 42.0 48.0 36.0 28.0 30.0 19.0 48.0 23.0 6.0 3.0 6.0 18.0 44.0 52.0 44.0 46.0 22.0 0.0 153.0 111.0 104.0 107.0 107.0 106.0 107.0 185.0 172.0 180.0 179.0 179.0 188.0 193.0 225.0 215.0
69 168.0 180.0 132.0 129.0 189.0 159.0 114.0 118.0 159.0 152.0 154.0 143.0 112.0 146.0 148.0 152.0 148.0 143.0 180.0 189.0 180.0 182.0 135.0 154.0 0.0 66.0 67.0 69.0 65.0 100.0 83.0 35.0 36.0 30.0 37.0 37.0 48.0 45.0 92.0 74.0
74 118.0 128.0 80.0 77.0 137.0 107.0 71.0 75.0 116.0 109.0 111.0 100.0 69.0 103.0 106.0 109.0 105.0 117.0 145.0 154.0 145.0 147.0 111.0 111.0 66.0 0.0 7.0 5.0 5.0 35.0 18.0 96.0 78.0 91.0 85.0 85.0 110.0 106.0 154.0 135.0
76 116.0 126.0 78.0 75.0 135.0 105.0 64.0 68.0 109.0 102.0 104.0 93.0 62.0 96.0 98.0 102.0 98.0 110.0 138.0 147.0 138.0 140.0 104.0 104.0 68.0 7.0 0.0 3.0 3.0 33.0 16.0 98.0 80.0 93.0 87.0 86.0 111.0 108.0 155.0 137.0
77 120.0 130.0 82.0 79.0 139.0 108.0 68.0 72.0 113.0 105.0 107.0 96.0 65.0 100.0 102.0 106.0 102.0 113.0 142.0 150.0 142.0 143.0 108.0 108.0 70.0 9.0 4.0 0.0 1.0 37.0 20.0 100.0 81.0 94.0 88.0 88.0 113.0 110.0 157.0 139.0
78 119.0 129.0 81.0 78.0 138.0 107.0 67.0 71.0 112.0 104.0 106.0 95.0 64.0 99.0 101.0 105.0 101.0 112.0 141.0 149.0 141.0 143.0 107.0 107.0 66.0 4.0 3.0 1.0 0.0 36.0 19.0 96.0 78.0 91.0 85.0 84.0 109.0 106.0 153.0 135.0
81 96.0 107.0 59.0 55.0 115.0 85.0 73.0 77.0 118.0 110.0 112.0 101.0 70.0 105.0 107.0 111.0 107.0 118.0 147.0 155.0 147.0 148.0 113.0 113.0 108.0 42.0 40.0 44.0 43.0 0.0 24.0 138.0 120.0 133.0 127.0 127.0 152.0 148.0 196.0 177.0
88 100.0 110.0 62.0 59.0 119.0 89.0 67.0 71.0 112.0 104.0 106.0 95.0 65.0 99.0 101.0 105.0 101.0 112.0 141.0 149.0 141.0 143.0 107.0 107.0 84.0 18.0 16.0 19.0 18.0 17.0 0.0 114.0 95.0 108.0 102.0 102.0 127.0 124.0 171.0 153.0
92 199.0 211.0 163.0 160.0 220.0 189.0 145.0 149.0 190.0 182.0 184.0 174.0 143.0 177.0 179.0 183.0 179.0 175.0 211.0 220.0 211.0 213.0 166.0 185.0 35.0 95.0 97.0 98.0 95.0 130.0 113.0 0.0 32.0 7.0 26.0 26.0 19.0 16.0 63.0 45.0
100 185.0 198.0 150.0 146.0 207.0 176.0 132.0 136.0 177.0 169.0 171.0 160.0 129.0 164.0 166.0 170.0 166.0 169.0 206.0 214.0 206.0 208.0 161.0 172.0 35.0 77.0 79.0 80.0 77.0 112.0 95.0 32.0 0.0 28.0 7.0 7.0 37.0 33.0 81.0 62.0
105 193.0 206.0 158.0 154.0 214.0 184.0 140.0 144.0 185.0 177.0 179.0 168.0 137.0 171.0 174.0 177.0 174.0 169.0 206.0 214.0 206.0 208.0 161.0 180.0 29.0 90.0 91.0 93.0 90.0 125.0 107.0 8.0 28.0 0.0 21.0 21.0 22.0 19.0 66.0 48.0
108 192.0 205.0 157.0 153.0 213.0 183.0 139.0 143.0 184.0 176.0 178.0 167.0 136.0 170.0 173.0 177.0 173.0 175.0 211.0 220.0 211.0 213.0 166.0 179.0 36.0 84.0 86.0 87.0 84.0 119.0 102.0 25.0 7.0 21.0 0.0 0.0 30.0 27.0 74.0 55.0
109 192.0 205.0 157.0 153.0 213.0 183.0 138.0 143.0 183.0 176.0 178.0 167.0 136.0 170.0 173.0 176.0 173.0 175.0 211.0 220.0 211.0 213.0 166.0 179.0 36.0 84.0 85.0 87.0 84.0 119.0 102.0 26.0 7.0 21.0 0.0 0.0 30.0 27.0 74.0 56.0
110 212.0 224.0 176.0 173.0 233.0 203.0 158.0 162.0 203.0 195.0 198.0 187.0 156.0 180.0 192.0 190.0 192.0 178.0 214.0 223.0 214.0 216.0 169.0 190.0 48.0 108.0 110.0 111.0 108.0 143.0 126.0 19.0 37.0 22.0 30.0 30.0 0.0 5.0 52.0 34.0
114 209.0 221.0 173.0 170.0 230.0 199.0 155.0 159.0 200.0 192.0 194.0 183.0 153.0 185.0 189.0 193.0 189.0 183.0 219.0 228.0 219.0 221.0 174.0 195.0 45.0 105.0 107.0 108.0 105.0 140.0 123.0 15.0 34.0 19.0 27.0 27.0 5.0 0.0 47.0 29.0
115 256.0 268.0 220.0 217.0 277.0 247.0 202.0 206.0 247.0 238.0 241.0 230.0 200.0 218.0 231.0 228.0 231.0 215.0 252.0 260.0 252.0 254.0 207.0 228.0 92.0 152.0 154.0 156.0 152.0 187.0 170.0 63.0 81.0 66.0 74.0 74.0 52.0 47.0 0.0 18.0
119 237.0 250.0 202.0 198.0 259.0 228.0 184.0 188.0 229.0 221.0 223.0 212.0 181.0 208.0 218.0 218.0 218.0 205.0 242.0 250.0 242.0 244.0 196.0 218.0 73.0 134.0 136.0 137.0 134.0 169.0 152.0 44.0 63.0 47.0 56.0 56.0 34.0 29.0 18.0 0.0

#distancia viaje entre puentes y alojamientos
: 122 126 128 130 131 134 137 140 144 146:=
2 53.0 54.0 24.0 216.0 214.0 208.0 119.0 123.0 109.0 180.0
3 81.0 32.0 34.0 228.0 226.0 220.0 129.0 133.0 120.0 192.0
8 76.0 50.0 17.0 180.0 178.0 172.0 81.0 85.0 71.0 144.0
15 72.0 59.0 28.0 176.0 174.0 168.0 78.0 81.0 68.0 140.0
16 99.0 12.0 45.0 236.0 234.0 228.0 137.0 141.0 128.0 200.0
17 89.0 20.0 14.0 206.0 204.0 198.0 107.0 111.0 98.0 170.0
21 2.0 110.0 79.0 162.0 160.0 154.0 72.0 76.0 79.0 126.0
22 4.0 104.0 74.0 166.0 164.0 158.0 77.0 81.0 83.0 130.0
29 44.0 71.0 65.0 207.0 205.0 199.0 118.0 122.0 125.0 171.0
32 37.0 80.0 74.0 200.0 198.0 192.0 110.0 114.0 117.0 163.0
33 38.0 74.0 67.0 202.0 200.0 194.0 112.0 116.0 119.0 165.0
35 28.0 84.0 78.0 191.0 189.0 183.0 101.0 105.0 108.0 155.0
36 11.0 116.0 85.0 158.0 156.0 150.0 69.0 73.0 75.0 122.0
37 37.0 99.0 93.0 180.0 187.0 183.0 105.0 109.0 111.0 156.0
39 39.0 98.0 92.0 194.0 195.0 188.0 107.0 111.0 114.0 160.0
44 42.0 101.0 95.0 191.0 197.0 192.0 110.0 114.0 117.0 163.0
45 39.0 98.0 92.0 194.0 194.0 188.0 107.0 111.0 114.0 160.0
48 50.0 113.0 106.0 178.0 185.0 180.0 118.0 122.0 125.0 154.0
49 104.0 165.0 159.0 240.0 247.0 243.0 172.0 176.0 179.0 216.0
50 87.0 148.0 142.0 223.0 230.0 226.0 155.0 159.0 162.0 199.0
51 79.0 140.0 133.0 215.0 221.0 217.0 147.0 151.0 153.0 191.0
52 103.0 164.0 157.0 239.0 245.0 241.0 171.0 175.0 177.0 215.0
57 45.0 107.0 101.0 169.0 176.0 172.0 113.0 117.0 120.0 145.0
64 44.0 103.0 97.0 191.0 197.0 193.0 112.0 116.0 119.0 166.0
69 115.0 177.0 146.0 51.0 49.0 43.0 63.0 60.0 89.0 18.0
74 72.0 125.0 94.0 112.0 110.0 104.0 2.0 6.0 23.0 76.0
76 65.0 124.0 93.0 114.0 112.0 106.0 8.0 12.0 28.0 78.0
77 69.0 127.0 96.0 116.0 114.0 108.0 10.0 14.0 32.0 79.0
78 68.0 126.0 95.0 112.0 110.0 104.0 6.0 10.0 28.0 76.0
81 74.0 104.0 73.0 154.0 152.0 146.0 44.0 48.0 35.0 118.0
88 68.0 108.0 77.0 130.0 128.0 122.0 19.0 23.0 12.0 94.0
92 146.0 208.0 177.0 22.0 20.0 14.0 92.0 90.0 119.0 36.0
100 133.0 195.0 164.0 39.0 38.0 31.0 74.0 72.0 101.0 17.0
105 141.0 203.0 172.0 25.0 23.0 17.0 87.0 85.0 113.0 33.0
108 140.0 202.0 171.0 32.0 30.0 24.0 81.0 79.0 107.0 17.0
109 139.0 202.0 171.0 33.0 31.0 25.0 81.0 79.0 107.0 17.0
110 159.0 221.0 190.0 3.0 9.0 6.0 106.0 103.0 132.0 43.0
114 156.0 218.0 187.0 8.0 4.0 2.0 102.0 100.0 129.0 40.0
115 203.0 265.0 234.0 55.0 48.0 50.0 150.0 147.0 176.0 87.0
119 185.0 247.0 216.0 37.0 30.0 31.0 131.0 129.0 157.0 69.0

#distancia entre alojamientos y puentes
: 2 3 8 15 16 17 21 22 29 32 33 35 36 37 39 44 45 48 49 50 51 52 57 64 69 74 76 77 78 81 88 92 100 105 108 109 110 114 115 119:=
122 53.0 81.0 76.0 72.0 99.0 89.0 2.0 3.0 44.0 37.0 38.0 28.0 10.0 37.0 39.0 43.0 39.0 50.0 79.0 87.0 79.0 81.0 45.0 45.0 116.0 73.0 66.0 69.0 68.0 67.0 69.0 147.0 134.0 142.0 141.0 141.0 161.0 158.0 205.0 186.0
126 54.0 32.0 50.0 59.0 13.0 19.0 110.0 104.0 71.0 81.0 74.0 85.0 117.0 99.0 99.0 102.0 99.0 113.0 140.0 149.0 140.0 142.0 107.0 105.0 177.0 124.0 122.0 125.0 124.0 96.0 106.0 208.0 195.0 203.0 202.0 202.0 222.0 219.0 266.0 247.0
128 24.0 34.0 17.0 28.0 45.0 14.0 79.0 74.0 65.0 74.0 67.0 78.0 87.0 93.0 92.0 95.0 92.0 106.0 134.0 142.0 134.0 135.0 101.0 98.0 147.0 93.0 91.0 95.0 94.0 65.0 76.0 178.0 164.0 173.0 171.0 171.0 191.0 188.0 235.0 217.0
130 214.0 227.0 179.0 175.0 236.0 205.0 161.0 165.0 206.0 198.0 200.0 189.0 158.0 183.0 195.0 193.0 195.0 180.0 217.0 225.0 217.0 219.0 172.0 193.0 50.0 111.0 113.0 114.0 111.0 146.0 129.0 21.0 40.0 24.0 33.0 33.0 3.0 8.0 55.0 37.0
131 212.0 225.0 177.0 173.0 234.0 203.0 159.0 163.0 204.0 196.0 198.0 187.0 156.0 189.0 193.0 197.0 193.0 186.0 223.0 232.0 223.0 225.0 178.0 199.0 48.0 109.0 111.0 112.0 109.0 144.0 127.0 19.0 38.0 22.0 31.0 31.0 9.0 4.0 48.0 30.0
134 206.0 219.0 170.0 167.0 227.0 197.0 152.0 157.0 197.0 190.0 192.0 181.0 150.0 184.0 187.0 190.0 187.0 182.0 219.0 227.0 219.0 221.0 174.0 192.0 42.0 103.0 104.0 106.0 102.0 137.0 120.0 13.0 32.0 16.0 25.0 25.0 6.0 2.0 50.0 31.0
137 120.0 130.0 82.0 79.0 139.0 108.0 72.0 76.0 117.0 110.0 112.0 101.0 70.0 104.0 107.0 110.0 107.0 118.0 146.0 155.0 146.0 148.0 112.0 112.0 63.0 2.0 8.0 6.0 6.0 37.0 20.0 93.0 75.0 88.0 82.0 82.0 107.0 103.0 151.0 132.0
140 123.0 134.0 86.0 82.0 142.0 112.0 76.0 80.0 121.0 113.0 116.0 105.0 74.0 108.0 110.0 114.0 110.0 122.0 150.0 158.0 150.0 152.0 116.0 116.0 61.0 5.0 12.0 10.0 9.0 40.0 24.0 91.0 73.0 86.0 80.0 80.0 104.0 101.0 148.0 130.0
144 110.0 121.0 73.0 69.0 129.0 99.0 78.0 82.0 123.0 116.0 118.0 107.0 76.0 110.0 113.0 116.0 113.0 124.0 153.0 161.0 152.0 154.0 119.0 118.0 90.0 23.0 28.0 28.0 28.0 27.0 12.0 120.0 101.0 114.0 108.0 108.0 133.0 130.0 177.0 159.0
146 180.0 192.0 144.0 141.0 201.0 171.0 126.0 130.0 171.0 164.0 166.0 155.0 124.0 158.0 160.0 164.0 160.0 157.0 194.0 202.0 194.0 196.0 149.0 166.0 18.0 76.0 78.0 80.0 76.0 111.0 94.0 36.0 18.0 33.0 19.0 19.0 43.0 40.0 87.0 69.0

#distancia entre depositos y puentes
: 2 3 8 15 16 17 21 22 29 32 33 35 36 37 39 44 45 48 49 50 51 52 57 64 69 74 76 77 78 81 88 92 100 105 108 109 110 114 115 119:=
0 60.0 59.0 99.0 96.0 77.0 95.0 27.0 33.0 22.0 14.0 16.0 5.0 33.0 11.0 10.0 14.0 10.0 23.0 51.0 60.0 51.0 53.0 19.0 16.0 140.0 96.0 89.0 92.0 92.0 91.0 92.0 171.0 157.0 165.0 164.0 164.0 184.0 181.0 222.0 210.0
1 141.0 151.0 103.0 100.0 160.0 130.0 91.0 96.0 136.0 129.0 131.0 120.0 89.0 123.0 126.0 129.0 126.0 135.0 166.0 174.0 165.0 167.0 127.0 131.0 50.0 23.0 27.0 27.0 25.0 58.0 41.0 80.0 61.0 74.0 68.0 68.0 93.0 90.0 137.0 119.0

#distancia entre puentes y depositos
: 0 1:=
2 59.0 140.0
3 59.0 150.0
8 99.0 102.0
15 96.0 99.0
16 77.0 158.0
17 95.0 128.0
21 27.0 91.0
22 33.0 96.0
29 22.0 137.0
32 14.0 129.0
33 16.0 131.0
35 5.0 120.0
36 33.0 88.0
37 11.0 124.0
39 10.0 126.0
44 13.0 129.0
45 10.0 126.0
48 24.0 134.0
49 77.0 191.0
50 59.0 174.0
51 51.0 166.0
52 75.0 190.0
57 19.0 125.0
64 15.0 131.0
69 138.0 49.0
74 96.0 23.0
76 89.0 27.0
77 92.0 29.0
78 91.0 25.0
81 97.0 65.0
88 91.0 40.0
92 169.0 79.0
100 156.0 60.0
105 164.0 73.0
108 163.0 67.0
109 163.0 67.0
110 182.0 92.0
114 179.0 89.0
115 225.0 136.0
119 208.0 118.0

;