set O:= 0 1;
set N:= 13 16 21 25 28 36 62 74 85 88 89 92 98 103 104 105 106 111 114 116;
set M:= 122 123 124 137 140;
set K:= 1 2 3;
param D:= 100;
param Q:= 540;
param v:= 2000000;
param f:= 
122 24000
123 26037
124 63000
137 27856
140 48596
;
param:	xcoord ycoord w q:=
0 -32.75044 -70.72613 0 1 
1 -33.0433 -71.624 0 1 
13 -32.34055 -71.17481 99 1 
16 -32.21823 -70.82151 78 1 
21 -32.80094 -70.95847 94 1 
25 -32.86219 -70.89013 69 1 
28 -32.86292 -70.94795 99 1 
36 -32.83944 -71.00021 66 1 
62 -32.76924 -70.56035 84 1 
74 -32.91961 -71.50488 57 1 
85 -32.8625 -71.46772 106 1 
88 -32.80869 -71.44189 36 1 
89 -33.10385 -71.66487 64 1 
92 -33.58655 -71.52943 57 1 
98 -32.98749 -71.50073 83 1 
103 -33.35491 -71.65289 40 1 
104 -33.61332 -71.40226 39 1 
105 -33.53115 -71.54035 119 1 
106 -33.53398 -71.59339 54 1 
111 -33.77523 -71.42462 65 1 
114 -33.63163 -71.61037 97 1 
116 -33.88859 -71.64141 97 1 
122 -32.77961 -70.95976 0 1 
123 -32.88254 -71.09009 0 1 
124 -32.85659 -70.41855 0 1 
137 -32.91915 -71.52057 0 1 
140 -32.93024 -71.55027 0 1 
;
param d[*,*]
#distancia de viaje entre puentes
: 13 16 21 25 28 36 62 74 85 88 89 92 98 103 104 105 106 111 114 116:=
13 0.0 50.0 90.0 93.0 89.0 88.0 120.0 94.0 85.0 77.0 128.0 179.0 103.0 160.0 184.0 174.0 178.0 211.0 189.0 229.0
16 49.0 0.0 101.0 115.0 112.0 109.0 96.0 135.0 126.0 118.0 170.0 220.0 144.0 201.0 226.0 215.0 219.0 252.0 230.0 270.0
21 89.0 101.0 0.0 14.0 11.0 7.0 46.0 71.0 72.0 67.0 103.0 146.0 74.0 126.0 151.0 140.0 145.0 177.0 156.0 195.0
25 92.0 115.0 14.0 0.0 7.0 12.0 58.0 74.0 76.0 70.0 106.0 149.0 78.0 130.0 154.0 144.0 148.0 176.0 159.0 199.0
28 89.0 111.0 11.0 7.0 0.0 9.0 55.0 70.0 72.0 67.0 102.0 145.0 74.0 126.0 150.0 140.0 144.0 177.0 155.0 195.0
36 86.0 109.0 8.0 12.0 8.0 0.0 52.0 67.0 69.0 64.0 99.0 142.0 71.0 123.0 148.0 137.0 141.0 174.0 152.0 192.0
62 120.0 96.0 46.0 58.0 55.0 52.0 0.0 115.0 117.0 112.0 147.0 182.0 119.0 171.0 169.0 177.0 181.0 180.0 191.0 208.0
74 96.0 137.0 71.0 74.0 70.0 69.0 115.0 0.0 10.0 18.0 34.0 96.0 9.0 72.0 101.0 91.0 95.0 128.0 106.0 146.0
85 88.0 129.0 72.0 74.0 70.0 70.0 116.0 10.0 0.0 10.0 44.0 106.0 19.0 82.0 111.0 100.0 105.0 138.0 116.0 155.0
88 78.0 119.0 67.0 69.0 65.0 65.0 111.0 18.0 8.0 0.0 52.0 114.0 26.0 90.0 119.0 108.0 113.0 145.0 124.0 163.0
89 130.0 171.0 103.0 105.0 102.0 101.0 147.0 35.0 44.0 53.0 0.0 81.0 29.0 57.0 87.0 76.0 81.0 113.0 92.0 131.0
92 178.0 220.0 145.0 147.0 143.0 143.0 185.0 95.0 105.0 113.0 84.0 0.0 87.0 36.0 19.0 7.0 12.0 36.0 16.0 56.0
98 104.0 145.0 74.0 77.0 73.0 72.0 118.0 8.0 18.0 26.0 28.0 88.0 0.0 64.0 93.0 82.0 87.0 119.0 98.0 137.0
103 159.0 201.0 126.0 128.0 125.0 124.0 170.0 71.0 81.0 89.0 60.0 36.0 63.0 0.0 50.0 33.0 27.0 68.0 40.0 79.0
104 184.0 226.0 151.0 153.0 149.0 149.0 182.0 101.0 111.0 119.0 90.0 18.0 92.0 48.0 0.0 18.0 24.0 31.0 24.0 63.0
105 173.0 214.0 140.0 142.0 138.0 137.0 179.0 90.0 100.0 107.0 78.0 8.0 81.0 32.0 18.0 0.0 7.0 39.0 19.0 58.0
106 178.0 219.0 145.0 147.0 143.0 142.0 184.0 95.0 105.0 113.0 84.0 12.0 86.0 26.0 25.0 7.0 0.0 43.0 13.0 52.0
111 209.0 251.0 176.0 178.0 174.0 174.0 182.0 126.0 136.0 144.0 115.0 36.0 118.0 66.0 27.0 38.0 42.0 0.0 36.0 75.0
114 188.0 230.0 155.0 157.0 153.0 153.0 193.0 105.0 115.0 123.0 94.0 15.0 96.0 40.0 24.0 19.0 13.0 36.0 0.0 39.0
116 227.0 268.0 193.0 196.0 192.0 191.0 211.0 144.0 153.0 161.0 132.0 54.0 135.0 78.0 62.0 57.0 52.0 74.0 39.0 0.0

#distancia viaje entre puentes y alojamientos
: 122 123 124 137 140:=
13 91.0 79.0 135.0 96.0 100.0
16 99.0 120.0 111.0 137.0 141.0
21 2.0 23.0 60.0 72.0 76.0
25 16.0 26.0 71.0 75.0 79.0
28 13.0 22.0 68.0 72.0 75.0
36 11.0 19.0 66.0 69.0 73.0
62 48.0 67.0 23.0 116.0 120.0
74 72.0 58.0 129.0 2.0 6.0
85 73.0 59.0 129.0 11.0 15.0
88 68.0 55.0 124.0 19.0 23.0
89 104.0 90.0 160.0 34.0 31.0
92 146.0 132.0 195.0 92.0 90.0
98 75.0 61.0 132.0 9.0 11.0
103 127.0 114.0 183.0 69.0 66.0
104 152.0 138.0 192.0 98.0 96.0
105 141.0 127.0 189.0 87.0 85.0
106 146.0 132.0 194.0 92.0 90.0
111 177.0 163.0 192.0 123.0 121.0
114 156.0 142.0 203.0 102.0 100.0
116 194.0 181.0 222.0 141.0 139.0

#distancia entre alojamientos y puentes
: 13 16 21 25 28 36 62 74 85 88 89 92 98 103 104 105 106 111 114 116:=
122 91.0 99.0 2.0 16.0 13.0 10.0 49.0 73.0 74.0 69.0 104.0 147.0 76.0 128.0 153.0 142.0 146.0 179.0 158.0 197.0
123 78.0 120.0 23.0 26.0 22.0 21.0 68.0 59.0 60.0 56.0 90.0 133.0 62.0 114.0 139.0 128.0 132.0 165.0 144.0 183.0
124 135.0 111.0 60.0 72.0 69.0 65.0 23.0 129.0 130.0 125.0 160.0 192.0 132.0 183.0 179.0 187.0 191.0 190.0 201.0 218.0
137 97.0 139.0 72.0 75.0 71.0 70.0 116.0 2.0 11.0 20.0 34.0 93.0 10.0 69.0 99.0 88.0 92.0 125.0 103.0 143.0
140 101.0 142.0 76.0 78.0 75.0 74.0 120.0 5.0 15.0 24.0 31.0 91.0 10.0 67.0 96.0 86.0 90.0 123.0 101.0 141.0

#distancia entre depositos y puentes
: 13 16 21 25 28 36 62 74 85 88 89 92 98 103 104 105 106 111 114 116:=
0 101.0 77.0 27.0 39.0 36.0 33.0 20.0 96.0 97.0 92.0 128.0 171.0 99.0 151.0 170.0 165.0 170.0 180.0 181.0 208.0
1 118.0 160.0 91.0 94.0 90.0 89.0 135.0 23.0 33.0 41.0 12.0 80.0 17.0 55.0 85.0 74.0 79.0 111.0 90.0 129.0

#distancia entre puentes y depositos
: 0 1:=
13 101.0 117.0
16 77.0 158.0
21 27.0 91.0
25 38.0 94.0
28 35.0 91.0
36 33.0 88.0
62 20.0 136.0
74 96.0 23.0
85 96.0 32.0
88 91.0 40.0
89 127.0 12.0
92 169.0 79.0
98 99.0 17.0
103 150.0 55.0
104 175.0 85.0
105 164.0 73.0
106 169.0 78.0
111 183.0 110.0
114 179.0 89.0
116 212.0 127.0

;