set O:= 0 1;
set N:= 4 10 15 32 35 36 39 44 50 62 69 70 73 77 81 87 89 101 103 105 106 107 108 109 114;
set M:= 123 127 129 130 131 137 143 144 146 147;
set K:= 1 2 3 4 5;
param D:= 100;
param Q:= 540;
param v:= 2000000;
param f:= 
123 26037
127 25694
129 42028
130 45000
131 73862
137 27856
143 48720
144 52000
146 78000
147 45000
;
param:	xcoord ycoord w q:=
0 -32.75044 -70.72613 0 1 
1 -33.0433 -71.624 0 1 
4 -32.44056 -71.00665 106 1 
10 -32.43335 -71.23322 48 1 
15 -32.44511 -71.32299 71 1 
32 -32.66447 -70.697 94 1 
35 -32.7126 -70.74393 65 1 
36 -32.83944 -71.00021 66 1 
39 -32.74002 -70.64044 105 1 
44 -32.76742 -70.61154 38 1 
50 -32.87857 -70.20821 39 1 
62 -32.76924 -70.56035 84 1 
69 -33.37956 -71.38904 76 1 
70 -33.29115 -71.47716 94 1 
73 -33.20765 -71.57225 80 1 
77 -32.9314 -71.47561 30 1 
81 -32.68399 -71.39191 70 1 
87 -32.83144 -71.47526 89 1 
89 -33.10385 -71.66487 64 1 
101 -33.34522 -71.64882 59 1 
103 -33.35491 -71.65289 40 1 
105 -33.53115 -71.54035 119 1 
106 -33.53398 -71.59339 54 1 
107 -33.42116 -71.69462 116 1 
108 -33.44564 -71.67852 41 1 
109 -33.44473 -71.67916 117 1 
114 -33.63163 -71.61037 97 1 
123 -32.88254 -71.09009 0 1 
127 -32.24898 -70.9333 0 1 
129 -32.44456 -71.22894 0 1 
130 -33.65802 -71.56785 0 1 
131 -33.65502 -71.62965 0 1 
137 -32.91915 -71.52057 0 1 
143 -32.78349 -71.53032 0 1 
144 -32.77144 -71.53401 0 1 
146 -33.38843 -71.53636 0 1 
147 -33.32534 -71.38598 0 1 
;
param d[*,*]
#distancia de viaje entre puentes
: 4 10 15 32 35 36 39 44 50 62 69 70 73 77 81 87 89 101 103 105 106 107 108 109 114:=
4 0.0 29.0 36.0 66.0 70.0 79.0 84.0 87.0 134.0 94.0 155.0 145.0 144.0 103.0 73.0 90.0 136.0 166.0 167.0 181.0 185.0 176.0 180.0 179.0 196.0
10 30.0 0.0 11.0 95.0 100.0 70.0 106.0 110.0 155.0 116.0 130.0 120.0 119.0 78.0 48.0 65.0 110.0 141.0 142.0 156.0 160.0 151.0 154.0 154.0 171.0
15 37.0 11.0 0.0 102.0 100.0 69.0 106.0 109.0 154.0 115.0 129.0 119.0 118.0 78.0 48.0 64.0 110.0 140.0 141.0 155.0 159.0 151.0 154.0 154.0 171.0
32 66.0 95.0 102.0 0.0 9.0 45.0 23.0 26.0 73.0 33.0 152.0 142.0 146.0 105.0 103.0 112.0 140.0 163.0 164.0 178.0 183.0 174.0 177.0 177.0 194.0
35 70.0 99.0 99.0 9.0 0.0 37.0 14.0 17.0 64.0 24.0 143.0 133.0 137.0 96.0 94.0 103.0 132.0 154.0 155.0 169.0 174.0 165.0 168.0 168.0 185.0
36 79.0 68.0 67.0 46.0 37.0 0.0 43.0 46.0 91.0 52.0 111.0 101.0 105.0 64.0 62.0 71.0 99.0 122.0 123.0 137.0 141.0 132.0 135.0 135.0 152.0
39 83.0 106.0 105.0 23.0 14.0 42.0 0.0 6.0 56.0 11.0 149.0 139.0 143.0 102.0 100.0 109.0 137.0 160.0 161.0 175.0 180.0 171.0 174.0 174.0 191.0
44 87.0 109.0 108.0 26.0 17.0 45.0 6.0 0.0 53.0 8.0 152.0 142.0 146.0 105.0 103.0 112.0 140.0 163.0 164.0 178.0 183.0 174.0 177.0 177.0 193.0
50 133.0 154.0 153.0 73.0 64.0 91.0 56.0 52.0 0.0 48.0 186.0 186.0 191.0 150.0 149.0 157.0 186.0 207.0 208.0 212.0 217.0 217.0 218.0 218.0 226.0
62 94.0 116.0 115.0 33.0 24.0 52.0 11.0 8.0 48.0 0.0 151.0 149.0 153.0 112.0 110.0 118.0 147.0 169.0 171.0 177.0 181.0 180.0 183.0 183.0 191.0
69 155.0 130.0 129.0 152.0 143.0 112.0 148.0 152.0 189.0 153.0 0.0 16.0 37.0 69.0 100.0 77.0 54.0 34.0 33.0 30.0 34.0 36.0 37.0 37.0 45.0
70 144.0 119.0 119.0 141.0 133.0 102.0 138.0 142.0 186.0 148.0 16.0 0.0 25.0 58.0 89.0 66.0 43.0 21.0 22.0 36.0 40.0 32.0 35.0 35.0 52.0
73 145.0 120.0 119.0 145.0 137.0 106.0 142.0 146.0 190.0 152.0 36.0 25.0 0.0 45.0 77.0 54.0 31.0 29.0 30.0 61.0 57.0 40.0 43.0 43.0 70.0
77 104.0 79.0 79.0 105.0 96.0 65.0 102.0 106.0 150.0 112.0 70.0 58.0 46.0 0.0 37.0 20.0 40.0 74.0 76.0 94.0 99.0 85.0 88.0 88.0 110.0
81 81.0 56.0 55.0 110.0 101.0 70.0 107.0 111.0 155.0 117.0 108.0 97.0 85.0 44.0 0.0 31.0 76.0 113.0 114.0 133.0 137.0 124.0 127.0 127.0 148.0
87 91.0 66.0 65.0 111.0 102.0 71.0 108.0 112.0 156.0 118.0 78.0 66.0 54.0 16.0 23.0 0.0 46.0 83.0 84.0 102.0 107.0 93.0 96.0 96.0 118.0
89 137.0 112.0 111.0 141.0 132.0 101.0 137.0 141.0 186.0 147.0 51.0 40.0 28.0 39.0 69.0 46.0 0.0 56.0 57.0 76.0 81.0 67.0 70.0 70.0 92.0
101 165.0 140.0 140.0 162.0 153.0 123.0 159.0 163.0 207.0 169.0 36.0 21.0 29.0 73.0 105.0 82.0 59.0 0.0 1.0 34.0 28.0 11.0 14.0 14.0 41.0
103 166.0 141.0 141.0 163.0 155.0 124.0 160.0 164.0 208.0 170.0 34.0 22.0 30.0 75.0 106.0 83.0 60.0 1.0 0.0 33.0 27.0 10.0 13.0 13.0 40.0
105 180.0 155.0 154.0 177.0 168.0 137.0 174.0 177.0 214.0 179.0 29.0 36.0 61.0 93.0 125.0 101.0 78.0 33.0 32.0 0.0 7.0 24.0 21.0 21.0 19.0
106 185.0 160.0 159.0 182.0 173.0 142.0 179.0 183.0 219.0 184.0 34.0 41.0 56.0 98.0 130.0 107.0 84.0 27.0 26.0 7.0 0.0 17.0 14.0 14.0 13.0
107 176.0 151.0 150.0 173.0 164.0 133.0 170.0 173.0 218.0 180.0 36.0 31.0 40.0 84.0 116.0 92.0 69.0 11.0 9.0 24.0 17.0 0.0 3.0 3.0 30.0
108 179.0 154.0 153.0 176.0 167.0 136.0 173.0 177.0 220.0 183.0 36.0 35.0 43.0 87.0 119.0 96.0 72.0 14.0 13.0 21.0 14.0 3.0 0.0 0.0 27.0
109 179.0 154.0 153.0 176.0 167.0 136.0 173.0 176.0 220.0 183.0 36.0 34.0 43.0 87.0 119.0 95.0 72.0 14.0 13.0 21.0 14.0 3.0 0.0 0.0 27.0
114 195.0 170.0 170.0 192.0 183.0 153.0 189.0 193.0 228.0 193.0 45.0 51.0 70.0 108.0 140.0 117.0 94.0 41.0 40.0 19.0 13.0 30.0 27.0 27.0 0.0

#distancia viaje entre puentes y alojamientos
: 123 127 129 130 131 137 143 144 146 147:=
4 86.0 40.0 28.0 202.0 200.0 103.0 92.0 94.0 166.0 151.0
10 61.0 49.0 3.0 177.0 175.0 78.0 67.0 69.0 141.0 126.0
15 60.0 60.0 10.0 176.0 174.0 78.0 67.0 68.0 140.0 125.0
32 61.0 80.0 93.0 200.0 198.0 110.0 115.0 117.0 163.0 148.0
35 52.0 84.0 97.0 191.0 189.0 101.0 106.0 108.0 155.0 139.0
36 19.0 116.0 66.0 158.0 156.0 69.0 74.0 75.0 122.0 107.0
39 58.0 98.0 105.0 194.0 195.0 107.0 112.0 114.0 160.0 145.0
44 61.0 101.0 108.0 191.0 197.0 110.0 115.0 117.0 163.0 148.0
50 106.0 148.0 153.0 223.0 230.0 155.0 160.0 162.0 199.0 184.0
62 67.0 108.0 114.0 188.0 194.0 116.0 122.0 123.0 164.0 148.0
69 102.0 178.0 128.0 51.0 49.0 63.0 88.0 89.0 18.0 9.0
70 92.0 168.0 118.0 57.0 55.0 52.0 76.0 78.0 21.0 12.0
73 95.0 168.0 118.0 76.0 74.0 39.0 64.0 66.0 46.0 32.0
77 55.0 128.0 78.0 116.0 114.0 10.0 31.0 32.0 79.0 65.0
81 61.0 104.0 54.0 154.0 152.0 44.0 33.0 35.0 118.0 104.0
87 62.0 114.0 64.0 124.0 122.0 13.0 10.0 12.0 88.0 74.0
89 90.0 161.0 111.0 98.0 96.0 34.0 57.0 58.0 61.0 47.0
101 112.0 189.0 139.0 47.0 45.0 67.0 92.0 94.0 17.0 32.0
103 114.0 190.0 140.0 46.0 44.0 69.0 93.0 95.0 16.0 33.0
105 127.0 204.0 154.0 25.0 23.0 87.0 112.0 113.0 33.0 35.0
106 132.0 209.0 159.0 19.0 17.0 92.0 117.0 118.0 27.0 40.0
107 123.0 199.0 149.0 36.0 34.0 78.0 103.0 104.0 18.0 41.0
108 126.0 203.0 153.0 32.0 30.0 81.0 106.0 107.0 17.0 40.0
109 126.0 202.0 152.0 33.0 31.0 81.0 106.0 107.0 17.0 40.0
114 142.0 219.0 169.0 8.0 4.0 102.0 127.0 129.0 40.0 50.0

#distancia entre alojamientos y puentes
: 4 10 15 32 35 36 39 44 50 62 69 70 73 77 81 87 89 101 103 105 106 107 108 109 114:=
123 85.0 60.0 60.0 61.0 52.0 21.0 58.0 61.0 106.0 68.0 102.0 92.0 96.0 55.0 54.0 62.0 90.0 113.0 114.0 128.0 132.0 124.0 127.0 127.0 144.0
127 40.0 49.0 59.0 80.0 84.0 118.0 99.0 102.0 148.0 109.0 178.0 168.0 167.0 126.0 96.0 113.0 159.0 189.0 190.0 204.0 208.0 199.0 203.0 202.0 219.0
129 28.0 2.0 10.0 93.0 97.0 68.0 105.0 109.0 153.0 115.0 128.0 118.0 118.0 77.0 47.0 63.0 109.0 139.0 140.0 154.0 159.0 150.0 153.0 153.0 170.0
130 201.0 176.0 175.0 198.0 189.0 158.0 195.0 193.0 225.0 190.0 50.0 57.0 76.0 114.0 146.0 123.0 100.0 47.0 45.0 24.0 19.0 36.0 33.0 33.0 8.0
131 199.0 174.0 173.0 196.0 187.0 156.0 193.0 197.0 232.0 196.0 48.0 55.0 74.0 112.0 144.0 121.0 98.0 45.0 43.0 22.0 17.0 34.0 31.0 31.0 4.0
137 104.0 79.0 79.0 110.0 101.0 70.0 107.0 110.0 155.0 116.0 63.0 52.0 40.0 6.0 37.0 13.0 34.0 68.0 69.0 88.0 92.0 79.0 82.0 82.0 103.0
143 94.0 69.0 68.0 115.0 106.0 75.0 111.0 115.0 160.0 121.0 88.0 77.0 65.0 27.0 26.0 11.0 56.0 93.0 94.0 113.0 117.0 104.0 107.0 107.0 129.0
144 95.0 70.0 69.0 116.0 107.0 76.0 113.0 116.0 161.0 122.0 90.0 78.0 66.0 28.0 27.0 12.0 58.0 94.0 96.0 114.0 119.0 105.0 108.0 108.0 130.0
146 167.0 142.0 141.0 164.0 155.0 124.0 160.0 164.0 202.0 167.0 18.0 22.0 45.0 80.0 111.0 88.0 65.0 16.0 15.0 33.0 27.0 18.0 19.0 19.0 40.0
147 150.0 125.0 124.0 147.0 138.0 107.0 143.0 147.0 187.0 152.0 9.0 12.0 32.0 64.0 95.0 72.0 49.0 32.0 33.0 35.0 40.0 40.0 41.0 41.0 51.0

#distancia entre depositos y puentes
: 4 10 15 32 35 36 39 44 50 62 69 70 73 77 81 87 89 101 103 105 106 107 108 109 114:=
0 75.0 96.0 96.0 14.0 5.0 33.0 10.0 14.0 60.0 20.0 140.0 129.0 133.0 92.0 91.0 99.0 128.0 150.0 151.0 165.0 170.0 161.0 164.0 164.0 181.0
1 125.0 100.0 100.0 129.0 120.0 89.0 126.0 129.0 174.0 135.0 50.0 38.0 26.0 27.0 58.0 35.0 12.0 54.0 55.0 74.0 79.0 65.0 68.0 68.0 90.0

#distancia entre puentes y depositos
: 0 1:=
4 75.0 124.0
10 97.0 99.0
15 96.0 99.0
32 14.0 129.0
35 5.0 120.0
36 33.0 88.0
39 10.0 126.0
44 13.0 129.0
50 59.0 174.0
62 20.0 136.0
69 138.0 49.0
70 128.0 38.0
73 132.0 26.0
77 92.0 29.0
81 97.0 65.0
87 98.0 34.0
89 127.0 12.0
101 149.0 54.0
103 150.0 55.0
105 164.0 73.0
106 169.0 78.0
107 160.0 64.0
108 163.0 67.0
109 163.0 67.0
114 179.0 89.0

;