set O:= 0 1;
set N:= 2 8 15 22 33 36 45 48 49 50 52 64 78 88 92 100 108 109 110 114;
set M:= 124 128 129 140 144;
set K:= 1 2 3;
param D:= 100;
param Q:= 540;
param v:= 2000000;
param f:= 
124 63000
128 39740
129 42028
140 48596
144 52000
;
param:	xcoord ycoord w q:=
0 -32.75044 -70.72613 0 1 
1 -33.0433 -71.624 0 1 
2 -32.5191 -70.92373 38 1 
8 -32.44708 -71.19315 110 1 
15 -32.44511 -71.32299 71 1 
22 -32.75643 -70.94537 48 1 
33 -32.62252 -70.72251 72 1 
36 -32.83944 -71.00021 66 1 
45 -32.74039 -70.64 42 1 
48 -32.88608 -70.59211 103 1 
49 -32.90731 -70.28602 104 1 
50 -32.87857 -70.20821 39 1 
52 -32.90338 -70.26912 86 1 
64 -32.75022 -70.59169 119 1 
78 -32.93288 -71.46643 63 1 
88 -32.80869 -71.44189 36 1 
92 -33.58655 -71.52943 57 1 
100 -33.38903 -71.69158 108 1 
108 -33.44564 -71.67852 41 1 
109 -33.44473 -71.67916 117 1 
110 -33.63989 -71.57131 49 1 
114 -33.63163 -71.61037 97 1 
124 -32.85659 -70.41855 0 1 
128 -32.43019 -71.07467 0 1 
129 -32.44456 -71.22894 0 1 
140 -32.93024 -71.55027 0 1 
144 -32.77144 -71.53401 0 1 
;
param d[*,*]
#distancia de viaje entre puentes
: 2 8 15 22 33 36 45 48 49 50 52 64 78 88 92 100 108 109 110 114:=
2 0.0 41.0 52.0 50.0 43.0 63.0 68.0 82.0 110.0 118.0 112.0 74.0 118.0 99.0 200.0 186.0 193.0 193.0 213.0 210.0
8 41.0 0.0 14.0 79.0 84.0 73.0 109.0 120.0 149.0 157.0 151.0 115.0 80.0 61.0 164.0 150.0 157.0 157.0 177.0 174.0
15 52.0 14.0 0.0 76.0 96.0 69.0 106.0 117.0 146.0 154.0 147.0 111.0 77.0 58.0 160.0 147.0 154.0 154.0 174.0 171.0
22 50.0 78.0 75.0 0.0 42.0 13.0 43.0 54.0 82.0 91.0 84.0 48.0 71.0 72.0 150.0 137.0 143.0 143.0 164.0 160.0
33 43.0 84.0 95.0 42.0 0.0 47.0 25.0 39.0 67.0 75.0 68.0 31.0 106.0 107.0 186.0 172.0 179.0 179.0 199.0 196.0
36 64.0 70.0 67.0 14.0 48.0 0.0 43.0 54.0 83.0 91.0 84.0 48.0 63.0 64.0 142.0 129.0 135.0 135.0 156.0 152.0
45 68.0 109.0 105.0 42.0 25.0 42.0 0.0 21.0 48.0 56.0 49.0 6.0 101.0 102.0 180.0 167.0 174.0 174.0 191.0 191.0
48 83.0 120.0 117.0 54.0 39.0 54.0 21.0 0.0 40.0 48.0 42.0 18.0 113.0 113.0 172.0 169.0 173.0 173.0 176.0 181.0
49 135.0 174.0 171.0 108.0 92.0 108.0 73.0 66.0 0.0 8.0 2.0 69.0 167.0 167.0 235.0 231.0 235.0 235.0 238.0 243.0
50 118.0 157.0 153.0 91.0 75.0 91.0 56.0 48.0 12.0 0.0 14.0 52.0 150.0 150.0 217.0 214.0 218.0 218.0 221.0 226.0
52 133.0 172.0 169.0 106.0 90.0 106.0 71.0 64.0 2.0 7.0 0.0 67.0 165.0 166.0 233.0 229.0 233.0 233.0 236.0 241.0
64 73.0 114.0 110.0 48.0 30.0 48.0 6.0 18.0 44.0 52.0 46.0 0.0 107.0 107.0 185.0 172.0 179.0 179.0 188.0 193.0
78 119.0 81.0 78.0 71.0 106.0 64.0 101.0 112.0 141.0 149.0 143.0 107.0 0.0 19.0 96.0 78.0 85.0 84.0 109.0 106.0
88 100.0 62.0 59.0 71.0 106.0 65.0 101.0 112.0 141.0 149.0 143.0 107.0 18.0 0.0 114.0 95.0 102.0 102.0 127.0 124.0
92 199.0 163.0 160.0 149.0 184.0 143.0 179.0 175.0 211.0 220.0 213.0 185.0 95.0 113.0 0.0 32.0 26.0 26.0 19.0 16.0
100 185.0 150.0 146.0 136.0 171.0 129.0 166.0 169.0 206.0 214.0 208.0 172.0 77.0 95.0 32.0 0.0 7.0 7.0 37.0 33.0
108 192.0 157.0 153.0 143.0 178.0 136.0 173.0 175.0 211.0 220.0 213.0 179.0 84.0 102.0 25.0 7.0 0.0 0.0 30.0 27.0
109 192.0 157.0 153.0 143.0 178.0 136.0 173.0 175.0 211.0 220.0 213.0 179.0 84.0 102.0 26.0 7.0 0.0 0.0 30.0 27.0
110 212.0 176.0 173.0 162.0 198.0 156.0 192.0 178.0 214.0 223.0 216.0 190.0 108.0 126.0 19.0 37.0 30.0 30.0 0.0 5.0
114 209.0 173.0 170.0 159.0 194.0 153.0 189.0 183.0 219.0 228.0 221.0 195.0 105.0 123.0 15.0 34.0 27.0 27.0 5.0 0.0

#distancia viaje entre puentes y alojamientos
: 124 128 129 140 144:=
2 93.0 24.0 43.0 123.0 109.0
8 132.0 17.0 5.0 85.0 71.0
15 129.0 28.0 10.0 81.0 68.0
22 66.0 74.0 74.0 81.0 83.0
33 50.0 67.0 86.0 116.0 119.0
36 66.0 85.0 66.0 73.0 75.0
45 31.0 92.0 104.0 111.0 114.0
48 23.0 106.0 116.0 122.0 125.0
49 43.0 159.0 170.0 176.0 179.0
50 26.0 142.0 153.0 159.0 162.0
52 42.0 157.0 168.0 175.0 177.0
64 27.0 97.0 110.0 116.0 119.0
78 124.0 95.0 77.0 10.0 28.0
88 124.0 77.0 58.0 23.0 12.0
92 195.0 177.0 159.0 90.0 119.0
100 189.0 164.0 146.0 72.0 101.0
108 195.0 171.0 153.0 79.0 107.0
109 195.0 171.0 152.0 79.0 107.0
110 198.0 190.0 172.0 103.0 132.0
114 203.0 187.0 169.0 100.0 129.0

#distancia entre alojamientos y puentes
: 2 8 15 22 33 36 45 48 49 50 52 64 78 88 92 100 108 109 110 114:=
124 93.0 132.0 128.0 65.0 50.0 65.0 31.0 23.0 18.0 26.0 19.0 27.0 124.0 125.0 192.0 189.0 193.0 193.0 195.0 201.0
128 24.0 17.0 28.0 74.0 67.0 87.0 92.0 106.0 134.0 142.0 135.0 98.0 94.0 76.0 178.0 164.0 171.0 171.0 191.0 188.0
129 43.0 5.0 10.0 75.0 86.0 68.0 105.0 116.0 145.0 153.0 147.0 111.0 76.0 57.0 160.0 146.0 153.0 153.0 173.0 170.0
140 123.0 86.0 82.0 80.0 116.0 74.0 110.0 122.0 150.0 158.0 152.0 116.0 9.0 24.0 91.0 73.0 80.0 80.0 104.0 101.0
144 110.0 73.0 69.0 82.0 118.0 76.0 113.0 124.0 153.0 161.0 154.0 118.0 28.0 12.0 120.0 101.0 108.0 108.0 133.0 130.0

#distancia entre depositos y puentes
: 2 8 15 22 33 36 45 48 49 50 52 64 78 88 92 100 108 109 110 114:=
0 60.0 99.0 96.0 33.0 16.0 33.0 10.0 23.0 51.0 60.0 53.0 16.0 92.0 92.0 171.0 157.0 164.0 164.0 184.0 181.0
1 141.0 103.0 100.0 96.0 131.0 89.0 126.0 135.0 166.0 174.0 167.0 131.0 25.0 41.0 80.0 61.0 68.0 68.0 93.0 90.0

#distancia entre puentes y depositos
: 0 1:=
2 59.0 140.0
8 99.0 102.0
15 96.0 99.0
22 33.0 96.0
33 16.0 131.0
36 33.0 88.0
45 10.0 126.0
48 24.0 134.0
49 77.0 191.0
50 59.0 174.0
52 75.0 190.0
64 15.0 131.0
78 91.0 25.0
88 91.0 40.0
92 169.0 79.0
100 156.0 60.0
108 163.0 67.0
109 163.0 67.0
110 182.0 92.0
114 179.0 89.0

;