set O:= 0 1;
set N:= 3 8 10 14 15 21 22 26 28 32 35 39 45 50 51 52 57 59 63 64 69 70 71 73 75 76 80 81 84 88 93 96 100 101 105 108 109 111 115 119;
set M:= 122 124 127 128 129 131 134 137 144 147;
set K:= 1 2 3 4 5;
param D:= 100;
param Q:= 540;
param v:= 2000000;
param f:= 
122 24000
124 63000
127 25694
128 39740
129 42028
131 73862
134 96841
137 27856
144 52000
147 45000
;
param:	xcoord ycoord w q:=
0 -32.75044 -70.72613 0 1 
1 -33.0433 -71.624 0 1 
3 -32.35092 -70.79153 105 1 
8 -32.44708 -71.19315 110 1 
10 -32.43335 -71.23322 48 1 
14 -32.51115 -71.42049 30 1 
15 -32.44511 -71.32299 71 1 
21 -32.80094 -70.95847 94 1 
22 -32.75643 -70.94537 48 1 
26 -32.84855 -70.98046 116 1 
28 -32.86292 -70.94795 99 1 
32 -32.66447 -70.697 94 1 
35 -32.7126 -70.74393 65 1 
39 -32.74002 -70.64044 105 1 
45 -32.74039 -70.64 42 1 
50 -32.87857 -70.20821 39 1 
51 -32.90645 -70.28716 50 1 
52 -32.90338 -70.26912 86 1 
57 -32.89552 -70.6746 98 1 
59 -32.83316 -70.70835 85 1 
63 -32.76227 -70.50125 44 1 
64 -32.75022 -70.59169 119 1 
69 -33.37956 -71.38904 76 1 
70 -33.29115 -71.47716 94 1 
71 -33.29475 -71.41066 32 1 
73 -33.20765 -71.57225 80 1 
75 -32.91508 -71.49869 66 1 
76 -32.93269 -71.43975 112 1 
80 -32.63102 -71.41979 41 1 
81 -32.68399 -71.39191 70 1 
84 -32.86028 -71.45447 70 1 
88 -32.80869 -71.44189 36 1 
93 -33.01883 -71.50131 58 1 
96 -32.99633 -71.50138 105 1 
100 -33.38903 -71.69158 108 1 
101 -33.34522 -71.64882 59 1 
105 -33.53115 -71.54035 119 1 
108 -33.44564 -71.67852 41 1 
109 -33.44473 -71.67916 117 1 
111 -33.77523 -71.42462 65 1 
115 -33.93803 -71.7365 56 1 
119 -33.8283 -71.64323 81 1 
122 -32.77961 -70.95976 0 1 
124 -32.85659 -70.41855 0 1 
127 -32.24898 -70.9333 0 1 
128 -32.43019 -71.07467 0 1 
129 -32.44456 -71.22894 0 1 
131 -33.65502 -71.62965 0 1 
134 -33.61172 -71.60733 0 1 
137 -32.91915 -71.52057 0 1 
144 -32.77144 -71.53401 0 1 
147 -33.32534 -71.38598 0 1 
;
param d[*,*]
#distancia de viaje entre puentes
: 3 8 10 14 15 21 22 26 28 32 35 39 45 50 51 52 57 59 63 64 69 70 71 73 75 76 80 81 84 88 93 96 100 101 105 108 109 111 115 119:=
3 0.0 51.0 55.0 74.0 62.0 83.0 79.0 90.0 94.0 50.0 54.0 68.0 68.0 118.0 110.0 111.0 77.0 70.0 85.0 74.0 181.0 171.0 171.0 170.0 126.0 125.0 88.0 99.0 116.0 110.0 140.0 139.0 198.0 191.0 207.0 205.0 205.0 238.0 269.0 251.0
8 51.0 0.0 4.0 26.0 14.0 75.0 79.0 69.0 73.0 91.0 95.0 109.0 109.0 157.0 149.0 151.0 115.0 109.0 126.0 115.0 132.0 122.0 122.0 122.0 78.0 77.0 40.0 51.0 68.0 61.0 92.0 91.0 150.0 143.0 158.0 157.0 157.0 196.0 221.0 203.0
10 55.0 4.0 0.0 23.0 11.0 72.0 76.0 66.0 71.0 95.0 100.0 106.0 106.0 155.0 146.0 148.0 112.0 106.0 123.0 112.0 130.0 120.0 120.0 119.0 76.0 75.0 37.0 48.0 65.0 59.0 90.0 88.0 148.0 141.0 156.0 154.0 154.0 193.0 219.0 200.0
14 74.0 26.0 23.0 0.0 12.0 83.0 87.0 78.0 82.0 114.0 112.0 118.0 118.0 166.0 157.0 159.0 123.0 117.0 134.0 123.0 130.0 118.0 120.0 106.0 63.0 62.0 24.0 35.0 52.0 46.0 77.0 76.0 142.0 135.0 154.0 148.0 148.0 192.0 217.0 199.0
15 62.0 14.0 11.0 12.0 0.0 71.0 76.0 66.0 70.0 102.0 100.0 106.0 106.0 154.0 145.0 147.0 112.0 105.0 123.0 111.0 129.0 119.0 119.0 118.0 75.0 74.0 36.0 48.0 65.0 58.0 89.0 88.0 147.0 140.0 155.0 154.0 154.0 192.0 218.0 199.0
21 83.0 74.0 71.0 83.0 70.0 0.0 6.0 7.0 11.0 39.0 30.0 37.0 37.0 85.0 76.0 78.0 43.0 36.0 53.0 42.0 114.0 104.0 104.0 108.0 72.0 64.0 71.0 65.0 71.0 67.0 79.0 78.0 132.0 125.0 140.0 139.0 139.0 177.0 203.0 185.0
22 79.0 78.0 76.0 87.0 75.0 6.0 0.0 13.0 17.0 41.0 32.0 43.0 43.0 91.0 82.0 84.0 48.0 42.0 59.0 48.0 119.0 109.0 109.0 113.0 76.0 68.0 76.0 70.0 75.0 72.0 83.0 82.0 137.0 130.0 145.0 143.0 143.0 182.0 208.0 189.0
26 96.0 76.0 73.0 85.0 73.0 14.0 20.0 0.0 5.0 51.0 42.0 48.0 48.0 96.0 88.0 90.0 49.0 48.0 65.0 54.0 117.0 107.0 107.0 111.0 74.0 66.0 74.0 68.0 73.0 69.0 81.0 80.0 134.0 127.0 143.0 141.0 141.0 180.0 205.0 187.0
28 93.0 73.0 71.0 82.0 70.0 11.0 17.0 5.0 0.0 48.0 39.0 45.0 45.0 93.0 85.0 87.0 47.0 45.0 62.0 51.0 114.0 104.0 104.0 108.0 71.0 63.0 71.0 65.0 70.0 67.0 78.0 77.0 132.0 125.0 140.0 138.0 138.0 177.0 203.0 184.0
32 50.0 91.0 95.0 114.0 102.0 39.0 41.0 45.0 49.0 0.0 9.0 23.0 23.0 73.0 65.0 66.0 32.0 25.0 40.0 29.0 152.0 142.0 142.0 146.0 110.0 102.0 109.0 103.0 109.0 105.0 117.0 116.0 170.0 163.0 178.0 177.0 177.0 193.0 235.0 223.0
35 54.0 95.0 99.0 112.0 99.0 30.0 32.0 36.0 40.0 9.0 0.0 14.0 14.0 64.0 56.0 58.0 23.0 17.0 31.0 20.0 143.0 133.0 133.0 137.0 101.0 93.0 100.0 94.0 100.0 96.0 108.0 107.0 161.0 154.0 169.0 168.0 168.0 184.0 226.0 214.0
39 67.0 109.0 106.0 117.0 105.0 36.0 42.0 42.0 46.0 23.0 14.0 0.0 0.0 56.0 48.0 50.0 25.0 20.0 18.0 6.0 149.0 139.0 139.0 143.0 106.0 99.0 106.0 100.0 106.0 102.0 114.0 113.0 167.0 160.0 175.0 174.0 174.0 186.0 228.0 219.0
45 67.0 109.0 106.0 117.0 105.0 36.0 42.0 42.0 45.0 22.0 14.0 0.0 0.0 56.0 48.0 49.0 25.0 20.0 18.0 6.0 149.0 139.0 139.0 143.0 106.0 99.0 106.0 100.0 106.0 102.0 114.0 112.0 167.0 160.0 175.0 174.0 174.0 186.0 228.0 219.0
50 117.0 157.0 154.0 166.0 153.0 85.0 91.0 90.0 94.0 73.0 64.0 56.0 56.0 0.0 8.0 14.0 54.0 56.0 55.0 52.0 186.0 186.0 186.0 191.0 155.0 147.0 154.0 149.0 154.0 150.0 162.0 161.0 214.0 207.0 212.0 218.0 218.0 215.0 257.0 247.0
51 109.0 148.0 146.0 157.0 145.0 76.0 82.0 82.0 85.0 64.0 55.0 47.0 47.0 8.0 0.0 2.0 46.0 47.0 46.0 43.0 177.0 177.0 178.0 183.0 146.0 139.0 146.0 140.0 145.0 142.0 154.0 152.0 205.0 198.0 204.0 209.0 209.0 207.0 249.0 239.0
52 133.0 172.0 170.0 181.0 169.0 100.0 106.0 106.0 109.0 88.0 79.0 71.0 71.0 7.0 3.0 0.0 70.0 71.0 70.0 67.0 201.0 201.0 202.0 207.0 170.0 162.0 170.0 164.0 169.0 166.0 177.0 176.0 229.0 222.0 228.0 233.0 233.0 231.0 272.0 263.0
57 77.0 114.0 112.0 123.0 111.0 42.0 48.0 48.0 46.0 32.0 23.0 25.0 25.0 55.0 46.0 48.0 0.0 9.0 26.0 22.0 132.0 132.0 132.0 138.0 112.0 105.0 112.0 106.0 112.0 108.0 112.0 116.0 160.0 153.0 158.0 164.0 164.0 161.0 203.0 193.0
59 70.0 108.0 106.0 117.0 105.0 36.0 42.0 42.0 45.0 26.0 17.0 20.0 20.0 56.0 47.0 49.0 9.0 0.0 27.0 23.0 141.0 139.0 139.0 143.0 106.0 98.0 106.0 100.0 105.0 102.0 113.0 112.0 166.0 159.0 167.0 173.0 173.0 170.0 212.0 202.0
63 85.0 125.0 123.0 134.0 122.0 53.0 59.0 59.0 62.0 40.0 31.0 18.0 18.0 55.0 47.0 49.0 26.0 27.0 0.0 12.0 158.0 156.0 156.0 160.0 123.0 115.0 123.0 117.0 122.0 119.0 130.0 129.0 183.0 176.0 184.0 190.0 190.0 187.0 229.0 219.0
64 73.0 114.0 111.0 123.0 110.0 42.0 48.0 47.0 51.0 28.0 19.0 6.0 6.0 52.0 44.0 46.0 22.0 23.0 12.0 0.0 153.0 144.0 144.0 148.0 112.0 104.0 111.0 106.0 111.0 107.0 119.0 118.0 172.0 165.0 180.0 179.0 179.0 183.0 225.0 215.0
69 180.0 132.0 130.0 130.0 129.0 114.0 118.0 108.0 113.0 152.0 143.0 148.0 148.0 189.0 180.0 182.0 135.0 144.0 160.0 154.0 0.0 16.0 10.0 37.0 66.0 67.0 106.0 100.0 77.0 83.0 53.0 56.0 36.0 34.0 30.0 37.0 37.0 67.0 92.0 74.0
70 170.0 122.0 119.0 119.0 119.0 104.0 108.0 98.0 103.0 141.0 133.0 138.0 138.0 186.0 178.0 180.0 133.0 138.0 155.0 144.0 16.0 0.0 10.0 25.0 55.0 56.0 95.0 89.0 66.0 72.0 41.0 45.0 28.0 21.0 36.0 35.0 35.0 73.0 99.0 80.0
71 170.0 122.0 120.0 120.0 119.0 104.0 108.0 98.0 103.0 142.0 133.0 138.0 138.0 187.0 178.0 180.0 133.0 138.0 155.0 144.0 10.0 10.0 0.0 27.0 56.0 57.0 96.0 90.0 67.0 73.0 43.0 46.0 37.0 30.0 37.0 43.0 43.0 74.0 100.0 81.0
73 170.0 122.0 120.0 107.0 119.0 108.0 112.0 102.0 106.0 145.0 137.0 142.0 142.0 190.0 182.0 184.0 138.0 142.0 159.0 148.0 36.0 25.0 27.0 0.0 43.0 44.0 83.0 77.0 54.0 60.0 29.0 33.0 36.0 29.0 61.0 43.0 43.0 98.0 117.0 99.0
75 127.0 79.0 77.0 64.0 76.0 72.0 76.0 66.0 71.0 109.0 101.0 106.0 106.0 154.0 146.0 148.0 112.0 106.0 123.0 112.0 67.0 56.0 57.0 43.0 0.0 8.0 40.0 34.0 11.0 17.0 14.0 13.0 79.0 72.0 92.0 86.0 85.0 129.0 154.0 136.0
76 126.0 78.0 76.0 63.0 75.0 64.0 68.0 58.0 63.0 102.0 93.0 98.0 98.0 147.0 138.0 140.0 104.0 98.0 115.0 104.0 68.0 57.0 58.0 44.0 8.0 0.0 39.0 33.0 10.0 16.0 15.0 14.0 80.0 73.0 93.0 87.0 86.0 130.0 155.0 137.0
80 88.0 40.0 37.0 24.0 36.0 70.0 75.0 65.0 69.0 108.0 99.0 105.0 105.0 153.0 144.0 146.0 111.0 104.0 122.0 110.0 106.0 94.0 96.0 82.0 39.0 38.0 0.0 11.0 28.0 22.0 53.0 51.0 117.0 110.0 130.0 124.0 124.0 167.0 193.0 175.0
81 107.0 59.0 56.0 43.0 55.0 73.0 77.0 67.0 71.0 110.0 101.0 107.0 107.0 155.0 147.0 148.0 113.0 106.0 124.0 113.0 108.0 97.0 98.0 85.0 41.0 40.0 19.0 0.0 31.0 24.0 55.0 54.0 120.0 113.0 133.0 127.0 127.0 170.0 196.0 177.0
84 117.0 69.0 66.0 53.0 65.0 71.0 75.0 65.0 70.0 108.0 100.0 105.0 105.0 153.0 145.0 147.0 111.0 105.0 122.0 111.0 77.0 66.0 68.0 54.0 10.0 10.0 29.0 23.0 0.0 6.0 25.0 23.0 89.0 82.0 102.0 96.0 96.0 139.0 165.0 146.0
88 110.0 62.0 60.0 47.0 59.0 67.0 71.0 61.0 65.0 104.0 95.0 101.0 101.0 149.0 141.0 143.0 107.0 101.0 118.0 107.0 84.0 72.0 74.0 60.0 17.0 16.0 23.0 17.0 6.0 0.0 31.0 30.0 95.0 88.0 108.0 102.0 102.0 145.0 171.0 153.0
93 141.0 93.0 90.0 77.0 89.0 79.0 83.0 73.0 77.0 116.0 107.0 113.0 113.0 161.0 153.0 155.0 114.0 113.0 130.0 119.0 53.0 42.0 43.0 30.0 13.0 15.0 53.0 47.0 24.0 31.0 0.0 4.0 65.0 58.0 78.0 72.0 72.0 115.0 141.0 122.0
96 137.0 89.0 87.0 74.0 86.0 76.0 80.0 70.0 74.0 113.0 104.0 110.0 110.0 158.0 150.0 152.0 116.0 110.0 127.0 116.0 59.0 48.0 49.0 36.0 10.0 12.0 50.0 44.0 21.0 27.0 6.0 0.0 71.0 64.0 84.0 78.0 78.0 121.0 147.0 128.0
100 198.0 150.0 147.0 141.0 146.0 132.0 136.0 126.0 130.0 169.0 160.0 166.0 166.0 214.0 206.0 208.0 161.0 166.0 183.0 172.0 35.0 28.0 37.0 36.0 78.0 79.0 118.0 112.0 88.0 95.0 64.0 68.0 0.0 7.0 28.0 7.0 7.0 64.0 81.0 62.0
101 191.0 143.0 140.0 135.0 140.0 125.0 129.0 119.0 123.0 162.0 153.0 159.0 159.0 207.0 199.0 201.0 154.0 159.0 176.0 165.0 36.0 21.0 30.0 29.0 71.0 72.0 111.0 105.0 82.0 88.0 57.0 61.0 7.0 0.0 34.0 14.0 14.0 69.0 88.0 70.0
105 206.0 158.0 155.0 154.0 154.0 140.0 144.0 134.0 138.0 177.0 168.0 174.0 174.0 214.0 206.0 208.0 161.0 170.0 186.0 180.0 29.0 36.0 37.0 61.0 91.0 91.0 130.0 125.0 101.0 107.0 77.0 81.0 28.0 33.0 0.0 21.0 21.0 39.0 66.0 48.0
108 205.0 157.0 154.0 148.0 153.0 139.0 143.0 133.0 137.0 176.0 167.0 173.0 173.0 220.0 211.0 213.0 166.0 172.0 190.0 179.0 36.0 35.0 42.0 43.0 85.0 86.0 124.0 119.0 95.0 102.0 71.0 75.0 7.0 14.0 21.0 0.0 0.0 57.0 74.0 55.0
109 205.0 157.0 154.0 148.0 153.0 138.0 143.0 133.0 137.0 176.0 167.0 173.0 173.0 220.0 211.0 213.0 166.0 172.0 190.0 179.0 36.0 34.0 42.0 43.0 85.0 85.0 124.0 119.0 95.0 102.0 71.0 75.0 7.0 14.0 21.0 0.0 0.0 57.0 74.0 56.0
111 241.0 194.0 191.0 191.0 191.0 176.0 180.0 170.0 174.0 196.0 187.0 189.0 189.0 218.0 209.0 211.0 164.0 173.0 189.0 185.0 66.0 72.0 73.0 97.0 127.0 128.0 167.0 161.0 138.0 144.0 113.0 117.0 63.0 67.0 38.0 56.0 56.0 0.0 83.0 65.0
115 268.0 220.0 218.0 217.0 217.0 202.0 206.0 196.0 201.0 238.0 230.0 231.0 231.0 260.0 252.0 254.0 207.0 216.0 232.0 228.0 92.0 98.0 99.0 117.0 153.0 154.0 193.0 187.0 164.0 170.0 139.0 143.0 81.0 88.0 66.0 74.0 74.0 83.0 0.0 18.0
119 250.0 202.0 199.0 198.0 198.0 184.0 188.0 178.0 182.0 221.0 212.0 218.0 218.0 250.0 242.0 244.0 196.0 205.0 222.0 218.0 73.0 80.0 81.0 99.0 135.0 136.0 174.0 169.0 145.0 152.0 121.0 125.0 63.0 70.0 47.0 56.0 56.0 65.0 18.0 0.0

#distancia viaje entre puentes y alojamientos
: 122 124 127 128 129 131 134 137 144 147:=
3 81.0 93.0 31.0 34.0 53.0 226.0 220.0 129.0 120.0 177.0
8 76.0 132.0 51.0 17.0 5.0 178.0 172.0 81.0 71.0 128.0
10 73.0 130.0 49.0 21.0 3.0 175.0 169.0 78.0 69.0 126.0
14 84.0 141.0 72.0 40.0 22.0 174.0 168.0 65.0 56.0 126.0
15 72.0 129.0 60.0 28.0 10.0 174.0 168.0 78.0 68.0 125.0
21 2.0 60.0 110.0 79.0 70.0 160.0 154.0 72.0 79.0 110.0
22 4.0 66.0 105.0 74.0 74.0 164.0 158.0 77.0 83.0 115.0
26 16.0 71.0 122.0 90.0 72.0 162.0 156.0 74.0 81.0 113.0
28 13.0 68.0 119.0 87.0 69.0 159.0 153.0 72.0 78.0 110.0
32 37.0 48.0 80.0 74.0 93.0 198.0 192.0 110.0 117.0 148.0
35 28.0 39.0 84.0 78.0 97.0 189.0 183.0 101.0 108.0 139.0
39 39.0 31.0 98.0 92.0 105.0 195.0 188.0 107.0 114.0 145.0
45 39.0 31.0 98.0 92.0 104.0 194.0 188.0 107.0 114.0 145.0
50 87.0 26.0 148.0 142.0 153.0 230.0 226.0 155.0 162.0 184.0
51 79.0 18.0 139.0 133.0 144.0 221.0 217.0 147.0 153.0 175.0
52 103.0 42.0 163.0 157.0 168.0 245.0 241.0 171.0 177.0 199.0
57 45.0 29.0 107.0 101.0 110.0 176.0 172.0 113.0 120.0 130.0
59 38.0 31.0 101.0 95.0 104.0 185.0 181.0 106.0 113.0 139.0
63 55.0 30.0 115.0 109.0 121.0 201.0 197.0 123.0 130.0 155.0
64 44.0 27.0 103.0 97.0 110.0 197.0 193.0 112.0 119.0 151.0
69 115.0 163.0 178.0 146.0 128.0 49.0 43.0 63.0 89.0 9.0
70 105.0 161.0 168.0 136.0 118.0 55.0 49.0 52.0 78.0 12.0
71 105.0 161.0 168.0 136.0 118.0 57.0 50.0 53.0 79.0 7.0
73 109.0 165.0 168.0 137.0 118.0 74.0 68.0 39.0 66.0 32.0
75 73.0 129.0 125.0 94.0 75.0 111.0 105.0 2.0 23.0 63.0
76 65.0 121.0 124.0 93.0 74.0 112.0 106.0 8.0 28.0 64.0
80 71.0 128.0 85.0 54.0 36.0 150.0 144.0 41.0 32.0 101.0
81 74.0 130.0 104.0 73.0 54.0 152.0 146.0 44.0 35.0 104.0
84 72.0 128.0 115.0 83.0 65.0 121.0 115.0 13.0 19.0 73.0
88 68.0 124.0 108.0 77.0 58.0 128.0 122.0 19.0 12.0 79.0
93 80.0 136.0 139.0 107.0 89.0 97.0 91.0 14.0 36.0 49.0
96 77.0 133.0 135.0 104.0 85.0 103.0 97.0 10.0 33.0 55.0
100 133.0 189.0 196.0 164.0 146.0 38.0 31.0 74.0 101.0 39.0
101 126.0 182.0 189.0 157.0 139.0 45.0 39.0 67.0 94.0 32.0
105 141.0 189.0 204.0 172.0 154.0 23.0 17.0 87.0 113.0 35.0
108 140.0 195.0 203.0 171.0 153.0 30.0 24.0 81.0 107.0 40.0
109 139.0 195.0 202.0 171.0 152.0 31.0 25.0 81.0 107.0 40.0
111 177.0 192.0 240.0 208.0 190.0 40.0 36.0 123.0 150.0 71.0
115 203.0 235.0 266.0 234.0 216.0 48.0 50.0 150.0 176.0 97.0
119 185.0 225.0 248.0 216.0 198.0 30.0 31.0 131.0 157.0 79.0

#distancia entre alojamientos y puentes
: 3 8 10 14 15 21 22 26 28 32 35 39 45 50 51 52 57 59 63 64 69 70 71 73 75 76 80 81 84 88 93 96 100 101 105 108 109 111 115 119:=
122 81.0 76.0 73.0 84.0 72.0 2.0 3.0 10.0 13.0 37.0 28.0 39.0 39.0 87.0 79.0 81.0 45.0 39.0 56.0 45.0 116.0 106.0 106.0 110.0 73.0 66.0 73.0 67.0 73.0 69.0 81.0 79.0 134.0 127.0 142.0 141.0 141.0 179.0 205.0 186.0
124 92.0 132.0 129.0 141.0 128.0 60.0 65.0 65.0 69.0 47.0 39.0 31.0 31.0 26.0 18.0 19.0 29.0 31.0 30.0 27.0 161.0 161.0 161.0 166.0 130.0 122.0 129.0 123.0 129.0 125.0 137.0 136.0 189.0 182.0 187.0 193.0 193.0 190.0 232.0 222.0
127 31.0 51.0 49.0 72.0 59.0 110.0 105.0 115.0 119.0 80.0 84.0 99.0 98.0 148.0 140.0 142.0 107.0 101.0 116.0 104.0 178.0 168.0 168.0 167.0 124.0 123.0 85.0 96.0 113.0 107.0 138.0 137.0 196.0 189.0 204.0 203.0 202.0 241.0 267.0 248.0
128 34.0 17.0 21.0 40.0 28.0 79.0 74.0 83.0 88.0 74.0 78.0 92.0 92.0 142.0 134.0 135.0 101.0 94.0 109.0 98.0 147.0 137.0 137.0 136.0 92.0 91.0 54.0 65.0 82.0 76.0 106.0 105.0 164.0 157.0 173.0 171.0 171.0 210.0 235.0 217.0
129 53.0 5.0 2.0 22.0 10.0 71.0 75.0 65.0 69.0 93.0 97.0 105.0 105.0 153.0 145.0 147.0 111.0 105.0 122.0 111.0 128.0 118.0 118.0 118.0 74.0 73.0 35.0 47.0 64.0 57.0 88.0 87.0 146.0 139.0 154.0 153.0 153.0 191.0 217.0 199.0
131 225.0 177.0 174.0 173.0 173.0 159.0 163.0 153.0 157.0 196.0 187.0 193.0 193.0 232.0 223.0 225.0 178.0 187.0 203.0 199.0 48.0 55.0 56.0 74.0 110.0 111.0 149.0 144.0 120.0 127.0 96.0 100.0 38.0 45.0 22.0 31.0 31.0 40.0 48.0 30.0
134 219.0 170.0 168.0 167.0 167.0 152.0 157.0 147.0 151.0 190.0 181.0 187.0 187.0 227.0 219.0 221.0 174.0 183.0 199.0 192.0 42.0 48.0 49.0 68.0 103.0 104.0 143.0 137.0 114.0 120.0 90.0 93.0 32.0 38.0 16.0 25.0 25.0 36.0 50.0 31.0
137 130.0 82.0 79.0 66.0 79.0 72.0 76.0 66.0 71.0 110.0 101.0 107.0 107.0 155.0 146.0 148.0 112.0 106.0 123.0 112.0 63.0 52.0 53.0 40.0 2.0 8.0 42.0 37.0 14.0 20.0 14.0 12.0 75.0 68.0 88.0 82.0 82.0 125.0 151.0 132.0
144 121.0 73.0 70.0 57.0 69.0 78.0 82.0 73.0 77.0 116.0 107.0 113.0 113.0 161.0 152.0 154.0 119.0 112.0 129.0 118.0 90.0 78.0 80.0 66.0 23.0 28.0 33.0 27.0 19.0 12.0 37.0 36.0 101.0 94.0 114.0 108.0 108.0 151.0 177.0 159.0
147 175.0 127.0 125.0 125.0 124.0 109.0 113.0 103.0 108.0 147.0 138.0 143.0 143.0 187.0 179.0 181.0 134.0 143.0 159.0 149.0 9.0 12.0 5.0 32.0 61.0 62.0 101.0 95.0 72.0 78.0 48.0 51.0 39.0 32.0 35.0 41.0 41.0 73.0 98.0 80.0

#distancia entre depositos y puentes
: 3 8 10 14 15 21 22 26 28 32 35 39 45 50 51 52 57 59 63 64 69 70 71 73 75 76 80 81 84 88 93 96 100 101 105 108 109 111 115 119:=
0 59.0 99.0 96.0 108.0 96.0 27.0 33.0 32.0 36.0 14.0 5.0 10.0 10.0 60.0 51.0 53.0 19.0 13.0 27.0 16.0 140.0 129.0 130.0 133.0 97.0 89.0 96.0 91.0 96.0 92.0 104.0 103.0 157.0 150.0 165.0 164.0 164.0 180.0 222.0 210.0
1 151.0 103.0 100.0 87.0 100.0 91.0 96.0 86.0 90.0 129.0 120.0 126.0 126.0 174.0 165.0 167.0 127.0 125.0 143.0 131.0 50.0 38.0 40.0 26.0 24.0 27.0 63.0 58.0 35.0 41.0 15.0 16.0 61.0 54.0 74.0 68.0 68.0 111.0 137.0 119.0

#distancia entre puentes y depositos
: 0 1:=
3 59.0 150.0
8 99.0 102.0
10 97.0 99.0
14 108.0 86.0
15 96.0 99.0
21 27.0 91.0
22 33.0 96.0
26 38.0 93.0
28 35.0 91.0
32 14.0 129.0
35 5.0 120.0
39 10.0 126.0
45 10.0 126.0
50 59.0 174.0
51 51.0 166.0
52 75.0 190.0
57 19.0 125.0
59 12.0 126.0
63 27.0 143.0
64 15.0 131.0
69 138.0 49.0
70 128.0 38.0
71 129.0 39.0
73 132.0 26.0
75 96.0 24.0
76 89.0 27.0
80 95.0 62.0
81 97.0 65.0
84 95.0 34.0
88 91.0 40.0
93 103.0 15.0
96 100.0 18.0
100 156.0 60.0
101 149.0 54.0
105 164.0 73.0
108 163.0 67.0
109 163.0 67.0
111 183.0 110.0
115 225.0 136.0
119 208.0 118.0

;