set O:= 0 1;
set N:= 4 13 26 37 39 71 74 77 100 110;
set M:= 123 130 144 147;
set K:= 1 2 3;
param D:= 100;
param Q:= 540;
param v:= 2000000;
param f:= 
123 26037
130 45000
144 52000
147 45000
;
param:	xcoord ycoord w q:=
0 -32.75044 -70.72613 0 1 
1 -33.0433 -71.624 0 1 
4 -32.44056 -71.00665 106 1 
13 -32.34055 -71.17481 99 1 
26 -32.84855 -70.98046 116 1 
37 -32.81691 -70.71195 53 1 
39 -32.74002 -70.64044 105 1 
71 -33.29475 -71.41066 32 1 
74 -32.91961 -71.50488 57 1 
77 -32.9314 -71.47561 30 1 
100 -33.38903 -71.69158 108 1 
110 -33.63989 -71.57131 49 1 
123 -32.88254 -71.09009 0 1 
130 -33.65802 -71.56785 0 1 
144 -32.77144 -71.53401 0 1 
147 -33.32534 -71.38598 0 1 
;
param d[*,*]
#distancia de viaje entre puentes
: 4 13 26 37 39 71 74 77 100 110:=
4 0.0 27.0 78.0 84.0 84.0 145.0 101.0 103.0 173.0 200.0
13 27.0 0.0 84.0 111.0 110.0 138.0 94.0 96.0 166.0 193.0
26 85.0 92.0 0.0 46.0 48.0 107.0 73.0 70.0 134.0 161.0
37 84.0 111.0 40.0 0.0 17.0 137.0 103.0 100.0 165.0 178.0
39 83.0 110.0 42.0 17.0 0.0 139.0 106.0 102.0 167.0 191.0
71 145.0 138.0 98.0 136.0 138.0 0.0 56.0 59.0 37.0 56.0
74 103.0 96.0 65.0 103.0 106.0 56.0 0.0 5.0 78.0 110.0
77 104.0 97.0 62.0 100.0 102.0 60.0 9.0 0.0 81.0 113.0
100 172.0 165.0 126.0 164.0 166.0 37.0 77.0 80.0 0.0 37.0
110 198.0 191.0 152.0 180.0 192.0 55.0 108.0 111.0 37.0 0.0

#distancia viaje entre puentes y alojamientos
: 123 130 144 147:=
4 86.0 202.0 94.0 151.0
13 79.0 195.0 87.0 144.0
26 25.0 164.0 81.0 113.0
37 55.0 180.0 111.0 141.0
39 58.0 194.0 114.0 145.0
71 92.0 59.0 79.0 7.0
74 58.0 112.0 23.0 62.0
77 55.0 116.0 32.0 65.0
100 119.0 39.0 101.0 39.0
110 146.0 3.0 132.0 53.0

#distancia entre alojamientos y puentes
: 4 13 26 37 39 71 74 77 100 110:=
123 85.0 78.0 18.0 55.0 58.0 92.0 59.0 55.0 120.0 147.0
130 201.0 194.0 155.0 183.0 195.0 58.0 111.0 114.0 40.0 3.0
144 95.0 88.0 73.0 110.0 113.0 80.0 23.0 28.0 101.0 133.0
147 150.0 143.0 103.0 141.0 143.0 5.0 61.0 64.0 39.0 54.0

#distancia entre depositos y puentes
: 4 13 26 37 39 71 74 77 100 110:=
0 75.0 101.0 32.0 11.0 10.0 130.0 96.0 92.0 157.0 184.0
1 125.0 118.0 86.0 123.0 126.0 40.0 23.0 27.0 61.0 93.0

#distancia entre puentes y depositos
: 0 1:=
4 75.0 124.0
13 101.0 117.0
26 38.0 93.0
37 11.0 124.0
39 10.0 126.0
71 129.0 39.0
74 96.0 23.0
77 92.0 29.0
100 156.0 60.0
110 182.0 92.0

;