set O:= 0 1;
set N:= 8 17 21 44 45 50 51 76 78 81 85 87 100 108 115;
set M:= 122 123 127 128 137;
set K:= 1 2 3;
param D:= 100;
param Q:= 540;
param v:= 2000000;
param f:= 
122 24000
123 26037
127 25694
128 39740
137 27856
;
param:	xcoord ycoord w q:=
0 -32.75044 -70.72613 0 1 
1 -33.0433 -71.624 0 1 
8 -32.44708 -71.19315 110 1 
17 -32.34859 -71.07237 51 1 
21 -32.80094 -70.95847 94 1 
44 -32.76742 -70.61154 38 1 
45 -32.74039 -70.64 42 1 
50 -32.87857 -70.20821 39 1 
51 -32.90645 -70.28716 50 1 
76 -32.93269 -71.43975 112 1 
78 -32.93288 -71.46643 63 1 
81 -32.68399 -71.39191 70 1 
85 -32.8625 -71.46772 106 1 
87 -32.83144 -71.47526 89 1 
100 -33.38903 -71.69158 108 1 
108 -33.44564 -71.67852 41 1 
115 -33.93803 -71.7365 56 1 
122 -32.77961 -70.95976 0 1 
123 -32.88254 -71.09009 0 1 
127 -32.24898 -70.9333 0 1 
128 -32.43019 -71.07467 0 1 
137 -32.91915 -71.52057 0 1 
;
param d[*,*]
#distancia de viaje entre puentes
: 8 17 21 44 45 50 51 76 78 81 85 87 100 108 115:=
8 0.0 32.0 75.0 112.0 109.0 157.0 149.0 77.0 80.0 51.0 69.0 67.0 150.0 157.0 221.0
17 31.0 0.0 91.0 107.0 104.0 154.0 145.0 103.0 106.0 77.0 95.0 93.0 176.0 183.0 247.0
21 74.0 91.0 0.0 40.0 37.0 85.0 76.0 64.0 66.0 65.0 72.0 74.0 132.0 139.0 203.0
44 112.0 106.0 40.0 0.0 6.0 53.0 44.0 102.0 104.0 103.0 110.0 112.0 170.0 177.0 225.0
45 109.0 103.0 36.0 6.0 0.0 56.0 48.0 99.0 101.0 100.0 107.0 109.0 167.0 174.0 228.0
50 157.0 153.0 85.0 52.0 56.0 0.0 8.0 147.0 150.0 149.0 155.0 157.0 214.0 218.0 257.0
51 148.0 145.0 76.0 44.0 47.0 8.0 0.0 139.0 141.0 140.0 147.0 149.0 205.0 209.0 249.0
76 78.0 105.0 64.0 102.0 98.0 147.0 138.0 0.0 3.0 33.0 11.0 18.0 80.0 87.0 155.0
78 81.0 107.0 67.0 105.0 101.0 149.0 141.0 3.0 0.0 36.0 14.0 16.0 78.0 85.0 153.0
81 59.0 85.0 73.0 111.0 107.0 155.0 147.0 40.0 43.0 0.0 32.0 31.0 120.0 127.0 196.0
85 73.0 99.0 72.0 110.0 106.0 154.0 146.0 10.0 13.0 27.0 0.0 7.0 88.0 94.0 163.0
87 69.0 95.0 74.0 112.0 108.0 156.0 148.0 17.0 16.0 23.0 7.0 0.0 90.0 96.0 165.0
100 150.0 176.0 132.0 170.0 166.0 214.0 206.0 79.0 77.0 112.0 87.0 89.0 0.0 7.0 81.0
108 157.0 183.0 139.0 177.0 173.0 220.0 211.0 86.0 84.0 119.0 94.0 96.0 7.0 0.0 74.0
115 220.0 247.0 202.0 228.0 231.0 260.0 252.0 154.0 152.0 187.0 162.0 164.0 81.0 74.0 0.0

#distancia viaje entre puentes y alojamientos
: 122 123 127 128 137:=
8 76.0 63.0 51.0 17.0 81.0
17 89.0 89.0 20.0 14.0 107.0
21 2.0 23.0 110.0 79.0 72.0
44 42.0 61.0 101.0 95.0 110.0
45 39.0 58.0 98.0 92.0 107.0
50 87.0 106.0 148.0 142.0 155.0
51 79.0 97.0 139.0 133.0 147.0
76 65.0 51.0 124.0 93.0 8.0
78 68.0 54.0 127.0 95.0 6.0
81 74.0 61.0 104.0 73.0 44.0
85 73.0 59.0 118.0 87.0 11.0
87 75.0 62.0 114.0 83.0 13.0
100 133.0 119.0 196.0 164.0 74.0
108 140.0 126.0 203.0 171.0 81.0
115 203.0 190.0 266.0 234.0 150.0

#distancia entre alojamientos y puentes
: 8 17 21 44 45 50 51 76 78 81 85 87 100 108 115:=
122 76.0 89.0 2.0 43.0 39.0 87.0 79.0 66.0 68.0 67.0 74.0 76.0 134.0 141.0 205.0
123 63.0 89.0 23.0 61.0 58.0 106.0 98.0 52.0 54.0 54.0 60.0 62.0 120.0 127.0 191.0
127 51.0 20.0 110.0 102.0 98.0 148.0 140.0 123.0 125.0 96.0 115.0 113.0 196.0 203.0 267.0
128 17.0 14.0 79.0 95.0 92.0 142.0 134.0 91.0 94.0 65.0 83.0 82.0 164.0 171.0 235.0
137 82.0 108.0 72.0 110.0 107.0 155.0 146.0 8.0 6.0 37.0 11.0 13.0 75.0 82.0 151.0

#distancia entre depositos y puentes
: 8 17 21 44 45 50 51 76 78 81 85 87 100 108 115:=
0 99.0 95.0 27.0 14.0 10.0 60.0 51.0 89.0 92.0 91.0 97.0 99.0 157.0 164.0 222.0
1 103.0 130.0 91.0 129.0 126.0 174.0 165.0 27.0 25.0 58.0 33.0 35.0 61.0 68.0 137.0

#distancia entre puentes y depositos
: 0 1:=
8 99.0 102.0
17 95.0 128.0
21 27.0 91.0
44 13.0 129.0
45 10.0 126.0
50 59.0 174.0
51 51.0 166.0
76 89.0 27.0
78 91.0 25.0
81 97.0 65.0
85 96.0 32.0
87 98.0 34.0
100 156.0 60.0
108 163.0 67.0
115 225.0 136.0

;