set O:= 0 1;
set N:= 2 16 28 29 33 35 36 37 44 45 48 49 64 69 74 75 81 86 87 89 92 93 100 101 103 107 110 115 116 119;
set M:= 123 126 127 130 131 134 137 140 143 147;
set K:= 1 2 3 4 5;
param D:= 100;
param Q:= 540;
param v:= 2000000;
param f:= 
123 26037
126 68517
127 25694
130 45000
131 73862
134 96841
137 27856
140 48596
143 48720
147 45000
;
param:	xcoord ycoord w q:=
0 -32.75044 -70.72613 0 1 
1 -33.0433 -71.624 0 1 
2 -32.5191 -70.92373 38 1 
16 -32.21823 -70.82151 78 1 
28 -32.86292 -70.94795 99 1 
29 -32.58297 -70.73334 108 1 
33 -32.62252 -70.72251 72 1 
35 -32.7126 -70.74393 65 1 
36 -32.83944 -71.00021 66 1 
37 -32.81691 -70.71195 53 1 
44 -32.76742 -70.61154 38 1 
45 -32.74039 -70.64 42 1 
48 -32.88608 -70.59211 103 1 
49 -32.90731 -70.28602 104 1 
64 -32.75022 -70.59169 119 1 
69 -33.37956 -71.38904 76 1 
74 -32.91961 -71.50488 57 1 
75 -32.91508 -71.49869 66 1 
81 -32.68399 -71.39191 70 1 
86 -32.86452 -71.49062 87 1 
87 -32.83144 -71.47526 89 1 
89 -33.10385 -71.66487 64 1 
92 -33.58655 -71.52943 57 1 
93 -33.01883 -71.50131 58 1 
100 -33.38903 -71.69158 108 1 
101 -33.34522 -71.64882 59 1 
103 -33.35491 -71.65289 40 1 
107 -33.42116 -71.69462 116 1 
110 -33.63989 -71.57131 49 1 
115 -33.93803 -71.7365 56 1 
116 -33.88859 -71.64141 97 1 
119 -33.8283 -71.64323 81 1 
123 -32.88254 -71.09009 0 1 
126 -32.25311 -70.93619 0 1 
127 -32.24898 -70.9333 0 1 
130 -33.65802 -71.56785 0 1 
131 -33.65502 -71.62965 0 1 
134 -33.61172 -71.60733 0 1 
137 -32.91915 -71.52057 0 1 
140 -32.93024 -71.55027 0 1 
143 -32.78349 -71.53032 0 1 
147 -33.32534 -71.38598 0 1 
;
param d[*,*]
#distancia de viaje entre puentes
: 2 16 28 29 33 35 36 37 44 45 48 49 64 69 74 75 81 86 87 89 92 93 100 101 103 107 110 115 116 119:=
2 0.0 48.0 66.0 41.0 43.0 54.0 63.0 69.0 72.0 68.0 82.0 110.0 74.0 169.0 117.0 116.0 89.0 109.0 105.0 151.0 200.0 130.0 186.0 179.0 180.0 190.0 213.0 257.0 249.0 239.0
16 48.0 0.0 112.0 59.0 61.0 72.0 109.0 87.0 89.0 86.0 100.0 128.0 92.0 189.0 135.0 135.0 107.0 128.0 124.0 170.0 220.0 149.0 207.0 200.0 201.0 210.0 234.0 278.0 270.0 259.0
28 66.0 111.0 0.0 56.0 50.0 39.0 9.0 43.0 49.0 45.0 55.0 85.0 51.0 114.0 70.0 71.0 65.0 75.0 73.0 102.0 145.0 78.0 132.0 125.0 126.0 135.0 159.0 203.0 195.0 184.0
29 41.0 59.0 57.0 0.0 6.0 17.0 54.0 32.0 34.0 31.0 45.0 73.0 37.0 160.0 117.0 117.0 111.0 121.0 120.0 148.0 191.0 125.0 178.0 171.0 172.0 181.0 205.0 243.0 229.0 230.0
33 43.0 61.0 51.0 6.0 0.0 11.0 47.0 26.0 28.0 25.0 39.0 67.0 31.0 154.0 111.0 112.0 105.0 115.0 114.0 143.0 186.0 119.0 172.0 165.0 166.0 176.0 199.0 237.0 223.0 225.0
35 54.0 72.0 40.0 17.0 11.0 0.0 37.0 15.0 17.0 14.0 28.0 56.0 20.0 143.0 100.0 101.0 94.0 104.0 103.0 132.0 175.0 108.0 161.0 154.0 155.0 165.0 188.0 226.0 212.0 214.0
36 64.0 109.0 8.0 54.0 48.0 37.0 0.0 40.0 46.0 43.0 54.0 83.0 48.0 111.0 67.0 68.0 62.0 72.0 71.0 99.0 142.0 76.0 129.0 122.0 123.0 132.0 156.0 200.0 192.0 181.0
37 69.0 87.0 43.0 32.0 26.0 15.0 40.0 0.0 21.0 17.0 17.0 47.0 23.0 143.0 103.0 104.0 98.0 108.0 107.0 135.0 175.0 111.0 165.0 158.0 159.0 168.0 178.0 214.0 200.0 204.0
44 71.0 89.0 49.0 34.0 28.0 17.0 45.0 20.0 0.0 6.0 18.0 44.0 3.0 152.0 109.0 110.0 103.0 113.0 112.0 140.0 183.0 117.0 170.0 163.0 164.0 174.0 188.0 225.0 211.0 215.0
45 68.0 86.0 45.0 30.0 25.0 14.0 42.0 17.0 6.0 0.0 21.0 48.0 6.0 149.0 106.0 106.0 100.0 110.0 109.0 137.0 180.0 114.0 167.0 160.0 161.0 171.0 191.0 228.0 214.0 219.0
48 83.0 100.0 54.0 45.0 39.0 28.0 54.0 17.0 18.0 21.0 0.0 40.0 18.0 141.0 117.0 118.0 112.0 122.0 120.0 146.0 172.0 121.0 169.0 162.0 163.0 172.0 176.0 212.0 198.0 202.0
49 135.0 153.0 111.0 98.0 92.0 81.0 108.0 73.0 69.0 73.0 66.0 0.0 69.0 203.0 171.0 172.0 166.0 176.0 174.0 203.0 235.0 179.0 231.0 224.0 225.0 234.0 238.0 274.0 260.0 264.0
64 73.0 91.0 51.0 36.0 30.0 19.0 48.0 23.0 3.0 6.0 18.0 44.0 0.0 153.0 111.0 112.0 106.0 116.0 114.0 143.0 185.0 119.0 172.0 165.0 166.0 176.0 188.0 225.0 211.0 215.0
69 168.0 189.0 113.0 159.0 154.0 143.0 112.0 146.0 152.0 148.0 143.0 180.0 154.0 0.0 66.0 66.0 100.0 74.0 77.0 54.0 35.0 53.0 36.0 34.0 33.0 36.0 48.0 92.0 84.0 74.0
74 118.0 137.0 70.0 116.0 111.0 100.0 69.0 103.0 109.0 105.0 117.0 145.0 111.0 66.0 0.0 1.0 35.0 8.0 12.0 34.0 96.0 13.0 78.0 71.0 72.0 82.0 110.0 154.0 146.0 135.0
75 117.0 136.0 71.0 117.0 112.0 101.0 70.0 104.0 110.0 106.0 118.0 146.0 112.0 67.0 1.0 0.0 34.0 8.0 11.0 35.0 97.0 14.0 79.0 72.0 73.0 82.0 110.0 154.0 146.0 136.0
81 96.0 115.0 71.0 118.0 112.0 101.0 70.0 105.0 111.0 107.0 118.0 147.0 113.0 108.0 42.0 41.0 0.0 35.0 31.0 76.0 138.0 55.0 120.0 113.0 114.0 124.0 152.0 196.0 188.0 177.0
86 111.0 130.0 73.0 119.0 114.0 103.0 72.0 106.0 112.0 108.0 120.0 148.0 114.0 74.0 7.0 7.0 27.0 0.0 4.0 42.0 104.0 21.0 85.0 78.0 80.0 89.0 117.0 161.0 153.0 143.0
87 106.0 125.0 72.0 119.0 113.0 102.0 71.0 106.0 112.0 108.0 119.0 148.0 114.0 78.0 12.0 11.0 23.0 4.0 0.0 46.0 108.0 25.0 90.0 83.0 84.0 93.0 121.0 165.0 157.0 147.0
89 153.0 171.0 102.0 148.0 143.0 132.0 101.0 135.0 141.0 137.0 147.0 177.0 143.0 51.0 35.0 35.0 69.0 43.0 46.0 0.0 81.0 27.0 63.0 56.0 57.0 67.0 95.0 139.0 131.0 120.0
92 199.0 220.0 143.0 190.0 184.0 174.0 143.0 177.0 183.0 179.0 175.0 211.0 185.0 35.0 95.0 96.0 130.0 104.0 107.0 84.0 0.0 82.0 32.0 37.0 36.0 29.0 19.0 63.0 56.0 45.0
93 131.0 150.0 77.0 124.0 118.0 107.0 77.0 111.0 117.0 113.0 123.0 153.0 119.0 53.0 13.0 13.0 47.0 21.0 24.0 27.0 83.0 0.0 65.0 58.0 59.0 69.0 97.0 141.0 133.0 122.0
100 185.0 207.0 130.0 177.0 171.0 160.0 129.0 164.0 170.0 166.0 169.0 206.0 172.0 35.0 77.0 78.0 112.0 85.0 89.0 66.0 32.0 64.0 0.0 7.0 6.0 4.0 37.0 81.0 73.0 62.0
101 179.0 200.0 123.0 170.0 164.0 153.0 123.0 157.0 163.0 159.0 162.0 199.0 165.0 36.0 70.0 71.0 105.0 79.0 82.0 59.0 37.0 57.0 7.0 0.0 1.0 11.0 44.0 88.0 80.0 70.0
103 180.0 201.0 125.0 171.0 165.0 155.0 124.0 158.0 164.0 160.0 163.0 200.0 166.0 34.0 71.0 72.0 106.0 80.0 83.0 60.0 36.0 58.0 6.0 1.0 0.0 10.0 43.0 87.0 79.0 69.0
107 189.0 210.0 134.0 180.0 175.0 164.0 133.0 167.0 173.0 170.0 173.0 210.0 176.0 36.0 81.0 82.0 116.0 89.0 92.0 69.0 29.0 68.0 4.0 11.0 9.0 0.0 33.0 77.0 69.0 59.0
110 212.0 233.0 157.0 203.0 198.0 187.0 156.0 180.0 190.0 192.0 178.0 214.0 190.0 48.0 108.0 109.0 143.0 117.0 120.0 97.0 19.0 95.0 37.0 44.0 43.0 33.0 0.0 52.0 45.0 34.0
115 256.0 277.0 201.0 247.0 241.0 230.0 200.0 218.0 228.0 231.0 215.0 252.0 228.0 92.0 152.0 153.0 187.0 161.0 164.0 141.0 63.0 139.0 81.0 88.0 87.0 77.0 52.0 0.0 14.0 18.0
116 247.0 268.0 192.0 233.0 227.0 216.0 191.0 204.0 214.0 218.0 201.0 238.0 214.0 83.0 144.0 145.0 179.0 152.0 155.0 132.0 54.0 131.0 73.0 79.0 78.0 69.0 44.0 14.0 0.0 10.0
119 237.0 259.0 182.0 229.0 223.0 212.0 181.0 208.0 218.0 218.0 205.0 242.0 218.0 73.0 134.0 135.0 169.0 142.0 146.0 123.0 44.0 121.0 63.0 70.0 68.0 59.0 34.0 18.0 11.0 0.0

#distancia viaje entre puentes y alojamientos
: 123 126 127 130 131 134 137 140 143 147:=
2 78.0 54.0 55.0 216.0 214.0 208.0 119.0 123.0 108.0 164.0
16 120.0 12.0 12.0 236.0 234.0 228.0 137.0 141.0 126.0 185.0
28 22.0 118.0 119.0 161.0 159.0 153.0 72.0 75.0 77.0 110.0
29 69.0 71.0 71.0 207.0 205.0 199.0 118.0 122.0 123.0 156.0
33 63.0 74.0 73.0 202.0 200.0 194.0 112.0 116.0 117.0 150.0
35 52.0 84.0 84.0 191.0 189.0 183.0 101.0 105.0 106.0 139.0
36 19.0 116.0 116.0 158.0 156.0 150.0 69.0 73.0 74.0 107.0
37 55.0 99.0 99.0 180.0 187.0 183.0 105.0 109.0 110.0 141.0
44 61.0 101.0 101.0 191.0 197.0 192.0 110.0 114.0 115.0 148.0
45 58.0 98.0 98.0 194.0 194.0 188.0 107.0 111.0 112.0 145.0
48 69.0 113.0 113.0 178.0 185.0 180.0 118.0 122.0 124.0 139.0
49 123.0 165.0 165.0 240.0 247.0 243.0 172.0 176.0 178.0 201.0
64 63.0 103.0 103.0 191.0 197.0 193.0 112.0 116.0 117.0 151.0
69 102.0 177.0 178.0 51.0 49.0 43.0 63.0 60.0 88.0 9.0
74 58.0 125.0 126.0 112.0 110.0 104.0 2.0 6.0 22.0 62.0
75 59.0 125.0 125.0 113.0 111.0 105.0 2.0 6.0 21.0 63.0
81 61.0 104.0 104.0 154.0 152.0 146.0 44.0 48.0 33.0 104.0
86 62.0 118.0 119.0 120.0 118.0 112.0 9.0 13.0 15.0 69.0
87 62.0 114.0 114.0 124.0 122.0 116.0 13.0 17.0 10.0 74.0
89 90.0 160.0 161.0 98.0 96.0 89.0 34.0 31.0 57.0 47.0
92 132.0 208.0 209.0 22.0 20.0 14.0 92.0 90.0 117.0 40.0
93 66.0 138.0 139.0 99.0 97.0 91.0 14.0 15.0 35.0 49.0
100 119.0 195.0 196.0 39.0 38.0 31.0 74.0 72.0 99.0 39.0
101 112.0 188.0 189.0 47.0 45.0 39.0 67.0 65.0 92.0 32.0
103 114.0 189.0 190.0 46.0 44.0 38.0 69.0 66.0 93.0 33.0
107 123.0 199.0 199.0 36.0 34.0 28.0 78.0 76.0 103.0 41.0
110 146.0 221.0 222.0 3.0 9.0 6.0 106.0 103.0 130.0 53.0
115 190.0 265.0 266.0 55.0 48.0 50.0 150.0 147.0 174.0 97.0
116 181.0 257.0 257.0 47.0 39.0 41.0 141.0 139.0 166.0 89.0
119 171.0 247.0 248.0 37.0 30.0 31.0 131.0 129.0 156.0 79.0

#distancia entre alojamientos y puentes
: 2 16 28 29 33 35 36 37 44 45 48 49 64 69 74 75 81 86 87 89 92 93 100 101 103 107 110 115 116 119:=
123 79.0 120.0 22.0 69.0 63.0 52.0 21.0 55.0 61.0 58.0 69.0 98.0 64.0 102.0 59.0 59.0 54.0 63.0 62.0 90.0 133.0 67.0 120.0 113.0 114.0 124.0 147.0 191.0 183.0 172.0
126 54.0 13.0 118.0 71.0 74.0 85.0 117.0 99.0 102.0 99.0 113.0 140.0 105.0 177.0 124.0 123.0 96.0 116.0 112.0 158.0 208.0 137.0 195.0 188.0 189.0 199.0 222.0 266.0 258.0 247.0
127 55.0 12.0 119.0 71.0 73.0 84.0 118.0 99.0 102.0 98.0 112.0 140.0 104.0 178.0 124.0 124.0 96.0 117.0 113.0 159.0 209.0 138.0 196.0 189.0 190.0 199.0 223.0 267.0 259.0 248.0
130 214.0 236.0 159.0 206.0 200.0 189.0 158.0 183.0 193.0 195.0 180.0 217.0 193.0 50.0 111.0 112.0 146.0 119.0 123.0 100.0 21.0 98.0 40.0 47.0 45.0 36.0 3.0 55.0 47.0 37.0
131 212.0 234.0 157.0 204.0 198.0 187.0 156.0 189.0 197.0 193.0 186.0 223.0 199.0 48.0 109.0 110.0 144.0 117.0 121.0 98.0 19.0 96.0 38.0 45.0 43.0 34.0 9.0 48.0 40.0 30.0
134 206.0 227.0 151.0 197.0 192.0 181.0 150.0 184.0 190.0 187.0 182.0 219.0 192.0 42.0 103.0 103.0 137.0 111.0 114.0 91.0 13.0 90.0 32.0 38.0 37.0 28.0 6.0 50.0 42.0 31.0
137 120.0 139.0 71.0 117.0 112.0 101.0 70.0 104.0 110.0 107.0 118.0 146.0 112.0 63.0 2.0 2.0 37.0 10.0 13.0 34.0 93.0 14.0 75.0 68.0 69.0 79.0 107.0 151.0 143.0 132.0
140 123.0 142.0 75.0 121.0 116.0 105.0 74.0 108.0 114.0 110.0 122.0 150.0 116.0 61.0 5.0 6.0 40.0 14.0 17.0 31.0 91.0 14.0 73.0 66.0 67.0 77.0 104.0 148.0 141.0 130.0
143 109.0 128.0 76.0 122.0 117.0 106.0 75.0 109.0 115.0 111.0 123.0 151.0 117.0 88.0 22.0 21.0 26.0 15.0 11.0 56.0 118.0 36.0 100.0 93.0 94.0 104.0 132.0 176.0 168.0 157.0
147 163.0 184.0 108.0 154.0 149.0 138.0 107.0 141.0 147.0 143.0 142.0 179.0 149.0 9.0 61.0 61.0 95.0 69.0 72.0 49.0 41.0 48.0 39.0 32.0 33.0 40.0 54.0 98.0 90.0 80.0

#distancia entre depositos y puentes
: 2 16 28 29 33 35 36 37 44 45 48 49 64 69 74 75 81 86 87 89 92 93 100 101 103 107 110 115 116 119:=
0 60.0 77.0 36.0 22.0 16.0 5.0 33.0 11.0 14.0 10.0 23.0 51.0 16.0 140.0 96.0 97.0 91.0 101.0 99.0 128.0 171.0 104.0 157.0 150.0 151.0 161.0 184.0 222.0 208.0 210.0
1 141.0 160.0 90.0 136.0 131.0 120.0 89.0 123.0 129.0 126.0 135.0 166.0 131.0 50.0 23.0 24.0 58.0 31.0 35.0 12.0 80.0 15.0 61.0 54.0 55.0 65.0 93.0 137.0 129.0 119.0

#distancia entre puentes y depositos
: 0 1:=
2 59.0 140.0
16 77.0 158.0
28 35.0 91.0
29 22.0 137.0
33 16.0 131.0
35 5.0 120.0
36 33.0 88.0
37 11.0 124.0
44 13.0 129.0
45 10.0 126.0
48 24.0 134.0
49 77.0 191.0
64 15.0 131.0
69 138.0 49.0
74 96.0 23.0
75 96.0 24.0
81 97.0 65.0
86 99.0 30.0
87 98.0 34.0
89 127.0 12.0
92 169.0 79.0
93 103.0 15.0
100 156.0 60.0
101 149.0 54.0
103 150.0 55.0
107 160.0 64.0
110 182.0 92.0
115 225.0 136.0
116 212.0 127.0
119 208.0 118.0

;