set O:= 0 1;
set N:= 2 16 28 32 37 51 52 63 69 70 73 76 89 105 119;
set M:= 128 129 130 137 147;
set K:= 1 2 3;
param D:= 100;
param Q:= 540;
param v:= 2000000;
param f:= 
128 39740
129 42028
130 45000
137 27856
147 45000
;
param:	xcoord ycoord w q:=
0 -32.75044 -70.72613 0 1 
1 -33.0433 -71.624 0 1 
2 -32.5191 -70.92373 38 1 
16 -32.21823 -70.82151 78 1 
28 -32.86292 -70.94795 99 1 
32 -32.66447 -70.697 94 1 
37 -32.81691 -70.71195 53 1 
51 -32.90645 -70.28716 50 1 
52 -32.90338 -70.26912 86 1 
63 -32.76227 -70.50125 44 1 
69 -33.37956 -71.38904 76 1 
70 -33.29115 -71.47716 94 1 
73 -33.20765 -71.57225 80 1 
76 -32.93269 -71.43975 112 1 
89 -33.10385 -71.66487 64 1 
105 -33.53115 -71.54035 119 1 
119 -33.8283 -71.64323 81 1 
128 -32.43019 -71.07467 0 1 
129 -32.44456 -71.22894 0 1 
130 -33.65802 -71.56785 0 1 
137 -32.91915 -71.52057 0 1 
147 -33.32534 -71.38598 0 1 
;
param d[*,*]
#distancia de viaje entre puentes
: 2 16 28 32 37 51 52 63 69 70 73 76 89 105 119:=
2 0.0 48.0 66.0 50.0 69.0 110.0 112.0 86.0 169.0 158.0 160.0 115.0 151.0 194.0 239.0
16 48.0 0.0 112.0 68.0 87.0 128.0 130.0 103.0 189.0 179.0 178.0 134.0 170.0 215.0 259.0
28 66.0 111.0 0.0 48.0 43.0 85.0 87.0 62.0 114.0 104.0 108.0 63.0 102.0 140.0 184.0
32 50.0 68.0 49.0 0.0 24.0 65.0 66.0 40.0 152.0 142.0 146.0 102.0 140.0 178.0 223.0
37 69.0 87.0 43.0 24.0 0.0 47.0 49.0 27.0 143.0 137.0 141.0 96.0 135.0 169.0 204.0
51 109.0 127.0 85.0 64.0 47.0 0.0 2.0 46.0 177.0 177.0 183.0 139.0 177.0 204.0 239.0
52 133.0 151.0 109.0 88.0 71.0 3.0 0.0 70.0 201.0 201.0 207.0 162.0 201.0 228.0 263.0
63 85.0 103.0 62.0 40.0 27.0 47.0 49.0 0.0 158.0 156.0 160.0 115.0 154.0 184.0 219.0
69 168.0 189.0 113.0 152.0 146.0 180.0 182.0 160.0 0.0 16.0 37.0 67.0 54.0 30.0 74.0
70 158.0 179.0 103.0 141.0 136.0 178.0 180.0 155.0 16.0 0.0 25.0 56.0 43.0 36.0 80.0
73 160.0 179.0 106.0 145.0 140.0 182.0 184.0 159.0 36.0 25.0 0.0 44.0 31.0 61.0 99.0
76 116.0 135.0 63.0 102.0 96.0 138.0 140.0 115.0 68.0 57.0 44.0 0.0 39.0 93.0 137.0
89 153.0 171.0 102.0 141.0 135.0 177.0 179.0 154.0 51.0 40.0 28.0 39.0 0.0 76.0 120.0
105 193.0 214.0 138.0 177.0 171.0 206.0 208.0 186.0 29.0 36.0 61.0 91.0 78.0 0.0 48.0
119 237.0 259.0 182.0 221.0 208.0 242.0 244.0 222.0 73.0 80.0 99.0 136.0 123.0 47.0 0.0

#distancia viaje entre puentes y alojamientos
: 128 129 130 137 147:=
2 24.0 43.0 216.0 119.0 164.0
16 45.0 62.0 236.0 137.0 185.0
28 87.0 69.0 161.0 72.0 110.0
32 74.0 93.0 200.0 110.0 148.0
37 93.0 102.0 180.0 105.0 141.0
51 133.0 144.0 215.0 147.0 175.0
52 157.0 168.0 239.0 171.0 199.0
63 109.0 121.0 195.0 123.0 155.0
69 146.0 128.0 51.0 63.0 9.0
70 136.0 118.0 57.0 52.0 12.0
73 137.0 118.0 76.0 39.0 32.0
76 93.0 74.0 114.0 8.0 64.0
89 129.0 111.0 98.0 34.0 47.0
105 172.0 154.0 25.0 87.0 35.0
119 216.0 198.0 37.0 131.0 79.0

#distancia entre alojamientos y puentes
: 2 16 28 32 37 51 52 63 69 70 73 76 89 105 119:=
128 24.0 45.0 88.0 74.0 93.0 134.0 135.0 109.0 147.0 137.0 136.0 91.0 127.0 173.0 217.0
129 43.0 62.0 69.0 93.0 103.0 145.0 147.0 122.0 128.0 118.0 118.0 73.0 109.0 154.0 199.0
130 214.0 236.0 159.0 198.0 183.0 217.0 219.0 197.0 50.0 57.0 76.0 113.0 100.0 24.0 37.0
137 120.0 139.0 71.0 110.0 104.0 146.0 148.0 123.0 63.0 52.0 40.0 8.0 34.0 88.0 132.0
147 163.0 184.0 108.0 147.0 141.0 179.0 181.0 159.0 9.0 12.0 32.0 62.0 49.0 35.0 80.0

#distancia entre depositos y puentes
: 2 16 28 32 37 51 52 63 69 70 73 76 89 105 119:=
0 60.0 77.0 36.0 14.0 11.0 51.0 53.0 27.0 140.0 129.0 133.0 89.0 128.0 165.0 210.0
1 141.0 160.0 90.0 129.0 123.0 165.0 167.0 143.0 50.0 38.0 26.0 27.0 12.0 74.0 119.0

#distancia entre puentes y depositos
: 0 1:=
2 59.0 140.0
16 77.0 158.0
28 35.0 91.0
32 14.0 129.0
37 11.0 124.0
51 51.0 166.0
52 75.0 190.0
63 27.0 143.0
69 138.0 49.0
70 128.0 38.0
73 132.0 26.0
76 89.0 27.0
89 127.0 12.0
105 164.0 73.0
119 208.0 118.0

;