set O:= 0 1;
set N:= 3 4 8 10 13 14 15 16 17 20 21 25 28 33 36 39 44 45 48 49 50 52 59 62 64 70 71 73 74 75 77 81 85 86 87 88 89 92 96 98 100 101 103 104 105 106 110 111 114 116;
set M:= 123 124 127 128 129 131 134 137 140 143 144 146;
set K:= 1 2 3 4 5 6 7;
param D:= 100;
param Q:= 540;
param v:= 2000000;
param f:= 
123 26037
124 63000
127 25694
128 39740
129 42028
131 73862
134 96841
137 27856
140 48596
143 48720
144 52000
146 78000
;
param:	xcoord ycoord w q:=
0 -32.75044 -70.72613 0 1 
1 -33.0433 -71.624 0 1 
3 -32.35092 -70.79153 105 1 
4 -32.44056 -71.00665 106 1 
8 -32.44708 -71.19315 110 1 
10 -32.43335 -71.23322 48 1 
13 -32.34055 -71.17481 99 1 
14 -32.51115 -71.42049 30 1 
15 -32.44511 -71.32299 71 1 
16 -32.21823 -70.82151 78 1 
17 -32.34859 -71.07237 51 1 
20 -32.69998 -70.93128 51 1 
21 -32.80094 -70.95847 94 1 
25 -32.86219 -70.89013 69 1 
28 -32.86292 -70.94795 99 1 
33 -32.62252 -70.72251 72 1 
36 -32.83944 -71.00021 66 1 
39 -32.74002 -70.64044 105 1 
44 -32.76742 -70.61154 38 1 
45 -32.74039 -70.64 42 1 
48 -32.88608 -70.59211 103 1 
49 -32.90731 -70.28602 104 1 
50 -32.87857 -70.20821 39 1 
52 -32.90338 -70.26912 86 1 
59 -32.83316 -70.70835 85 1 
62 -32.76924 -70.56035 84 1 
64 -32.75022 -70.59169 119 1 
70 -33.29115 -71.47716 94 1 
71 -33.29475 -71.41066 32 1 
73 -33.20765 -71.57225 80 1 
74 -32.91961 -71.50488 57 1 
75 -32.91508 -71.49869 66 1 
77 -32.9314 -71.47561 30 1 
81 -32.68399 -71.39191 70 1 
85 -32.8625 -71.46772 106 1 
86 -32.86452 -71.49062 87 1 
87 -32.83144 -71.47526 89 1 
88 -32.80869 -71.44189 36 1 
89 -33.10385 -71.66487 64 1 
92 -33.58655 -71.52943 57 1 
96 -32.99633 -71.50138 105 1 
98 -32.98749 -71.50073 83 1 
100 -33.38903 -71.69158 108 1 
101 -33.34522 -71.64882 59 1 
103 -33.35491 -71.65289 40 1 
104 -33.61332 -71.40226 39 1 
105 -33.53115 -71.54035 119 1 
106 -33.53398 -71.59339 54 1 
110 -33.63989 -71.57131 49 1 
111 -33.77523 -71.42462 65 1 
114 -33.63163 -71.61037 97 1 
116 -33.88859 -71.64141 97 1 
123 -32.88254 -71.09009 0 1 
124 -32.85659 -70.41855 0 1 
127 -32.24898 -70.9333 0 1 
128 -32.43019 -71.07467 0 1 
129 -32.44456 -71.22894 0 1 
131 -33.65502 -71.62965 0 1 
134 -33.61172 -71.60733 0 1 
137 -32.91915 -71.52057 0 1 
140 -32.93024 -71.55027 0 1 
143 -32.78349 -71.53032 0 1 
144 -32.77144 -71.53401 0 1 
146 -33.38843 -71.53636 0 1 
;
param d[*,*]
#distancia de viaje entre puentes
: 3 4 8 10 13 14 15 16 17 20 21 25 28 33 36 39 44 45 48 49 50 52 59 62 64 70 71 73 74 75 77 81 85 86 87 88 89 92 96 98 100 101 103 104 105 106 110 111 114 116:=
3 0.0 26.0 51.0 55.0 52.0 74.0 62.0 19.0 46.0 75.0 83.0 97.0 94.0 43.0 90.0 68.0 71.0 68.0 82.0 110.0 118.0 111.0 70.0 78.0 74.0 171.0 171.0 170.0 127.0 126.0 129.0 99.0 117.0 120.0 115.0 110.0 161.0 212.0 139.0 136.0 198.0 191.0 192.0 217.0 207.0 211.0 225.0 238.0 222.0 261.0
4 26.0 0.0 25.0 29.0 27.0 49.0 36.0 45.0 20.0 62.0 71.0 85.0 82.0 59.0 79.0 84.0 87.0 84.0 98.0 126.0 134.0 127.0 86.0 94.0 90.0 145.0 145.0 144.0 101.0 101.0 103.0 73.0 92.0 94.0 90.0 84.0 136.0 186.0 114.0 110.0 173.0 166.0 167.0 192.0 181.0 185.0 200.0 218.0 196.0 236.0
8 51.0 25.0 0.0 4.0 20.0 26.0 14.0 62.0 32.0 86.0 75.0 77.0 73.0 84.0 73.0 109.0 112.0 109.0 120.0 149.0 157.0 151.0 109.0 119.0 115.0 122.0 122.0 122.0 79.0 78.0 81.0 51.0 69.0 71.0 67.0 61.0 113.0 164.0 91.0 88.0 150.0 143.0 144.0 169.0 158.0 163.0 177.0 196.0 174.0 213.0
10 55.0 30.0 4.0 0.0 19.0 23.0 11.0 60.0 30.0 83.0 72.0 75.0 71.0 89.0 70.0 106.0 110.0 106.0 118.0 146.0 155.0 148.0 106.0 116.0 112.0 120.0 120.0 119.0 76.0 76.0 78.0 48.0 67.0 69.0 65.0 59.0 110.0 161.0 88.0 85.0 148.0 141.0 142.0 166.0 156.0 160.0 175.0 193.0 171.0 211.0
13 52.0 27.0 20.0 19.0 0.0 41.0 29.0 50.0 19.0 88.0 90.0 93.0 89.0 85.0 88.0 110.0 113.0 110.0 124.0 152.0 160.0 154.0 113.0 120.0 116.0 138.0 138.0 137.0 94.0 94.0 96.0 66.0 85.0 87.0 83.0 77.0 128.0 179.0 106.0 103.0 166.0 159.0 160.0 184.0 174.0 178.0 193.0 211.0 189.0 229.0
14 74.0 49.0 26.0 23.0 42.0 0.0 12.0 83.0 53.0 94.0 83.0 86.0 82.0 108.0 81.0 118.0 121.0 118.0 129.0 158.0 166.0 159.0 117.0 127.0 123.0 118.0 120.0 106.0 64.0 63.0 65.0 35.0 54.0 56.0 52.0 46.0 98.0 160.0 76.0 72.0 142.0 135.0 136.0 165.0 154.0 159.0 173.0 192.0 170.0 209.0
15 62.0 37.0 14.0 11.0 30.0 12.0 0.0 71.0 41.0 82.0 71.0 74.0 70.0 96.0 69.0 106.0 109.0 106.0 117.0 146.0 154.0 147.0 105.0 115.0 111.0 119.0 119.0 118.0 76.0 75.0 78.0 48.0 66.0 68.0 64.0 58.0 110.0 160.0 88.0 84.0 147.0 140.0 141.0 166.0 155.0 159.0 174.0 192.0 171.0 210.0
16 19.0 45.0 62.0 60.0 49.0 83.0 70.0 0.0 31.0 94.0 101.0 115.0 112.0 61.0 109.0 86.0 89.0 86.0 100.0 128.0 136.0 130.0 89.0 96.0 92.0 179.0 179.0 178.0 135.0 135.0 137.0 107.0 126.0 128.0 124.0 118.0 170.0 220.0 147.0 144.0 207.0 200.0 201.0 226.0 215.0 219.0 234.0 252.0 230.0 270.0
17 46.0 20.0 31.0 30.0 19.0 52.0 40.0 31.0 0.0 82.0 91.0 103.0 100.0 79.0 99.0 104.0 107.0 104.0 118.0 146.0 154.0 147.0 106.0 114.0 110.0 149.0 149.0 148.0 105.0 104.0 107.0 77.0 95.0 98.0 93.0 88.0 139.0 190.0 117.0 114.0 176.0 169.0 170.0 195.0 185.0 189.0 203.0 222.0 200.0 239.0
20 75.0 62.0 85.0 83.0 88.0 94.0 82.0 94.0 82.0 0.0 13.0 27.0 24.0 49.0 20.0 50.0 53.0 49.0 61.0 89.0 98.0 91.0 49.0 59.0 55.0 116.0 116.0 120.0 82.0 83.0 79.0 77.0 84.0 87.0 85.0 79.0 114.0 157.0 89.0 86.0 143.0 136.0 138.0 162.0 152.0 156.0 170.0 189.0 167.0 207.0
21 83.0 71.0 74.0 71.0 89.0 83.0 70.0 101.0 91.0 13.0 0.0 14.0 11.0 40.0 7.0 37.0 40.0 37.0 48.0 77.0 85.0 78.0 36.0 46.0 42.0 104.0 104.0 108.0 71.0 72.0 67.0 65.0 72.0 75.0 74.0 67.0 103.0 146.0 78.0 74.0 132.0 125.0 126.0 151.0 140.0 145.0 159.0 177.0 156.0 195.0
25 96.0 85.0 77.0 74.0 92.0 86.0 74.0 115.0 104.0 27.0 14.0 0.0 7.0 54.0 12.0 48.0 52.0 48.0 53.0 88.0 97.0 90.0 48.0 58.0 54.0 108.0 108.0 112.0 74.0 75.0 71.0 69.0 76.0 79.0 77.0 70.0 106.0 149.0 81.0 78.0 135.0 128.0 130.0 154.0 144.0 148.0 162.0 176.0 159.0 199.0
28 93.0 82.0 73.0 71.0 89.0 82.0 70.0 111.0 100.0 23.0 11.0 7.0 0.0 50.0 9.0 45.0 49.0 45.0 55.0 85.0 93.0 87.0 45.0 55.0 51.0 104.0 104.0 108.0 70.0 71.0 67.0 65.0 72.0 75.0 73.0 67.0 102.0 145.0 77.0 74.0 132.0 125.0 126.0 150.0 140.0 144.0 159.0 177.0 155.0 195.0
33 43.0 59.0 84.0 88.0 85.0 107.0 95.0 61.0 79.0 49.0 40.0 54.0 51.0 0.0 47.0 25.0 28.0 25.0 39.0 67.0 75.0 68.0 27.0 35.0 31.0 144.0 144.0 148.0 111.0 112.0 107.0 105.0 112.0 115.0 114.0 107.0 143.0 186.0 118.0 114.0 172.0 165.0 166.0 184.0 180.0 185.0 199.0 195.0 196.0 223.0
36 91.0 79.0 70.0 68.0 86.0 79.0 67.0 109.0 97.0 21.0 8.0 12.0 8.0 48.0 0.0 43.0 46.0 43.0 54.0 83.0 91.0 84.0 42.0 52.0 48.0 101.0 101.0 105.0 67.0 68.0 64.0 62.0 69.0 72.0 71.0 64.0 99.0 142.0 74.0 71.0 129.0 122.0 123.0 148.0 137.0 141.0 156.0 174.0 152.0 192.0
39 67.0 83.0 109.0 106.0 110.0 117.0 105.0 86.0 103.0 49.0 36.0 49.0 46.0 25.0 42.0 0.0 6.0 0.0 22.0 48.0 56.0 50.0 20.0 11.0 6.0 139.0 139.0 143.0 106.0 106.0 102.0 100.0 107.0 110.0 109.0 102.0 137.0 180.0 113.0 109.0 167.0 160.0 161.0 176.0 175.0 180.0 191.0 186.0 191.0 214.0
44 71.0 87.0 112.0 109.0 113.0 121.0 108.0 89.0 106.0 52.0 40.0 52.0 49.0 28.0 45.0 6.0 0.0 6.0 18.0 44.0 53.0 46.0 23.0 8.0 3.0 142.0 142.0 146.0 109.0 110.0 105.0 103.0 110.0 113.0 112.0 105.0 140.0 183.0 116.0 112.0 170.0 163.0 164.0 172.0 178.0 183.0 188.0 183.0 193.0 211.0
45 67.0 83.0 109.0 106.0 110.0 117.0 105.0 86.0 103.0 49.0 36.0 49.0 45.0 25.0 42.0 0.0 6.0 0.0 21.0 48.0 56.0 49.0 20.0 11.0 6.0 139.0 139.0 143.0 106.0 106.0 102.0 100.0 107.0 110.0 109.0 102.0 137.0 180.0 112.0 109.0 167.0 160.0 161.0 175.0 175.0 179.0 191.0 186.0 191.0 214.0
48 82.0 98.0 120.0 117.0 124.0 129.0 117.0 100.0 118.0 61.0 48.0 52.0 54.0 39.0 54.0 21.0 18.0 21.0 0.0 40.0 48.0 42.0 16.0 15.0 18.0 141.0 141.0 146.0 117.0 118.0 114.0 112.0 118.0 122.0 120.0 113.0 146.0 172.0 124.0 120.0 169.0 162.0 163.0 160.0 167.0 172.0 176.0 170.0 181.0 198.0
49 135.0 151.0 174.0 171.0 177.0 183.0 171.0 153.0 171.0 115.0 102.0 115.0 111.0 92.0 108.0 73.0 69.0 73.0 66.0 0.0 8.0 2.0 73.0 65.0 69.0 203.0 203.0 209.0 171.0 172.0 168.0 166.0 172.0 176.0 174.0 167.0 203.0 235.0 178.0 174.0 231.0 224.0 225.0 222.0 229.0 234.0 238.0 232.0 243.0 260.0
50 117.0 133.0 157.0 154.0 160.0 166.0 153.0 136.0 153.0 97.0 85.0 97.0 94.0 75.0 91.0 56.0 52.0 56.0 48.0 12.0 0.0 14.0 56.0 48.0 52.0 186.0 186.0 191.0 154.0 155.0 150.0 149.0 155.0 159.0 157.0 150.0 186.0 217.0 161.0 157.0 214.0 207.0 208.0 205.0 212.0 217.0 221.0 215.0 226.0 243.0
52 133.0 149.0 172.0 170.0 175.0 181.0 169.0 151.0 169.0 113.0 100.0 113.0 109.0 90.0 106.0 71.0 68.0 71.0 64.0 2.0 7.0 0.0 71.0 63.0 67.0 201.0 202.0 207.0 169.0 170.0 166.0 164.0 171.0 174.0 173.0 166.0 201.0 233.0 176.0 173.0 229.0 222.0 223.0 220.0 228.0 232.0 236.0 231.0 241.0 259.0
59 70.0 86.0 108.0 106.0 113.0 117.0 105.0 89.0 106.0 49.0 36.0 48.0 45.0 28.0 42.0 20.0 23.0 20.0 16.0 47.0 56.0 49.0 0.0 20.0 23.0 139.0 139.0 143.0 105.0 106.0 102.0 100.0 107.0 110.0 108.0 102.0 137.0 173.0 112.0 109.0 166.0 159.0 161.0 160.0 167.0 172.0 176.0 170.0 181.0 198.0
62 78.0 94.0 118.0 116.0 120.0 127.0 115.0 96.0 114.0 59.0 46.0 58.0 55.0 35.0 52.0 11.0 8.0 11.0 15.0 40.0 48.0 41.0 20.0 0.0 5.0 149.0 149.0 153.0 115.0 116.0 112.0 110.0 117.0 120.0 118.0 112.0 147.0 182.0 122.0 119.0 176.0 169.0 171.0 169.0 177.0 181.0 185.0 180.0 191.0 208.0
64 73.0 89.0 114.0 111.0 115.0 123.0 110.0 91.0 109.0 54.0 42.0 54.0 51.0 30.0 48.0 6.0 3.0 6.0 18.0 44.0 52.0 46.0 23.0 5.0 0.0 144.0 144.0 148.0 111.0 112.0 107.0 106.0 112.0 116.0 114.0 107.0 143.0 185.0 118.0 114.0 172.0 165.0 166.0 172.0 180.0 184.0 188.0 183.0 193.0 211.0
70 170.0 144.0 122.0 119.0 138.0 119.0 119.0 179.0 149.0 115.0 104.0 106.0 103.0 144.0 102.0 138.0 142.0 138.0 142.0 178.0 186.0 180.0 138.0 148.0 144.0 0.0 10.0 25.0 54.0 55.0 58.0 89.0 64.0 63.0 66.0 72.0 43.0 41.0 45.0 46.0 28.0 21.0 22.0 47.0 36.0 40.0 55.0 73.0 52.0 91.0
71 170.0 145.0 122.0 120.0 138.0 120.0 119.0 179.0 149.0 115.0 104.0 107.0 103.0 144.0 102.0 138.0 142.0 138.0 142.0 178.0 187.0 180.0 138.0 148.0 144.0 10.0 0.0 27.0 56.0 56.0 59.0 90.0 65.0 64.0 67.0 73.0 44.0 42.0 46.0 47.0 37.0 30.0 31.0 48.0 37.0 42.0 56.0 74.0 53.0 92.0
73 170.0 145.0 122.0 120.0 138.0 107.0 119.0 179.0 149.0 119.0 108.0 110.0 106.0 147.0 106.0 142.0 146.0 142.0 147.0 182.0 190.0 184.0 142.0 152.0 148.0 25.0 27.0 0.0 42.0 43.0 45.0 77.0 52.0 51.0 54.0 60.0 31.0 66.0 33.0 34.0 36.0 29.0 30.0 72.0 61.0 57.0 73.0 98.0 70.0 109.0
74 128.0 103.0 80.0 77.0 96.0 64.0 77.0 137.0 107.0 82.0 71.0 74.0 70.0 111.0 69.0 106.0 109.0 105.0 117.0 145.0 154.0 147.0 105.0 115.0 111.0 55.0 56.0 43.0 0.0 1.0 5.0 35.0 10.0 8.0 12.0 18.0 34.0 96.0 12.0 9.0 78.0 71.0 72.0 101.0 91.0 95.0 110.0 128.0 106.0 146.0
75 127.0 102.0 79.0 77.0 95.0 64.0 76.0 136.0 106.0 83.0 72.0 74.0 71.0 112.0 70.0 106.0 110.0 106.0 118.0 146.0 154.0 148.0 106.0 116.0 112.0 56.0 57.0 43.0 1.0 0.0 6.0 34.0 9.0 8.0 11.0 17.0 35.0 97.0 13.0 10.0 79.0 72.0 73.0 102.0 92.0 96.0 110.0 129.0 107.0 146.0
77 130.0 104.0 82.0 79.0 97.0 66.0 79.0 139.0 108.0 79.0 68.0 70.0 66.0 107.0 65.0 102.0 106.0 102.0 113.0 142.0 150.0 143.0 101.0 112.0 108.0 58.0 60.0 46.0 9.0 9.0 0.0 37.0 15.0 17.0 20.0 20.0 40.0 100.0 15.0 12.0 81.0 74.0 76.0 105.0 94.0 99.0 113.0 131.0 110.0 149.0
81 107.0 81.0 59.0 56.0 74.0 43.0 55.0 115.0 85.0 84.0 73.0 75.0 71.0 112.0 70.0 107.0 111.0 107.0 118.0 147.0 155.0 148.0 106.0 117.0 113.0 97.0 98.0 85.0 42.0 41.0 44.0 0.0 32.0 35.0 31.0 24.0 76.0 138.0 54.0 51.0 120.0 113.0 114.0 143.0 133.0 137.0 152.0 170.0 148.0 188.0
85 121.0 95.0 73.0 70.0 88.0 57.0 69.0 129.0 99.0 83.0 72.0 74.0 70.0 111.0 70.0 106.0 110.0 106.0 117.0 146.0 154.0 148.0 106.0 116.0 112.0 64.0 66.0 52.0 10.0 9.0 14.0 27.0 0.0 3.0 7.0 10.0 44.0 106.0 22.0 19.0 88.0 81.0 82.0 111.0 100.0 105.0 119.0 138.0 116.0 155.0
86 121.0 95.0 73.0 70.0 88.0 57.0 69.0 130.0 99.0 85.0 74.0 77.0 73.0 114.0 72.0 109.0 112.0 108.0 120.0 148.0 157.0 150.0 108.0 118.0 114.0 62.0 64.0 50.0 7.0 7.0 12.0 27.0 2.0 0.0 4.0 12.0 42.0 104.0 20.0 17.0 85.0 78.0 80.0 109.0 98.0 103.0 117.0 135.0 114.0 153.0
87 117.0 91.0 69.0 66.0 84.0 53.0 65.0 125.0 95.0 85.0 74.0 76.0 72.0 113.0 71.0 108.0 112.0 108.0 119.0 148.0 156.0 149.0 107.0 118.0 114.0 66.0 68.0 54.0 12.0 11.0 16.0 23.0 7.0 4.0 0.0 8.0 46.0 108.0 24.0 21.0 90.0 83.0 84.0 113.0 102.0 107.0 121.0 140.0 118.0 157.0
88 110.0 85.0 62.0 60.0 78.0 47.0 59.0 119.0 89.0 78.0 67.0 69.0 65.0 106.0 65.0 101.0 105.0 101.0 112.0 141.0 149.0 143.0 101.0 111.0 107.0 72.0 74.0 60.0 18.0 17.0 19.0 17.0 8.0 11.0 8.0 0.0 52.0 114.0 30.0 26.0 95.0 88.0 90.0 119.0 108.0 113.0 127.0 145.0 124.0 163.0
89 163.0 137.0 115.0 112.0 130.0 99.0 111.0 171.0 141.0 114.0 103.0 105.0 102.0 143.0 101.0 137.0 141.0 137.0 147.0 177.0 186.0 179.0 137.0 147.0 143.0 40.0 42.0 28.0 35.0 35.0 39.0 69.0 44.0 43.0 46.0 53.0 0.0 81.0 28.0 29.0 63.0 56.0 57.0 87.0 76.0 81.0 95.0 113.0 92.0 131.0
92 211.0 185.0 163.0 160.0 178.0 160.0 160.0 220.0 189.0 156.0 145.0 147.0 143.0 184.0 143.0 179.0 183.0 179.0 175.0 211.0 220.0 213.0 175.0 185.0 185.0 41.0 42.0 66.0 95.0 96.0 98.0 130.0 105.0 104.0 107.0 113.0 84.0 0.0 86.0 87.0 32.0 37.0 36.0 19.0 7.0 12.0 19.0 36.0 16.0 56.0
96 137.0 112.0 89.0 87.0 105.0 74.0 86.0 146.0 116.0 87.0 76.0 78.0 74.0 115.0 74.0 110.0 114.0 110.0 121.0 150.0 158.0 152.0 110.0 120.0 116.0 48.0 49.0 36.0 9.0 10.0 13.0 44.0 19.0 18.0 21.0 27.0 30.0 89.0 0.0 2.0 71.0 64.0 65.0 94.0 84.0 88.0 103.0 121.0 99.0 139.0
98 137.0 111.0 89.0 86.0 104.0 73.0 85.0 145.0 115.0 85.0 74.0 77.0 73.0 114.0 72.0 109.0 112.0 109.0 120.0 149.0 157.0 150.0 108.0 118.0 115.0 46.0 48.0 34.0 8.0 9.0 12.0 43.0 18.0 17.0 20.0 26.0 28.0 88.0 4.0 0.0 69.0 62.0 64.0 93.0 82.0 87.0 101.0 119.0 98.0 137.0
100 198.0 172.0 150.0 147.0 165.0 141.0 146.0 207.0 176.0 143.0 132.0 134.0 130.0 171.0 129.0 166.0 170.0 166.0 169.0 206.0 214.0 208.0 166.0 176.0 172.0 28.0 37.0 36.0 77.0 78.0 80.0 112.0 87.0 85.0 89.0 95.0 66.0 32.0 68.0 68.0 0.0 7.0 6.0 45.0 28.0 21.0 37.0 64.0 33.0 73.0
101 191.0 165.0 143.0 140.0 158.0 135.0 140.0 200.0 169.0 136.0 125.0 127.0 123.0 164.0 123.0 159.0 163.0 159.0 162.0 199.0 207.0 201.0 159.0 169.0 165.0 21.0 30.0 29.0 70.0 71.0 73.0 105.0 80.0 79.0 82.0 88.0 59.0 37.0 61.0 62.0 7.0 0.0 1.0 51.0 34.0 28.0 44.0 69.0 41.0 80.0
103 192.0 166.0 144.0 141.0 159.0 136.0 141.0 201.0 171.0 137.0 126.0 128.0 125.0 165.0 124.0 160.0 164.0 160.0 163.0 200.0 208.0 202.0 160.0 170.0 166.0 22.0 31.0 30.0 71.0 72.0 75.0 106.0 81.0 80.0 83.0 89.0 60.0 36.0 62.0 63.0 6.0 1.0 0.0 50.0 33.0 27.0 43.0 68.0 40.0 79.0
104 217.0 191.0 169.0 166.0 184.0 165.0 166.0 226.0 195.0 162.0 151.0 153.0 149.0 190.0 149.0 185.0 185.0 185.0 172.0 209.0 217.0 211.0 173.0 182.0 185.0 47.0 48.0 72.0 101.0 102.0 104.0 136.0 111.0 109.0 113.0 119.0 90.0 18.0 92.0 92.0 45.0 49.0 48.0 0.0 18.0 24.0 19.0 31.0 24.0 63.0
105 206.0 180.0 158.0 155.0 173.0 154.0 154.0 214.0 184.0 151.0 140.0 142.0 138.0 179.0 137.0 174.0 177.0 174.0 169.0 206.0 214.0 208.0 170.0 179.0 180.0 36.0 37.0 61.0 90.0 91.0 93.0 125.0 100.0 98.0 101.0 107.0 78.0 8.0 81.0 81.0 28.0 33.0 32.0 18.0 0.0 7.0 22.0 39.0 19.0 58.0
106 211.0 185.0 163.0 160.0 178.0 159.0 159.0 219.0 189.0 156.0 145.0 147.0 143.0 184.0 142.0 179.0 183.0 179.0 174.0 211.0 219.0 213.0 175.0 184.0 185.0 41.0 42.0 56.0 95.0 96.0 98.0 130.0 105.0 103.0 107.0 113.0 84.0 12.0 86.0 86.0 21.0 27.0 26.0 25.0 7.0 0.0 16.0 43.0 13.0 52.0
110 224.0 198.0 176.0 173.0 191.0 173.0 173.0 233.0 203.0 169.0 158.0 160.0 157.0 198.0 156.0 192.0 190.0 192.0 178.0 214.0 223.0 216.0 178.0 187.0 190.0 54.0 55.0 73.0 108.0 109.0 111.0 143.0 118.0 117.0 120.0 126.0 97.0 19.0 99.0 100.0 37.0 44.0 43.0 19.0 22.0 17.0 0.0 31.0 5.0 45.0
111 241.0 216.0 194.0 191.0 209.0 191.0 191.0 251.0 220.0 187.0 176.0 178.0 174.0 198.0 174.0 189.0 185.0 189.0 172.0 209.0 218.0 211.0 173.0 182.0 185.0 72.0 73.0 97.0 126.0 127.0 129.0 161.0 136.0 134.0 138.0 144.0 115.0 36.0 117.0 118.0 63.0 67.0 66.0 27.0 38.0 42.0 31.0 0.0 36.0 75.0
114 221.0 195.0 173.0 170.0 188.0 169.0 170.0 230.0 199.0 166.0 155.0 157.0 153.0 194.0 153.0 189.0 193.0 189.0 183.0 219.0 228.0 221.0 183.0 193.0 195.0 51.0 52.0 70.0 105.0 106.0 108.0 140.0 115.0 113.0 117.0 123.0 94.0 15.0 96.0 96.0 34.0 41.0 40.0 24.0 19.0 13.0 5.0 36.0 0.0 39.0
116 260.0 234.0 212.0 209.0 227.0 208.0 208.0 268.0 238.0 204.0 193.0 196.0 192.0 227.0 191.0 218.0 214.0 218.0 201.0 238.0 247.0 240.0 202.0 211.0 214.0 89.0 90.0 109.0 144.0 145.0 147.0 179.0 153.0 152.0 155.0 161.0 132.0 54.0 134.0 135.0 73.0 79.0 78.0 62.0 57.0 52.0 44.0 74.0 39.0 0.0

#distancia viaje entre puentes y alojamientos
: 123 124 127 128 129 131 134 137 140 143 144 146:=
3 106.0 93.0 31.0 34.0 53.0 226.0 220.0 129.0 133.0 118.0 120.0 192.0
4 86.0 109.0 40.0 8.0 28.0 200.0 194.0 103.0 107.0 92.0 94.0 166.0
8 63.0 132.0 51.0 17.0 5.0 178.0 172.0 81.0 85.0 70.0 71.0 144.0
10 61.0 130.0 49.0 21.0 3.0 175.0 169.0 78.0 82.0 67.0 69.0 141.0
13 79.0 135.0 39.0 21.0 21.0 193.0 187.0 96.0 100.0 85.0 87.0 159.0
14 72.0 141.0 72.0 40.0 22.0 174.0 168.0 65.0 69.0 55.0 56.0 140.0
15 60.0 129.0 60.0 28.0 10.0 174.0 168.0 78.0 81.0 67.0 68.0 140.0
16 120.0 111.0 12.0 45.0 62.0 234.0 228.0 137.0 141.0 126.0 128.0 200.0
17 89.0 129.0 20.0 14.0 32.0 204.0 198.0 107.0 111.0 96.0 98.0 170.0
20 36.0 73.0 101.0 70.0 81.0 171.0 165.0 83.0 87.0 89.0 90.0 137.0
21 23.0 60.0 110.0 79.0 70.0 160.0 154.0 72.0 76.0 77.0 79.0 126.0
25 26.0 71.0 123.0 91.0 73.0 163.0 157.0 75.0 79.0 81.0 82.0 129.0
28 22.0 68.0 119.0 87.0 69.0 159.0 153.0 72.0 75.0 77.0 78.0 125.0
33 63.0 50.0 73.0 67.0 86.0 200.0 194.0 112.0 116.0 117.0 119.0 165.0
36 19.0 66.0 116.0 85.0 66.0 156.0 150.0 69.0 73.0 74.0 75.0 122.0
39 58.0 31.0 98.0 92.0 105.0 195.0 188.0 107.0 111.0 112.0 114.0 160.0
44 61.0 27.0 101.0 95.0 108.0 197.0 192.0 110.0 114.0 115.0 117.0 163.0
45 58.0 31.0 98.0 92.0 104.0 194.0 188.0 107.0 111.0 112.0 114.0 160.0
48 69.0 23.0 113.0 106.0 116.0 185.0 180.0 118.0 122.0 124.0 125.0 154.0
49 123.0 43.0 165.0 159.0 170.0 247.0 243.0 172.0 176.0 178.0 179.0 216.0
50 106.0 26.0 148.0 142.0 153.0 230.0 226.0 155.0 159.0 160.0 162.0 199.0
52 121.0 42.0 163.0 157.0 168.0 245.0 241.0 171.0 175.0 176.0 177.0 215.0
59 57.0 31.0 101.0 95.0 104.0 185.0 181.0 106.0 110.0 112.0 113.0 154.0
62 67.0 23.0 108.0 102.0 114.0 194.0 190.0 116.0 120.0 122.0 123.0 164.0
64 63.0 27.0 103.0 97.0 110.0 197.0 193.0 112.0 116.0 117.0 119.0 166.0
70 92.0 161.0 168.0 136.0 118.0 55.0 49.0 52.0 49.0 76.0 78.0 21.0
71 92.0 161.0 168.0 136.0 118.0 57.0 50.0 53.0 51.0 78.0 79.0 24.0
73 95.0 165.0 168.0 137.0 118.0 74.0 68.0 39.0 37.0 64.0 66.0 46.0
74 58.0 129.0 126.0 94.0 76.0 110.0 104.0 2.0 6.0 22.0 23.0 76.0
75 59.0 129.0 125.0 94.0 75.0 111.0 105.0 2.0 6.0 21.0 23.0 77.0
77 55.0 125.0 128.0 96.0 78.0 114.0 108.0 10.0 14.0 31.0 32.0 79.0
81 61.0 130.0 104.0 73.0 54.0 152.0 146.0 44.0 48.0 33.0 35.0 118.0
85 59.0 129.0 118.0 87.0 68.0 120.0 114.0 11.0 15.0 17.0 18.0 86.0
86 62.0 132.0 119.0 87.0 69.0 118.0 112.0 9.0 13.0 15.0 16.0 83.0
87 62.0 131.0 114.0 83.0 64.0 122.0 116.0 13.0 17.0 10.0 12.0 88.0
88 55.0 124.0 108.0 77.0 58.0 128.0 122.0 19.0 23.0 11.0 12.0 94.0
89 90.0 160.0 161.0 129.0 111.0 96.0 89.0 34.0 31.0 57.0 58.0 61.0
92 132.0 195.0 209.0 177.0 159.0 20.0 14.0 92.0 90.0 117.0 119.0 36.0
96 63.0 133.0 135.0 104.0 85.0 103.0 97.0 10.0 12.0 31.0 33.0 69.0
98 61.0 132.0 134.0 103.0 84.0 102.0 96.0 9.0 11.0 30.0 32.0 67.0
100 119.0 189.0 196.0 164.0 146.0 38.0 31.0 74.0 72.0 99.0 101.0 17.0
101 112.0 182.0 189.0 157.0 139.0 45.0 39.0 67.0 65.0 92.0 94.0 17.0
103 114.0 183.0 190.0 158.0 140.0 44.0 38.0 69.0 66.0 93.0 95.0 16.0
104 138.0 192.0 215.0 183.0 165.0 28.0 24.0 98.0 96.0 123.0 125.0 44.0
105 127.0 189.0 204.0 172.0 154.0 23.0 17.0 87.0 85.0 112.0 113.0 33.0
106 132.0 194.0 209.0 177.0 159.0 17.0 11.0 92.0 90.0 117.0 118.0 27.0
110 146.0 198.0 222.0 190.0 172.0 9.0 6.0 106.0 103.0 130.0 132.0 43.0
111 163.0 192.0 240.0 208.0 190.0 40.0 36.0 123.0 121.0 148.0 150.0 67.0
114 142.0 203.0 219.0 187.0 169.0 4.0 2.0 102.0 100.0 127.0 129.0 40.0
116 181.0 222.0 257.0 226.0 207.0 39.0 41.0 141.0 139.0 166.0 167.0 79.0

#distancia entre alojamientos y puentes
: 3 4 8 10 13 14 15 16 17 20 21 25 28 33 36 39 44 45 48 49 50 52 59 62 64 70 71 73 74 75 77 81 85 86 87 88 89 92 96 98 100 101 103 104 105 106 110 111 114 116:=
123 106.0 85.0 63.0 60.0 78.0 72.0 60.0 120.0 89.0 36.0 23.0 26.0 22.0 63.0 21.0 58.0 61.0 58.0 69.0 98.0 106.0 99.0 57.0 68.0 64.0 92.0 92.0 96.0 59.0 59.0 55.0 54.0 60.0 63.0 62.0 56.0 90.0 133.0 65.0 62.0 120.0 113.0 114.0 139.0 128.0 132.0 147.0 165.0 144.0 183.0
124 92.0 108.0 132.0 129.0 135.0 141.0 128.0 111.0 128.0 72.0 60.0 72.0 69.0 50.0 65.0 31.0 27.0 31.0 23.0 18.0 26.0 19.0 31.0 23.0 27.0 161.0 161.0 166.0 129.0 130.0 125.0 123.0 130.0 133.0 132.0 125.0 160.0 192.0 136.0 132.0 189.0 182.0 183.0 179.0 187.0 191.0 195.0 190.0 201.0 218.0
127 31.0 40.0 51.0 49.0 38.0 72.0 59.0 12.0 20.0 101.0 110.0 123.0 119.0 73.0 118.0 99.0 102.0 98.0 112.0 140.0 148.0 142.0 101.0 109.0 104.0 168.0 168.0 167.0 124.0 124.0 126.0 96.0 115.0 117.0 113.0 107.0 159.0 209.0 137.0 133.0 196.0 189.0 190.0 215.0 204.0 208.0 223.0 241.0 219.0 259.0
128 34.0 8.0 17.0 21.0 21.0 40.0 28.0 45.0 14.0 70.0 79.0 91.0 88.0 67.0 87.0 92.0 95.0 92.0 106.0 134.0 142.0 135.0 94.0 102.0 98.0 137.0 137.0 136.0 93.0 92.0 95.0 65.0 83.0 86.0 82.0 76.0 127.0 178.0 105.0 102.0 164.0 157.0 159.0 183.0 173.0 177.0 191.0 210.0 188.0 228.0
129 53.0 28.0 5.0 2.0 20.0 22.0 10.0 62.0 31.0 82.0 71.0 73.0 69.0 86.0 68.0 105.0 109.0 105.0 116.0 145.0 153.0 147.0 105.0 115.0 111.0 118.0 118.0 118.0 75.0 74.0 77.0 47.0 65.0 67.0 63.0 57.0 109.0 160.0 87.0 83.0 146.0 139.0 140.0 165.0 154.0 159.0 173.0 191.0 170.0 209.0
131 225.0 199.0 177.0 174.0 192.0 173.0 173.0 234.0 203.0 170.0 159.0 161.0 157.0 198.0 156.0 193.0 197.0 193.0 186.0 223.0 232.0 225.0 187.0 196.0 199.0 55.0 56.0 74.0 109.0 110.0 112.0 144.0 119.0 117.0 121.0 127.0 98.0 19.0 100.0 100.0 38.0 45.0 43.0 28.0 22.0 17.0 9.0 40.0 4.0 40.0
134 219.0 193.0 170.0 168.0 186.0 167.0 167.0 227.0 197.0 163.0 152.0 155.0 151.0 192.0 150.0 187.0 190.0 187.0 182.0 219.0 227.0 221.0 183.0 192.0 192.0 48.0 49.0 68.0 103.0 103.0 106.0 137.0 112.0 111.0 114.0 120.0 91.0 13.0 93.0 94.0 32.0 38.0 37.0 24.0 16.0 11.0 6.0 36.0 2.0 42.0
137 130.0 104.0 82.0 79.0 97.0 66.0 79.0 139.0 108.0 83.0 72.0 75.0 71.0 112.0 70.0 107.0 110.0 107.0 118.0 146.0 155.0 148.0 106.0 116.0 112.0 52.0 53.0 40.0 2.0 2.0 6.0 37.0 11.0 10.0 13.0 20.0 34.0 93.0 12.0 10.0 75.0 68.0 69.0 99.0 88.0 92.0 107.0 125.0 103.0 143.0
140 134.0 108.0 86.0 83.0 101.0 70.0 82.0 142.0 112.0 87.0 76.0 78.0 75.0 116.0 74.0 110.0 114.0 110.0 122.0 150.0 158.0 152.0 110.0 120.0 116.0 50.0 51.0 37.0 5.0 6.0 10.0 40.0 15.0 14.0 17.0 24.0 31.0 91.0 13.0 10.0 73.0 66.0 67.0 96.0 86.0 90.0 104.0 123.0 101.0 141.0
143 119.0 94.0 71.0 69.0 87.0 56.0 68.0 128.0 98.0 88.0 77.0 80.0 76.0 117.0 75.0 111.0 115.0 111.0 123.0 151.0 160.0 153.0 111.0 121.0 117.0 77.0 79.0 65.0 22.0 21.0 27.0 26.0 17.0 15.0 11.0 11.0 56.0 118.0 34.0 31.0 100.0 93.0 94.0 124.0 113.0 117.0 132.0 150.0 129.0 168.0
144 121.0 95.0 73.0 70.0 88.0 57.0 69.0 129.0 99.0 89.0 78.0 81.0 77.0 118.0 76.0 113.0 116.0 113.0 124.0 153.0 161.0 154.0 112.0 122.0 118.0 78.0 80.0 66.0 23.0 23.0 28.0 27.0 18.0 16.0 12.0 12.0 58.0 120.0 36.0 33.0 101.0 94.0 96.0 125.0 114.0 119.0 133.0 151.0 130.0 169.0
146 192.0 167.0 144.0 142.0 160.0 141.0 141.0 201.0 171.0 137.0 126.0 129.0 125.0 166.0 124.0 160.0 164.0 160.0 157.0 194.0 202.0 196.0 158.0 167.0 166.0 22.0 24.0 45.0 76.0 77.0 80.0 111.0 86.0 85.0 88.0 94.0 65.0 36.0 67.0 68.0 18.0 16.0 15.0 43.0 33.0 27.0 43.0 68.0 40.0 80.0

#distancia entre depositos y puentes
: 3 4 8 10 13 14 15 16 17 20 21 25 28 33 36 39 44 45 48 49 50 52 59 62 64 70 71 73 74 75 77 81 85 86 87 88 89 92 96 98 100 101 103 104 105 106 110 111 114 116:=
0 59.0 75.0 99.0 96.0 101.0 108.0 96.0 77.0 95.0 39.0 27.0 39.0 36.0 16.0 33.0 10.0 14.0 10.0 23.0 51.0 60.0 53.0 13.0 20.0 16.0 129.0 130.0 133.0 96.0 97.0 92.0 91.0 97.0 101.0 99.0 92.0 128.0 171.0 103.0 99.0 157.0 150.0 151.0 170.0 165.0 170.0 184.0 180.0 181.0 208.0
1 151.0 125.0 103.0 100.0 118.0 87.0 100.0 160.0 130.0 102.0 91.0 94.0 90.0 131.0 89.0 126.0 129.0 126.0 135.0 166.0 174.0 167.0 125.0 135.0 131.0 38.0 40.0 26.0 23.0 24.0 27.0 58.0 33.0 31.0 35.0 41.0 12.0 80.0 16.0 17.0 61.0 54.0 55.0 85.0 74.0 79.0 93.0 111.0 90.0 129.0

#distancia entre puentes y depositos
: 0 1:=
3 59.0 150.0
4 75.0 124.0
8 99.0 102.0
10 97.0 99.0
13 101.0 117.0
14 108.0 86.0
15 96.0 99.0
16 77.0 158.0
17 95.0 128.0
20 40.0 103.0
21 27.0 91.0
25 38.0 94.0
28 35.0 91.0
33 16.0 131.0
36 33.0 88.0
39 10.0 126.0
44 13.0 129.0
45 10.0 126.0
48 24.0 134.0
49 77.0 191.0
50 59.0 174.0
52 75.0 190.0
59 12.0 126.0
62 20.0 136.0
64 15.0 131.0
70 128.0 38.0
71 129.0 39.0
73 132.0 26.0
74 96.0 23.0
75 96.0 24.0
77 92.0 29.0
81 97.0 65.0
85 96.0 32.0
86 99.0 30.0
87 98.0 34.0
88 91.0 40.0
89 127.0 12.0
92 169.0 79.0
96 100.0 18.0
98 99.0 17.0
100 156.0 60.0
101 149.0 54.0
103 150.0 55.0
104 175.0 85.0
105 164.0 73.0
106 169.0 78.0
110 182.0 92.0
111 183.0 110.0
114 179.0 89.0
116 212.0 127.0

;