set O:= 0 1;
set N:= 2 8 22 33 36 48 49 50 52 64 88 92 100 108 114;
set M:= 123 128 130 140 147;
set K:= 1 2 3;
param D:= 100;
param Q:= 540;
param v:= 2000000;
param f:= 
123 26037
128 39740
130 45000
140 48596
147 45000
;
param:	xcoord ycoord w q:=
0 -32.75044 -70.72613 0 1 
1 -33.0433 -71.624 0 1 
2 -32.5191 -70.92373 38 1 
8 -32.44708 -71.19315 110 1 
22 -32.75643 -70.94537 48 1 
33 -32.62252 -70.72251 72 1 
36 -32.83944 -71.00021 66 1 
48 -32.88608 -70.59211 103 1 
49 -32.90731 -70.28602 104 1 
50 -32.87857 -70.20821 39 1 
52 -32.90338 -70.26912 86 1 
64 -32.75022 -70.59169 119 1 
88 -32.80869 -71.44189 36 1 
92 -33.58655 -71.52943 57 1 
100 -33.38903 -71.69158 108 1 
108 -33.44564 -71.67852 41 1 
114 -33.63163 -71.61037 97 1 
123 -32.88254 -71.09009 0 1 
128 -32.43019 -71.07467 0 1 
130 -33.65802 -71.56785 0 1 
140 -32.93024 -71.55027 0 1 
147 -33.32534 -71.38598 0 1 
;
param d[*,*]
#distancia de viaje entre puentes
: 2 8 22 33 36 48 49 50 52 64 88 92 100 108 114:=
2 0.0 41.0 50.0 43.0 63.0 82.0 110.0 118.0 112.0 74.0 99.0 200.0 186.0 193.0 210.0
8 41.0 0.0 79.0 84.0 73.0 120.0 149.0 157.0 151.0 115.0 61.0 164.0 150.0 157.0 174.0
22 50.0 78.0 0.0 42.0 13.0 54.0 82.0 91.0 84.0 48.0 72.0 150.0 137.0 143.0 160.0
33 43.0 84.0 42.0 0.0 47.0 39.0 67.0 75.0 68.0 31.0 107.0 186.0 172.0 179.0 196.0
36 64.0 70.0 14.0 48.0 0.0 54.0 83.0 91.0 84.0 48.0 64.0 142.0 129.0 135.0 152.0
48 83.0 120.0 54.0 39.0 54.0 0.0 40.0 48.0 42.0 18.0 113.0 172.0 169.0 173.0 181.0
49 135.0 174.0 108.0 92.0 108.0 66.0 0.0 8.0 2.0 69.0 167.0 235.0 231.0 235.0 243.0
50 118.0 157.0 91.0 75.0 91.0 48.0 12.0 0.0 14.0 52.0 150.0 217.0 214.0 218.0 226.0
52 133.0 172.0 106.0 90.0 106.0 64.0 2.0 7.0 0.0 67.0 166.0 233.0 229.0 233.0 241.0
64 73.0 114.0 48.0 30.0 48.0 18.0 44.0 52.0 46.0 0.0 107.0 185.0 172.0 179.0 193.0
88 100.0 62.0 71.0 106.0 65.0 112.0 141.0 149.0 143.0 107.0 0.0 114.0 95.0 102.0 124.0
92 199.0 163.0 149.0 184.0 143.0 175.0 211.0 220.0 213.0 185.0 113.0 0.0 32.0 26.0 16.0
100 185.0 150.0 136.0 171.0 129.0 169.0 206.0 214.0 208.0 172.0 95.0 32.0 0.0 7.0 33.0
108 192.0 157.0 143.0 178.0 136.0 175.0 211.0 220.0 213.0 179.0 102.0 25.0 7.0 0.0 27.0
114 209.0 173.0 159.0 194.0 153.0 183.0 219.0 228.0 221.0 195.0 123.0 15.0 34.0 27.0 0.0

#distancia viaje entre puentes y alojamientos
: 123 128 130 140 147:=
2 78.0 24.0 216.0 123.0 164.0
8 63.0 17.0 180.0 85.0 128.0
22 29.0 74.0 166.0 81.0 115.0
33 63.0 67.0 202.0 116.0 150.0
36 19.0 85.0 158.0 73.0 107.0
48 69.0 106.0 178.0 122.0 139.0
49 123.0 159.0 240.0 176.0 201.0
50 106.0 142.0 223.0 159.0 184.0
52 121.0 157.0 239.0 175.0 199.0
64 63.0 97.0 191.0 116.0 151.0
88 55.0 77.0 130.0 23.0 79.0
92 132.0 177.0 22.0 90.0 40.0
100 119.0 164.0 39.0 72.0 39.0
108 126.0 171.0 32.0 79.0 40.0
114 142.0 187.0 8.0 100.0 50.0

#distancia entre alojamientos y puentes
: 2 8 22 33 36 48 49 50 52 64 88 92 100 108 114:=
123 79.0 63.0 29.0 63.0 21.0 69.0 98.0 106.0 99.0 64.0 56.0 133.0 120.0 127.0 144.0
128 24.0 17.0 74.0 67.0 87.0 106.0 134.0 142.0 135.0 98.0 76.0 178.0 164.0 171.0 188.0
130 214.0 179.0 165.0 200.0 158.0 180.0 217.0 225.0 219.0 193.0 129.0 21.0 40.0 33.0 8.0
140 123.0 86.0 80.0 116.0 74.0 122.0 150.0 158.0 152.0 116.0 24.0 91.0 73.0 80.0 101.0
147 163.0 127.0 113.0 149.0 107.0 142.0 179.0 187.0 181.0 149.0 78.0 41.0 39.0 41.0 51.0

#distancia entre depositos y puentes
: 2 8 22 33 36 48 49 50 52 64 88 92 100 108 114:=
0 60.0 99.0 33.0 16.0 33.0 23.0 51.0 60.0 53.0 16.0 92.0 171.0 157.0 164.0 181.0
1 141.0 103.0 96.0 131.0 89.0 135.0 166.0 174.0 167.0 131.0 41.0 80.0 61.0 68.0 90.0

#distancia entre puentes y depositos
: 0 1:=
2 59.0 140.0
8 99.0 102.0
22 33.0 96.0
33 16.0 131.0
36 33.0 88.0
48 24.0 134.0
49 77.0 191.0
50 59.0 174.0
52 75.0 190.0
64 15.0 131.0
88 91.0 40.0
92 169.0 79.0
100 156.0 60.0
108 163.0 67.0
114 179.0 89.0

;