set O:= 0 1;
set N:= 2 8 13 17 21 33 44 45 50 51 73 76 78 81 85 87 100 104 108 115;
set M:= 123 127 129 144 147;
set K:= 1 2 3;
param D:= 100;
param Q:= 540;
param v:= 2000000;
param f:= 
123 26037
127 25694
129 42028
144 52000
147 45000
;
param:	xcoord ycoord w q:=
0 -32.75044 -70.72613 0 1 
1 -33.0433 -71.624 0 1 
2 -32.5191 -70.92373 38 1 
8 -32.44708 -71.19315 110 1 
13 -32.34055 -71.17481 99 1 
17 -32.34859 -71.07237 51 1 
21 -32.80094 -70.95847 94 1 
33 -32.62252 -70.72251 72 1 
44 -32.76742 -70.61154 38 1 
45 -32.74039 -70.64 42 1 
50 -32.87857 -70.20821 39 1 
51 -32.90645 -70.28716 50 1 
73 -33.20765 -71.57225 80 1 
76 -32.93269 -71.43975 112 1 
78 -32.93288 -71.46643 63 1 
81 -32.68399 -71.39191 70 1 
85 -32.8625 -71.46772 106 1 
87 -32.83144 -71.47526 89 1 
100 -33.38903 -71.69158 108 1 
104 -33.61332 -71.40226 39 1 
108 -33.44564 -71.67852 41 1 
115 -33.93803 -71.7365 56 1 
123 -32.88254 -71.09009 0 1 
127 -32.24898 -70.9333 0 1 
129 -32.44456 -71.22894 0 1 
144 -32.77144 -71.53401 0 1 
147 -33.32534 -71.38598 0 1 
;
param d[*,*]
#distancia de viaje entre puentes
: 2 8 13 17 21 33 44 45 50 51 73 76 78 81 85 87 100 104 108 115:=
2 0.0 41.0 42.0 35.0 56.0 43.0 72.0 68.0 118.0 110.0 160.0 115.0 118.0 89.0 107.0 105.0 186.0 205.0 193.0 257.0
8 41.0 0.0 20.0 32.0 75.0 84.0 112.0 109.0 157.0 149.0 122.0 77.0 80.0 51.0 69.0 67.0 150.0 169.0 157.0 221.0
13 42.0 20.0 0.0 19.0 90.0 85.0 113.0 110.0 160.0 152.0 137.0 93.0 95.0 66.0 85.0 83.0 166.0 184.0 172.0 237.0
17 35.0 31.0 19.0 0.0 91.0 79.0 107.0 104.0 154.0 145.0 148.0 103.0 106.0 77.0 95.0 93.0 176.0 195.0 183.0 247.0
21 55.0 74.0 89.0 91.0 0.0 40.0 40.0 37.0 85.0 76.0 108.0 64.0 66.0 65.0 72.0 74.0 132.0 151.0 139.0 203.0
33 43.0 84.0 85.0 79.0 40.0 0.0 28.0 25.0 75.0 67.0 148.0 104.0 106.0 105.0 112.0 114.0 172.0 184.0 179.0 237.0
44 71.0 112.0 113.0 106.0 40.0 28.0 0.0 6.0 53.0 44.0 146.0 102.0 104.0 103.0 110.0 112.0 170.0 172.0 177.0 225.0
45 68.0 109.0 110.0 103.0 36.0 25.0 6.0 0.0 56.0 48.0 143.0 99.0 101.0 100.0 107.0 109.0 167.0 175.0 174.0 228.0
50 118.0 157.0 160.0 153.0 85.0 75.0 52.0 56.0 0.0 8.0 191.0 147.0 150.0 149.0 155.0 157.0 214.0 205.0 218.0 257.0
51 109.0 148.0 151.0 145.0 76.0 66.0 44.0 47.0 8.0 0.0 183.0 139.0 141.0 140.0 147.0 149.0 205.0 196.0 209.0 249.0
73 160.0 122.0 138.0 149.0 108.0 147.0 146.0 142.0 190.0 182.0 0.0 44.0 42.0 77.0 52.0 54.0 36.0 72.0 43.0 117.0
76 116.0 78.0 94.0 105.0 64.0 104.0 102.0 98.0 147.0 138.0 44.0 0.0 3.0 33.0 11.0 18.0 80.0 103.0 87.0 155.0
78 119.0 81.0 96.0 107.0 67.0 106.0 105.0 101.0 149.0 141.0 42.0 3.0 0.0 36.0 14.0 16.0 78.0 101.0 85.0 153.0
81 96.0 59.0 74.0 85.0 73.0 112.0 111.0 107.0 155.0 147.0 85.0 40.0 43.0 0.0 32.0 31.0 120.0 143.0 127.0 196.0
85 110.0 73.0 88.0 99.0 72.0 111.0 110.0 106.0 154.0 146.0 52.0 10.0 13.0 27.0 0.0 7.0 88.0 111.0 94.0 163.0
87 106.0 69.0 84.0 95.0 74.0 113.0 112.0 108.0 156.0 148.0 54.0 17.0 16.0 23.0 7.0 0.0 90.0 113.0 96.0 165.0
100 185.0 150.0 165.0 176.0 132.0 171.0 170.0 166.0 214.0 206.0 36.0 79.0 77.0 112.0 87.0 89.0 0.0 45.0 7.0 81.0
104 205.0 169.0 184.0 195.0 151.0 190.0 185.0 185.0 217.0 209.0 72.0 103.0 101.0 136.0 111.0 113.0 45.0 0.0 38.0 71.0
108 192.0 157.0 172.0 183.0 139.0 178.0 177.0 173.0 220.0 211.0 43.0 86.0 84.0 119.0 94.0 96.0 7.0 39.0 0.0 74.0
115 256.0 220.0 236.0 247.0 202.0 241.0 228.0 231.0 260.0 252.0 117.0 154.0 152.0 187.0 162.0 164.0 81.0 71.0 74.0 0.0

#distancia viaje entre puentes y alojamientos
: 123 127 129 144 147:=
2 78.0 55.0 43.0 109.0 164.0
8 63.0 51.0 5.0 71.0 128.0
13 79.0 39.0 21.0 87.0 144.0
17 89.0 20.0 32.0 98.0 155.0
21 23.0 110.0 70.0 79.0 110.0
33 63.0 73.0 86.0 119.0 150.0
44 61.0 101.0 108.0 117.0 148.0
45 58.0 98.0 104.0 114.0 145.0
50 106.0 148.0 153.0 162.0 184.0
51 97.0 139.0 144.0 153.0 175.0
73 95.0 168.0 118.0 66.0 32.0
76 51.0 124.0 74.0 28.0 64.0
78 54.0 127.0 77.0 28.0 62.0
81 61.0 104.0 54.0 35.0 104.0
85 59.0 118.0 68.0 18.0 72.0
87 62.0 114.0 64.0 12.0 74.0
100 119.0 196.0 146.0 101.0 39.0
104 138.0 215.0 165.0 125.0 46.0
108 126.0 203.0 153.0 107.0 40.0
115 190.0 266.0 216.0 176.0 97.0

#distancia entre alojamientos y puentes
: 2 8 13 17 21 33 44 45 50 51 73 76 78 81 85 87 100 104 108 115:=
123 79.0 63.0 78.0 89.0 23.0 63.0 61.0 58.0 106.0 98.0 96.0 52.0 54.0 54.0 60.0 62.0 120.0 139.0 127.0 191.0
127 55.0 51.0 38.0 20.0 110.0 73.0 102.0 98.0 148.0 140.0 167.0 123.0 125.0 96.0 115.0 113.0 196.0 215.0 203.0 267.0
129 43.0 5.0 20.0 31.0 71.0 86.0 109.0 105.0 153.0 145.0 118.0 73.0 76.0 47.0 65.0 63.0 146.0 165.0 153.0 217.0
144 110.0 73.0 88.0 99.0 78.0 118.0 116.0 113.0 161.0 152.0 66.0 28.0 28.0 27.0 18.0 12.0 101.0 125.0 108.0 177.0
147 163.0 127.0 143.0 154.0 109.0 149.0 147.0 143.0 187.0 179.0 32.0 62.0 60.0 95.0 70.0 72.0 39.0 46.0 41.0 98.0

#distancia entre depositos y puentes
: 2 8 13 17 21 33 44 45 50 51 73 76 78 81 85 87 100 104 108 115:=
0 60.0 99.0 101.0 95.0 27.0 16.0 14.0 10.0 60.0 51.0 133.0 89.0 92.0 91.0 97.0 99.0 157.0 170.0 164.0 222.0
1 141.0 103.0 118.0 130.0 91.0 131.0 129.0 126.0 174.0 165.0 26.0 27.0 25.0 58.0 33.0 35.0 61.0 85.0 68.0 137.0

#distancia entre puentes y depositos
: 0 1:=
2 59.0 140.0
8 99.0 102.0
13 101.0 117.0
17 95.0 128.0
21 27.0 91.0
33 16.0 131.0
44 13.0 129.0
45 10.0 126.0
50 59.0 174.0
51 51.0 166.0
73 132.0 26.0
76 89.0 27.0
78 91.0 25.0
81 97.0 65.0
85 96.0 32.0
87 98.0 34.0
100 156.0 60.0
104 175.0 85.0
108 163.0 67.0
115 225.0 136.0

;