set O:= 0 1;
set N:= 14 20 22 26 29 48 84 92 111 115;
set M:= 122 127 134 140;
set K:= 1 2 3;
param D:= 100;
param Q:= 540;
param v:= 2000000;
param f:= 
122 24000
127 25694
134 96841
140 48596
;
param:	xcoord ycoord w q:=
0 -32.75044 -70.72613 0 1 
1 -33.0433 -71.624 0 1 
14 -32.51115 -71.42049 30 1 
20 -32.69998 -70.93128 51 1 
22 -32.75643 -70.94537 48 1 
26 -32.84855 -70.98046 116 1 
29 -32.58297 -70.73334 108 1 
48 -32.88608 -70.59211 103 1 
84 -32.86028 -71.45447 70 1 
92 -33.58655 -71.52943 57 1 
111 -33.77523 -71.42462 65 1 
115 -33.93803 -71.7365 56 1 
122 -32.77961 -70.95976 0 1 
127 -32.24898 -70.9333 0 1 
134 -33.61172 -71.60733 0 1 
140 -32.93024 -71.55027 0 1 
;
param d[*,*]
#distancia de viaje entre puentes
: 14 20 22 26 29 48 84 92 111 115:=
14 0.0 94.0 87.0 78.0 105.0 129.0 52.0 160.0 192.0 217.0
20 94.0 0.0 7.0 20.0 54.0 61.0 82.0 157.0 189.0 214.0
22 87.0 7.0 0.0 13.0 47.0 54.0 75.0 150.0 182.0 208.0
26 85.0 26.0 20.0 0.0 59.0 58.0 73.0 148.0 180.0 205.0
29 105.0 54.0 47.0 53.0 0.0 45.0 117.0 191.0 201.0 243.0
48 129.0 61.0 54.0 53.0 45.0 0.0 117.0 172.0 170.0 212.0
84 53.0 82.0 75.0 65.0 116.0 117.0 0.0 107.0 139.0 165.0
92 160.0 156.0 149.0 139.0 190.0 175.0 107.0 0.0 36.0 63.0
111 191.0 187.0 180.0 170.0 203.0 172.0 138.0 36.0 0.0 83.0
115 217.0 213.0 206.0 196.0 247.0 215.0 164.0 63.0 83.0 0.0

#distancia viaje entre puentes y alojamientos
: 122 127 134 140:=
14 84.0 72.0 168.0 69.0
20 10.0 101.0 165.0 87.0
22 4.0 105.0 158.0 81.0
26 16.0 122.0 156.0 78.0
29 44.0 71.0 199.0 122.0
48 50.0 113.0 180.0 122.0
84 72.0 115.0 115.0 17.0
92 146.0 209.0 14.0 90.0
111 177.0 240.0 36.0 121.0
115 203.0 266.0 50.0 147.0

#distancia entre alojamientos y puentes
: 14 20 22 26 29 48 84 92 111 115:=
122 84.0 10.0 3.0 10.0 44.0 50.0 73.0 147.0 179.0 205.0
127 72.0 101.0 105.0 115.0 71.0 112.0 113.0 209.0 241.0 267.0
134 167.0 163.0 157.0 147.0 197.0 182.0 114.0 13.0 36.0 50.0
140 70.0 87.0 80.0 70.0 121.0 122.0 17.0 91.0 123.0 148.0

#distancia entre depositos y puentes
: 14 20 22 26 29 48 84 92 111 115:=
0 108.0 39.0 33.0 32.0 22.0 23.0 96.0 171.0 180.0 222.0
1 87.0 102.0 96.0 86.0 136.0 135.0 35.0 80.0 111.0 137.0

#distancia entre puentes y depositos
: 0 1:=
14 108.0 86.0
20 40.0 103.0
22 33.0 96.0
26 38.0 93.0
29 22.0 137.0
48 24.0 134.0
84 95.0 34.0
92 169.0 79.0
111 183.0 110.0
115 225.0 136.0

;