set O:= 0 1;
set N:= 4 10 15 28 32 35 36 39 44 50 52 62 69 70 71 73 77 80 81 84 87 89 101 103 105 106 107 108 109 114;
set M:= 122 124 126 127 129 130 134 137 143 146;
set K:= 1 2 3 4 5;
param D:= 100;
param Q:= 540;
param v:= 2000000;
param f:= 
122 24000
124 63000
126 68517
127 25694
129 42028
130 45000
134 96841
137 27856
143 48720
146 78000
;
param:	xcoord ycoord w q:=
0 -32.75044 -70.72613 0 1 
1 -33.0433 -71.624 0 1 
4 -32.44056 -71.00665 106 1 
10 -32.43335 -71.23322 48 1 
15 -32.44511 -71.32299 71 1 
28 -32.86292 -70.94795 99 1 
32 -32.66447 -70.697 94 1 
35 -32.7126 -70.74393 65 1 
36 -32.83944 -71.00021 66 1 
39 -32.74002 -70.64044 105 1 
44 -32.76742 -70.61154 38 1 
50 -32.87857 -70.20821 39 1 
52 -32.90338 -70.26912 86 1 
62 -32.76924 -70.56035 84 1 
69 -33.37956 -71.38904 76 1 
70 -33.29115 -71.47716 94 1 
71 -33.29475 -71.41066 32 1 
73 -33.20765 -71.57225 80 1 
77 -32.9314 -71.47561 30 1 
80 -32.63102 -71.41979 41 1 
81 -32.68399 -71.39191 70 1 
84 -32.86028 -71.45447 70 1 
87 -32.83144 -71.47526 89 1 
89 -33.10385 -71.66487 64 1 
101 -33.34522 -71.64882 59 1 
103 -33.35491 -71.65289 40 1 
105 -33.53115 -71.54035 119 1 
106 -33.53398 -71.59339 54 1 
107 -33.42116 -71.69462 116 1 
108 -33.44564 -71.67852 41 1 
109 -33.44473 -71.67916 117 1 
114 -33.63163 -71.61037 97 1 
122 -32.77961 -70.95976 0 1 
124 -32.85659 -70.41855 0 1 
126 -32.25311 -70.93619 0 1 
127 -32.24898 -70.9333 0 1 
129 -32.44456 -71.22894 0 1 
130 -33.65802 -71.56785 0 1 
134 -33.61172 -71.60733 0 1 
137 -32.91915 -71.52057 0 1 
143 -32.78349 -71.53032 0 1 
146 -33.38843 -71.53636 0 1 
;
param d[*,*]
#distancia de viaje entre puentes
: 4 10 15 28 32 35 36 39 44 50 52 62 69 70 71 73 77 80 81 84 87 89 101 103 105 106 107 108 109 114:=
4 0.0 29.0 36.0 82.0 66.0 70.0 79.0 84.0 87.0 134.0 127.0 94.0 155.0 145.0 145.0 144.0 103.0 62.0 73.0 90.0 90.0 136.0 166.0 167.0 181.0 185.0 176.0 180.0 179.0 196.0
10 30.0 0.0 11.0 71.0 95.0 100.0 70.0 106.0 110.0 155.0 148.0 116.0 130.0 120.0 120.0 119.0 78.0 37.0 48.0 65.0 65.0 110.0 141.0 142.0 156.0 160.0 151.0 154.0 154.0 171.0
15 37.0 11.0 0.0 70.0 102.0 100.0 69.0 106.0 109.0 154.0 147.0 115.0 129.0 119.0 119.0 118.0 78.0 36.0 48.0 65.0 64.0 110.0 140.0 141.0 155.0 159.0 151.0 154.0 154.0 171.0
28 82.0 71.0 70.0 0.0 48.0 39.0 9.0 45.0 49.0 93.0 87.0 55.0 114.0 104.0 104.0 108.0 67.0 71.0 65.0 70.0 73.0 102.0 125.0 126.0 140.0 144.0 135.0 138.0 138.0 155.0
32 66.0 95.0 102.0 49.0 0.0 9.0 45.0 23.0 26.0 73.0 66.0 33.0 152.0 142.0 142.0 146.0 105.0 109.0 103.0 109.0 112.0 140.0 163.0 164.0 178.0 183.0 174.0 177.0 177.0 194.0
35 70.0 99.0 99.0 40.0 9.0 0.0 37.0 14.0 17.0 64.0 58.0 24.0 143.0 133.0 133.0 137.0 96.0 100.0 94.0 100.0 103.0 132.0 154.0 155.0 169.0 174.0 165.0 168.0 168.0 185.0
36 79.0 68.0 67.0 8.0 46.0 37.0 0.0 43.0 46.0 91.0 84.0 52.0 111.0 101.0 101.0 105.0 64.0 68.0 62.0 67.0 71.0 99.0 122.0 123.0 137.0 141.0 132.0 135.0 135.0 152.0
39 83.0 106.0 105.0 46.0 23.0 14.0 42.0 0.0 6.0 56.0 50.0 11.0 149.0 139.0 139.0 143.0 102.0 106.0 100.0 106.0 109.0 137.0 160.0 161.0 175.0 180.0 171.0 174.0 174.0 191.0
44 87.0 109.0 108.0 49.0 26.0 17.0 45.0 6.0 0.0 53.0 46.0 8.0 152.0 142.0 142.0 146.0 105.0 109.0 103.0 109.0 112.0 140.0 163.0 164.0 178.0 183.0 174.0 177.0 177.0 193.0
50 133.0 154.0 153.0 94.0 73.0 64.0 91.0 56.0 52.0 0.0 14.0 48.0 186.0 186.0 186.0 191.0 150.0 154.0 149.0 154.0 157.0 186.0 207.0 208.0 212.0 217.0 217.0 218.0 218.0 226.0
52 149.0 170.0 169.0 109.0 88.0 79.0 106.0 71.0 68.0 7.0 0.0 63.0 201.0 201.0 202.0 207.0 166.0 170.0 164.0 169.0 173.0 201.0 222.0 223.0 228.0 232.0 232.0 233.0 233.0 241.0
62 94.0 116.0 115.0 55.0 33.0 24.0 52.0 11.0 8.0 48.0 41.0 0.0 151.0 149.0 149.0 153.0 112.0 116.0 110.0 115.0 118.0 147.0 169.0 171.0 177.0 181.0 180.0 183.0 183.0 191.0
69 155.0 130.0 129.0 113.0 152.0 143.0 112.0 148.0 152.0 189.0 182.0 153.0 0.0 16.0 10.0 37.0 69.0 106.0 100.0 77.0 77.0 54.0 34.0 33.0 30.0 34.0 36.0 37.0 37.0 45.0
70 144.0 119.0 119.0 103.0 141.0 133.0 102.0 138.0 142.0 186.0 180.0 148.0 16.0 0.0 10.0 25.0 58.0 95.0 89.0 66.0 66.0 43.0 21.0 22.0 36.0 40.0 32.0 35.0 35.0 52.0
71 145.0 120.0 119.0 103.0 142.0 133.0 102.0 138.0 142.0 187.0 180.0 148.0 10.0 10.0 0.0 27.0 59.0 96.0 90.0 67.0 67.0 44.0 30.0 31.0 37.0 42.0 41.0 43.0 43.0 53.0
73 145.0 120.0 119.0 106.0 145.0 137.0 106.0 142.0 146.0 190.0 184.0 152.0 36.0 25.0 27.0 0.0 45.0 83.0 77.0 54.0 54.0 31.0 29.0 30.0 61.0 57.0 40.0 43.0 43.0 70.0
77 104.0 79.0 79.0 66.0 105.0 96.0 65.0 102.0 106.0 150.0 143.0 112.0 70.0 58.0 60.0 46.0 0.0 42.0 37.0 13.0 20.0 40.0 74.0 76.0 94.0 99.0 85.0 88.0 88.0 110.0
80 62.0 37.0 36.0 69.0 108.0 99.0 68.0 105.0 108.0 153.0 146.0 114.0 106.0 94.0 96.0 82.0 41.0 0.0 11.0 28.0 28.0 74.0 110.0 112.0 130.0 135.0 121.0 124.0 124.0 146.0
81 81.0 56.0 55.0 71.0 110.0 101.0 70.0 107.0 111.0 155.0 148.0 117.0 108.0 97.0 98.0 85.0 44.0 19.0 0.0 31.0 31.0 76.0 113.0 114.0 133.0 137.0 124.0 127.0 127.0 148.0
84 91.0 66.0 65.0 70.0 108.0 100.0 69.0 105.0 109.0 153.0 147.0 115.0 77.0 66.0 68.0 54.0 13.0 29.0 23.0 0.0 8.0 45.0 82.0 83.0 102.0 106.0 93.0 96.0 96.0 118.0
87 91.0 66.0 65.0 72.0 111.0 102.0 71.0 108.0 112.0 156.0 149.0 118.0 78.0 66.0 68.0 54.0 16.0 29.0 23.0 10.0 0.0 46.0 83.0 84.0 102.0 107.0 93.0 96.0 96.0 118.0
89 137.0 112.0 111.0 102.0 141.0 132.0 101.0 137.0 141.0 186.0 179.0 147.0 51.0 40.0 42.0 28.0 39.0 75.0 69.0 46.0 46.0 0.0 56.0 57.0 76.0 81.0 67.0 70.0 70.0 92.0
101 165.0 140.0 140.0 123.0 162.0 153.0 123.0 159.0 163.0 207.0 201.0 169.0 36.0 21.0 30.0 29.0 73.0 111.0 105.0 82.0 82.0 59.0 0.0 1.0 34.0 28.0 11.0 14.0 14.0 41.0
103 166.0 141.0 141.0 125.0 163.0 155.0 124.0 160.0 164.0 208.0 202.0 170.0 34.0 22.0 31.0 30.0 75.0 112.0 106.0 83.0 83.0 60.0 1.0 0.0 33.0 27.0 10.0 13.0 13.0 40.0
105 180.0 155.0 154.0 138.0 177.0 168.0 137.0 174.0 177.0 214.0 208.0 179.0 29.0 36.0 37.0 61.0 93.0 130.0 125.0 101.0 101.0 78.0 33.0 32.0 0.0 7.0 24.0 21.0 21.0 19.0
106 185.0 160.0 159.0 143.0 182.0 173.0 142.0 179.0 183.0 219.0 213.0 184.0 34.0 41.0 42.0 56.0 98.0 135.0 130.0 106.0 107.0 84.0 27.0 26.0 7.0 0.0 17.0 14.0 14.0 13.0
107 176.0 151.0 150.0 134.0 173.0 164.0 133.0 170.0 173.0 218.0 211.0 180.0 36.0 31.0 41.0 40.0 84.0 121.0 116.0 92.0 92.0 69.0 11.0 9.0 24.0 17.0 0.0 3.0 3.0 30.0
108 179.0 154.0 153.0 137.0 176.0 167.0 136.0 173.0 177.0 220.0 213.0 183.0 36.0 35.0 42.0 43.0 87.0 124.0 119.0 95.0 96.0 72.0 14.0 13.0 21.0 14.0 3.0 0.0 0.0 27.0
109 179.0 154.0 153.0 137.0 176.0 167.0 136.0 173.0 176.0 220.0 213.0 183.0 36.0 34.0 42.0 43.0 87.0 124.0 119.0 95.0 95.0 72.0 14.0 13.0 21.0 14.0 3.0 0.0 0.0 27.0
114 195.0 170.0 170.0 153.0 192.0 183.0 153.0 189.0 193.0 228.0 221.0 193.0 45.0 51.0 52.0 70.0 108.0 146.0 140.0 117.0 117.0 94.0 41.0 40.0 19.0 13.0 30.0 27.0 27.0 0.0

#distancia viaje entre puentes y alojamientos
: 122 124 126 127 129 130 134 137 143 146:=
4 69.0 109.0 39.0 40.0 28.0 202.0 194.0 103.0 92.0 166.0
10 73.0 130.0 49.0 49.0 3.0 177.0 169.0 78.0 67.0 141.0
15 72.0 129.0 59.0 60.0 10.0 176.0 168.0 78.0 67.0 140.0
28 13.0 68.0 118.0 119.0 69.0 161.0 153.0 72.0 77.0 125.0
32 37.0 48.0 80.0 80.0 93.0 200.0 192.0 110.0 115.0 163.0
35 28.0 39.0 84.0 84.0 97.0 191.0 183.0 101.0 106.0 155.0
36 11.0 66.0 116.0 116.0 66.0 158.0 150.0 69.0 74.0 122.0
39 39.0 31.0 98.0 98.0 105.0 194.0 188.0 107.0 112.0 160.0
44 42.0 27.0 101.0 101.0 108.0 191.0 192.0 110.0 115.0 163.0
50 87.0 26.0 148.0 148.0 153.0 223.0 226.0 155.0 160.0 199.0
52 103.0 42.0 164.0 163.0 168.0 239.0 241.0 171.0 176.0 215.0
62 48.0 23.0 109.0 108.0 114.0 188.0 190.0 116.0 122.0 164.0
69 115.0 163.0 177.0 178.0 128.0 51.0 43.0 63.0 88.0 18.0
70 105.0 161.0 167.0 168.0 118.0 57.0 49.0 52.0 76.0 21.0
71 105.0 161.0 168.0 168.0 118.0 59.0 50.0 53.0 78.0 24.0
73 109.0 165.0 168.0 168.0 118.0 76.0 68.0 39.0 64.0 46.0
77 69.0 125.0 127.0 128.0 78.0 116.0 108.0 10.0 31.0 79.0
80 71.0 128.0 85.0 85.0 36.0 152.0 144.0 41.0 30.0 115.0
81 74.0 130.0 104.0 104.0 54.0 154.0 146.0 44.0 33.0 118.0
84 72.0 128.0 114.0 115.0 65.0 123.0 115.0 13.0 17.0 87.0
87 75.0 131.0 114.0 114.0 64.0 124.0 116.0 13.0 10.0 88.0
89 104.0 160.0 160.0 161.0 111.0 98.0 89.0 34.0 57.0 61.0
101 126.0 182.0 188.0 189.0 139.0 47.0 39.0 67.0 92.0 17.0
103 127.0 183.0 189.0 190.0 140.0 46.0 38.0 69.0 93.0 16.0
105 141.0 189.0 203.0 204.0 154.0 25.0 17.0 87.0 112.0 33.0
106 146.0 194.0 208.0 209.0 159.0 19.0 11.0 92.0 117.0 27.0
107 136.0 193.0 199.0 199.0 149.0 36.0 28.0 78.0 103.0 18.0
108 140.0 195.0 202.0 203.0 153.0 32.0 24.0 81.0 106.0 17.0
109 139.0 195.0 202.0 202.0 152.0 33.0 25.0 81.0 106.0 17.0
114 156.0 203.0 218.0 219.0 169.0 8.0 2.0 102.0 127.0 40.0

#distancia entre alojamientos y puentes
: 4 10 15 28 32 35 36 39 44 50 52 62 69 70 71 73 77 80 81 84 87 89 101 103 105 106 107 108 109 114:=
122 69.0 73.0 72.0 13.0 37.0 28.0 10.0 39.0 43.0 87.0 81.0 49.0 116.0 106.0 106.0 110.0 69.0 73.0 67.0 73.0 76.0 104.0 127.0 128.0 142.0 146.0 138.0 141.0 141.0 158.0
124 108.0 129.0 128.0 69.0 47.0 39.0 65.0 31.0 27.0 26.0 19.0 23.0 161.0 161.0 161.0 166.0 125.0 129.0 123.0 129.0 132.0 160.0 182.0 183.0 187.0 191.0 192.0 193.0 193.0 201.0
126 39.0 48.0 59.0 118.0 81.0 85.0 117.0 99.0 102.0 149.0 142.0 109.0 177.0 167.0 167.0 166.0 125.0 84.0 96.0 112.0 112.0 158.0 188.0 189.0 203.0 208.0 199.0 202.0 202.0 219.0
127 40.0 49.0 59.0 119.0 80.0 84.0 118.0 99.0 102.0 148.0 142.0 109.0 178.0 168.0 168.0 167.0 126.0 85.0 96.0 113.0 113.0 159.0 189.0 190.0 204.0 208.0 199.0 203.0 202.0 219.0
129 28.0 2.0 10.0 69.0 93.0 97.0 68.0 105.0 109.0 153.0 147.0 115.0 128.0 118.0 118.0 118.0 77.0 35.0 47.0 64.0 63.0 109.0 139.0 140.0 154.0 159.0 150.0 153.0 153.0 170.0
130 201.0 176.0 175.0 159.0 198.0 189.0 158.0 195.0 193.0 225.0 219.0 190.0 50.0 57.0 58.0 76.0 114.0 151.0 146.0 122.0 123.0 100.0 47.0 45.0 24.0 19.0 36.0 33.0 33.0 8.0
134 193.0 168.0 167.0 151.0 190.0 181.0 150.0 187.0 190.0 227.0 221.0 192.0 42.0 48.0 49.0 68.0 106.0 143.0 137.0 114.0 114.0 91.0 38.0 37.0 16.0 11.0 28.0 25.0 25.0 2.0
137 104.0 79.0 79.0 71.0 110.0 101.0 70.0 107.0 110.0 155.0 148.0 116.0 63.0 52.0 53.0 40.0 6.0 42.0 37.0 14.0 13.0 34.0 68.0 69.0 88.0 92.0 79.0 82.0 82.0 103.0
143 94.0 69.0 68.0 76.0 115.0 106.0 75.0 111.0 115.0 160.0 153.0 121.0 88.0 77.0 79.0 65.0 27.0 32.0 26.0 17.0 11.0 56.0 93.0 94.0 113.0 117.0 104.0 107.0 107.0 129.0
146 167.0 142.0 141.0 125.0 164.0 155.0 124.0 160.0 164.0 202.0 196.0 167.0 18.0 22.0 24.0 45.0 80.0 117.0 111.0 88.0 88.0 65.0 16.0 15.0 33.0 27.0 18.0 19.0 19.0 40.0

#distancia entre depositos y puentes
: 4 10 15 28 32 35 36 39 44 50 52 62 69 70 71 73 77 80 81 84 87 89 101 103 105 106 107 108 109 114:=
0 75.0 96.0 96.0 36.0 14.0 5.0 33.0 10.0 14.0 60.0 53.0 20.0 140.0 129.0 130.0 133.0 92.0 96.0 91.0 96.0 99.0 128.0 150.0 151.0 165.0 170.0 161.0 164.0 164.0 181.0
1 125.0 100.0 100.0 90.0 129.0 120.0 89.0 126.0 129.0 174.0 167.0 135.0 50.0 38.0 40.0 26.0 27.0 63.0 58.0 35.0 35.0 12.0 54.0 55.0 74.0 79.0 65.0 68.0 68.0 90.0

#distancia entre puentes y depositos
: 0 1:=
4 75.0 124.0
10 97.0 99.0
15 96.0 99.0
28 35.0 91.0
32 14.0 129.0
35 5.0 120.0
36 33.0 88.0
39 10.0 126.0
44 13.0 129.0
50 59.0 174.0
52 75.0 190.0
62 20.0 136.0
69 138.0 49.0
70 128.0 38.0
71 129.0 39.0
73 132.0 26.0
77 92.0 29.0
80 95.0 62.0
81 97.0 65.0
84 95.0 34.0
87 98.0 34.0
89 127.0 12.0
101 149.0 54.0
103 150.0 55.0
105 164.0 73.0
106 169.0 78.0
107 160.0 64.0
108 163.0 67.0
109 163.0 67.0
114 179.0 89.0

;