set O:= 0 1;
set N:= 13 16 21 28 36 62 74 88 89 92 98 104 105 111 116;
set M:= 124 126 140 143 144;
set K:= 1 2 3;
param D:= 100;
param Q:= 540;
param v:= 2000000;
param f:= 
124 63000
126 68517
140 48596
143 48720
144 52000
;
param:	xcoord ycoord w q:=
0 -32.75044 -70.72613 0 1 
1 -33.0433 -71.624 0 1 
13 -32.34055 -71.17481 99 1 
16 -32.21823 -70.82151 78 1 
21 -32.80094 -70.95847 94 1 
28 -32.86292 -70.94795 99 1 
36 -32.83944 -71.00021 66 1 
62 -32.76924 -70.56035 84 1 
74 -32.91961 -71.50488 57 1 
88 -32.80869 -71.44189 36 1 
89 -33.10385 -71.66487 64 1 
92 -33.58655 -71.52943 57 1 
98 -32.98749 -71.50073 83 1 
104 -33.61332 -71.40226 39 1 
105 -33.53115 -71.54035 119 1 
111 -33.77523 -71.42462 65 1 
116 -33.88859 -71.64141 97 1 
124 -32.85659 -70.41855 0 1 
126 -32.25311 -70.93619 0 1 
140 -32.93024 -71.55027 0 1 
143 -32.78349 -71.53032 0 1 
144 -32.77144 -71.53401 0 1 
;
param d[*,*]
#distancia de viaje entre puentes
: 13 16 21 28 36 62 74 88 89 92 98 104 105 111 116:=
13 0.0 50.0 90.0 89.0 88.0 120.0 94.0 77.0 128.0 179.0 103.0 184.0 174.0 211.0 229.0
16 49.0 0.0 101.0 112.0 109.0 96.0 135.0 118.0 170.0 220.0 144.0 226.0 215.0 252.0 270.0
21 89.0 101.0 0.0 11.0 7.0 46.0 71.0 67.0 103.0 146.0 74.0 151.0 140.0 177.0 195.0
28 89.0 111.0 11.0 0.0 9.0 55.0 70.0 67.0 102.0 145.0 74.0 150.0 140.0 177.0 195.0
36 86.0 109.0 8.0 8.0 0.0 52.0 67.0 64.0 99.0 142.0 71.0 148.0 137.0 174.0 192.0
62 120.0 96.0 46.0 55.0 52.0 0.0 115.0 112.0 147.0 182.0 119.0 169.0 177.0 180.0 208.0
74 96.0 137.0 71.0 70.0 69.0 115.0 0.0 18.0 34.0 96.0 9.0 101.0 91.0 128.0 146.0
88 78.0 119.0 67.0 65.0 65.0 111.0 18.0 0.0 52.0 114.0 26.0 119.0 108.0 145.0 163.0
89 130.0 171.0 103.0 102.0 101.0 147.0 35.0 53.0 0.0 81.0 29.0 87.0 76.0 113.0 131.0
92 178.0 220.0 145.0 143.0 143.0 185.0 95.0 113.0 84.0 0.0 87.0 19.0 7.0 36.0 56.0
98 104.0 145.0 74.0 73.0 72.0 118.0 8.0 26.0 28.0 88.0 0.0 93.0 82.0 119.0 137.0
104 184.0 226.0 151.0 149.0 149.0 182.0 101.0 119.0 90.0 18.0 92.0 0.0 18.0 31.0 63.0
105 173.0 214.0 140.0 138.0 137.0 179.0 90.0 107.0 78.0 8.0 81.0 18.0 0.0 39.0 58.0
111 209.0 251.0 176.0 174.0 174.0 182.0 126.0 144.0 115.0 36.0 118.0 27.0 38.0 0.0 75.0
116 227.0 268.0 193.0 192.0 191.0 211.0 144.0 161.0 132.0 54.0 135.0 62.0 57.0 74.0 0.0

#distancia viaje entre puentes y alojamientos
: 124 126 140 143 144:=
13 135.0 38.0 100.0 85.0 87.0
16 111.0 12.0 141.0 126.0 128.0
21 60.0 110.0 76.0 77.0 79.0
28 68.0 118.0 75.0 77.0 78.0
36 66.0 116.0 73.0 74.0 75.0
62 23.0 109.0 120.0 122.0 123.0
74 129.0 125.0 6.0 22.0 23.0
88 124.0 108.0 23.0 11.0 12.0
89 160.0 160.0 31.0 57.0 58.0
92 195.0 208.0 90.0 117.0 119.0
98 132.0 134.0 11.0 30.0 32.0
104 192.0 214.0 96.0 123.0 125.0
105 189.0 203.0 85.0 112.0 113.0
111 192.0 239.0 121.0 148.0 150.0
116 222.0 257.0 139.0 166.0 167.0

#distancia entre alojamientos y puentes
: 13 16 21 28 36 62 74 88 89 92 98 104 105 111 116:=
124 135.0 111.0 60.0 69.0 65.0 23.0 129.0 125.0 160.0 192.0 132.0 179.0 187.0 190.0 218.0
126 38.0 13.0 110.0 118.0 117.0 109.0 124.0 106.0 158.0 208.0 132.0 214.0 203.0 240.0 258.0
140 101.0 142.0 76.0 75.0 74.0 120.0 5.0 24.0 31.0 91.0 10.0 96.0 86.0 123.0 141.0
143 87.0 128.0 77.0 76.0 75.0 121.0 22.0 11.0 56.0 118.0 31.0 124.0 113.0 150.0 168.0
144 88.0 129.0 78.0 77.0 76.0 122.0 23.0 12.0 58.0 120.0 33.0 125.0 114.0 151.0 169.0

#distancia entre depositos y puentes
: 13 16 21 28 36 62 74 88 89 92 98 104 105 111 116:=
0 101.0 77.0 27.0 36.0 33.0 20.0 96.0 92.0 128.0 171.0 99.0 170.0 165.0 180.0 208.0
1 118.0 160.0 91.0 90.0 89.0 135.0 23.0 41.0 12.0 80.0 17.0 85.0 74.0 111.0 129.0

#distancia entre puentes y depositos
: 0 1:=
13 101.0 117.0
16 77.0 158.0
21 27.0 91.0
28 35.0 91.0
36 33.0 88.0
62 20.0 136.0
74 96.0 23.0
88 91.0 40.0
89 127.0 12.0
92 169.0 79.0
98 99.0 17.0
104 175.0 85.0
105 164.0 73.0
111 183.0 110.0
116 212.0 127.0

;