set O:= 0 1;
set N:= 3 16 21 28 32 33 49 62 63 77 78 93 98 100 103 105 106 111 115 116;
set M:= 124 126 129 131 143;
set K:= 1 2 3;
param D:= 100;
param Q:= 540;
param v:= 2000000;
param f:= 
124 63000
126 68517
129 42028
131 73862
143 48720
;
param:	xcoord ycoord w q:=
0 -32.75044 -70.72613 0 1 
1 -33.0433 -71.624 0 1 
3 -32.35092 -70.79153 105 1 
16 -32.21823 -70.82151 78 1 
21 -32.80094 -70.95847 94 1 
28 -32.86292 -70.94795 99 1 
32 -32.66447 -70.697 94 1 
33 -32.62252 -70.72251 72 1 
49 -32.90731 -70.28602 104 1 
62 -32.76924 -70.56035 84 1 
63 -32.76227 -70.50125 44 1 
77 -32.9314 -71.47561 30 1 
78 -32.93288 -71.46643 63 1 
93 -33.01883 -71.50131 58 1 
98 -32.98749 -71.50073 83 1 
100 -33.38903 -71.69158 108 1 
103 -33.35491 -71.65289 40 1 
105 -33.53115 -71.54035 119 1 
106 -33.53398 -71.59339 54 1 
111 -33.77523 -71.42462 65 1 
115 -33.93803 -71.7365 56 1 
116 -33.88859 -71.64141 97 1 
124 -32.85659 -70.41855 0 1 
126 -32.25311 -70.93619 0 1 
129 -32.44456 -71.22894 0 1 
131 -33.65502 -71.62965 0 1 
143 -32.78349 -71.53032 0 1 
;
param d[*,*]
#distancia de viaje entre puentes
: 3 16 21 28 32 33 49 62 63 77 78 93 98 100 103 105 106 111 115 116:=
3 0.0 19.0 83.0 94.0 50.0 43.0 110.0 78.0 85.0 129.0 128.0 140.0 136.0 198.0 192.0 207.0 211.0 238.0 269.0 261.0
16 19.0 0.0 101.0 112.0 68.0 61.0 128.0 96.0 103.0 137.0 136.0 149.0 144.0 207.0 201.0 215.0 219.0 252.0 278.0 270.0
21 83.0 101.0 0.0 11.0 39.0 40.0 77.0 46.0 53.0 67.0 66.0 79.0 74.0 132.0 126.0 140.0 145.0 177.0 203.0 195.0
28 93.0 111.0 11.0 0.0 48.0 50.0 85.0 55.0 62.0 67.0 66.0 78.0 74.0 132.0 126.0 140.0 144.0 177.0 203.0 195.0
32 50.0 68.0 39.0 49.0 0.0 7.0 65.0 33.0 40.0 105.0 104.0 117.0 112.0 170.0 164.0 178.0 183.0 193.0 235.0 221.0
33 43.0 61.0 40.0 51.0 7.0 0.0 67.0 35.0 42.0 107.0 106.0 119.0 114.0 172.0 166.0 180.0 185.0 195.0 237.0 223.0
49 135.0 153.0 102.0 111.0 90.0 92.0 0.0 65.0 72.0 168.0 167.0 179.0 174.0 231.0 225.0 229.0 234.0 232.0 274.0 260.0
62 78.0 96.0 46.0 55.0 33.0 35.0 40.0 0.0 7.0 112.0 111.0 123.0 119.0 176.0 171.0 177.0 181.0 180.0 222.0 208.0
63 85.0 103.0 53.0 62.0 40.0 42.0 47.0 7.0 0.0 119.0 118.0 130.0 126.0 183.0 178.0 184.0 188.0 187.0 229.0 215.0
77 130.0 139.0 68.0 66.0 105.0 107.0 142.0 112.0 119.0 0.0 1.0 17.0 12.0 81.0 76.0 94.0 99.0 131.0 157.0 149.0
78 129.0 138.0 67.0 65.0 104.0 106.0 141.0 111.0 118.0 1.0 0.0 13.0 9.0 78.0 72.0 91.0 95.0 128.0 153.0 145.0
93 141.0 150.0 79.0 77.0 116.0 118.0 153.0 123.0 130.0 16.0 12.0 0.0 4.0 65.0 59.0 78.0 82.0 115.0 141.0 133.0
98 137.0 145.0 74.0 73.0 112.0 114.0 149.0 118.0 126.0 12.0 8.0 5.0 0.0 69.0 64.0 82.0 87.0 119.0 145.0 137.0
100 198.0 207.0 132.0 130.0 169.0 171.0 206.0 176.0 183.0 80.0 77.0 64.0 68.0 0.0 6.0 28.0 21.0 64.0 81.0 73.0
103 192.0 201.0 126.0 125.0 163.0 165.0 200.0 170.0 177.0 75.0 71.0 58.0 63.0 6.0 0.0 33.0 27.0 68.0 87.0 79.0
105 206.0 214.0 140.0 138.0 177.0 179.0 206.0 179.0 186.0 93.0 90.0 77.0 81.0 28.0 32.0 0.0 7.0 39.0 66.0 58.0
106 211.0 219.0 145.0 143.0 182.0 184.0 211.0 184.0 191.0 98.0 95.0 82.0 86.0 21.0 26.0 7.0 0.0 43.0 60.0 52.0
111 241.0 251.0 176.0 174.0 196.0 198.0 209.0 182.0 189.0 129.0 126.0 113.0 118.0 63.0 66.0 38.0 42.0 0.0 83.0 75.0
115 268.0 277.0 202.0 201.0 238.0 241.0 252.0 225.0 232.0 156.0 152.0 139.0 144.0 81.0 87.0 66.0 61.0 83.0 0.0 14.0
116 260.0 268.0 193.0 192.0 225.0 227.0 238.0 211.0 218.0 147.0 144.0 131.0 135.0 73.0 78.0 57.0 52.0 74.0 14.0 0.0

#distancia viaje entre puentes y alojamientos
: 124 126 129 131 143:=
3 93.0 32.0 53.0 226.0 118.0
16 111.0 12.0 62.0 234.0 126.0
21 60.0 110.0 70.0 160.0 77.0
28 68.0 118.0 69.0 159.0 77.0
32 48.0 80.0 93.0 198.0 115.0
33 50.0 74.0 86.0 200.0 117.0
49 43.0 165.0 170.0 247.0 178.0
62 23.0 109.0 114.0 194.0 122.0
63 30.0 115.0 121.0 201.0 129.0
77 125.0 127.0 78.0 114.0 31.0
78 124.0 126.0 77.0 110.0 26.0
93 136.0 138.0 89.0 97.0 35.0
98 132.0 134.0 84.0 102.0 30.0
100 189.0 195.0 146.0 38.0 99.0
103 183.0 189.0 140.0 44.0 93.0
105 189.0 203.0 154.0 23.0 112.0
106 194.0 208.0 159.0 17.0 117.0
111 192.0 239.0 190.0 40.0 148.0
115 235.0 265.0 216.0 48.0 174.0
116 222.0 257.0 207.0 39.0 166.0

#distancia entre alojamientos y puentes
: 3 16 21 28 32 33 49 62 63 77 78 93 98 100 103 105 106 111 115 116:=
124 92.0 111.0 60.0 69.0 47.0 50.0 18.0 23.0 30.0 125.0 124.0 137.0 132.0 189.0 183.0 187.0 191.0 190.0 232.0 218.0
126 32.0 13.0 110.0 118.0 81.0 74.0 140.0 109.0 116.0 125.0 124.0 137.0 132.0 195.0 189.0 203.0 208.0 240.0 266.0 258.0
129 53.0 62.0 71.0 69.0 93.0 86.0 145.0 115.0 122.0 77.0 76.0 88.0 83.0 146.0 140.0 154.0 159.0 191.0 217.0 209.0
131 225.0 234.0 159.0 157.0 196.0 198.0 223.0 196.0 203.0 112.0 109.0 96.0 100.0 38.0 43.0 22.0 17.0 40.0 48.0 40.0
143 119.0 128.0 77.0 76.0 115.0 117.0 151.0 121.0 128.0 27.0 27.0 36.0 31.0 100.0 94.0 113.0 117.0 150.0 176.0 168.0

#distancia entre depositos y puentes
: 3 16 21 28 32 33 49 62 63 77 78 93 98 100 103 105 106 111 115 116:=
0 59.0 77.0 27.0 36.0 14.0 16.0 51.0 20.0 27.0 92.0 92.0 104.0 99.0 157.0 151.0 165.0 170.0 180.0 222.0 208.0
1 151.0 160.0 91.0 90.0 129.0 131.0 166.0 135.0 143.0 27.0 25.0 15.0 17.0 61.0 55.0 74.0 79.0 111.0 137.0 129.0

#distancia entre puentes y depositos
: 0 1:=
3 59.0 150.0
16 77.0 158.0
21 27.0 91.0
28 35.0 91.0
32 14.0 129.0
33 16.0 131.0
49 77.0 191.0
62 20.0 136.0
63 27.0 143.0
77 92.0 29.0
78 91.0 25.0
93 103.0 15.0
98 99.0 17.0
100 156.0 60.0
103 150.0 55.0
105 164.0 73.0
106 169.0 78.0
111 183.0 110.0
115 225.0 136.0
116 212.0 127.0

;