set O:= 0 1;
set N:= 2 4 8 13 15 22 25 33 35 36 37 39 44 48 49 50 51 52 57 59 62 63 64 70 71 73 75 76 78 80 86 88 92 98 103 104 107 108 110 114;
set M:= 127 128 129 131 134 137 140 143 144 147;
set K:= 1 2 3 4 5;
param D:= 100;
param Q:= 540;
param v:= 2000000;
param f:= 
127 25694
128 39740
129 42028
131 73862
134 96841
137 27856
140 48596
143 48720
144 52000
147 45000
;
param:	xcoord ycoord w q:=
0 -32.75044 -70.72613 0 1 
1 -33.0433 -71.624 0 1 
2 -32.5191 -70.92373 38 1 
4 -32.44056 -71.00665 106 1 
8 -32.44708 -71.19315 110 1 
13 -32.34055 -71.17481 99 1 
15 -32.44511 -71.32299 71 1 
22 -32.75643 -70.94537 48 1 
25 -32.86219 -70.89013 69 1 
33 -32.62252 -70.72251 72 1 
35 -32.7126 -70.74393 65 1 
36 -32.83944 -71.00021 66 1 
37 -32.81691 -70.71195 53 1 
39 -32.74002 -70.64044 105 1 
44 -32.76742 -70.61154 38 1 
48 -32.88608 -70.59211 103 1 
49 -32.90731 -70.28602 104 1 
50 -32.87857 -70.20821 39 1 
51 -32.90645 -70.28716 50 1 
52 -32.90338 -70.26912 86 1 
57 -32.89552 -70.6746 98 1 
59 -32.83316 -70.70835 85 1 
62 -32.76924 -70.56035 84 1 
63 -32.76227 -70.50125 44 1 
64 -32.75022 -70.59169 119 1 
70 -33.29115 -71.47716 94 1 
71 -33.29475 -71.41066 32 1 
73 -33.20765 -71.57225 80 1 
75 -32.91508 -71.49869 66 1 
76 -32.93269 -71.43975 112 1 
78 -32.93288 -71.46643 63 1 
80 -32.63102 -71.41979 41 1 
86 -32.86452 -71.49062 87 1 
88 -32.80869 -71.44189 36 1 
92 -33.58655 -71.52943 57 1 
98 -32.98749 -71.50073 83 1 
103 -33.35491 -71.65289 40 1 
104 -33.61332 -71.40226 39 1 
107 -33.42116 -71.69462 116 1 
108 -33.44564 -71.67852 41 1 
110 -33.63989 -71.57131 49 1 
114 -33.63163 -71.61037 97 1 
127 -32.24898 -70.9333 0 1 
128 -32.43019 -71.07467 0 1 
129 -32.44456 -71.22894 0 1 
131 -33.65502 -71.62965 0 1 
134 -33.61172 -71.60733 0 1 
137 -32.91915 -71.52057 0 1 
140 -32.93024 -71.55027 0 1 
143 -32.78349 -71.53032 0 1 
144 -32.77144 -71.53401 0 1 
147 -33.32534 -71.38598 0 1 
;
param d[*,*]
#distancia de viaje entre puentes
: 2 4 8 13 15 22 25 33 35 36 37 39 44 48 49 50 51 52 57 59 62 63 64 70 71 73 75 76 78 80 86 88 92 98 103 104 107 108 110 114:=
2 0.0 16.0 41.0 42.0 52.0 50.0 70.0 43.0 54.0 63.0 69.0 69.0 72.0 82.0 110.0 118.0 110.0 112.0 77.0 71.0 79.0 86.0 74.0 158.0 159.0 160.0 116.0 115.0 118.0 78.0 109.0 99.0 200.0 126.0 180.0 205.0 190.0 193.0 213.0 210.0
4 16.0 0.0 25.0 27.0 36.0 66.0 85.0 59.0 70.0 79.0 84.0 84.0 87.0 98.0 126.0 134.0 126.0 127.0 93.0 86.0 94.0 101.0 90.0 145.0 145.0 144.0 101.0 100.0 102.0 62.0 94.0 84.0 186.0 110.0 167.0 192.0 176.0 180.0 200.0 196.0
8 41.0 25.0 0.0 20.0 14.0 79.0 77.0 84.0 95.0 73.0 107.0 109.0 112.0 120.0 149.0 157.0 149.0 151.0 115.0 109.0 119.0 126.0 115.0 122.0 122.0 122.0 78.0 77.0 80.0 40.0 71.0 61.0 164.0 88.0 144.0 169.0 154.0 157.0 177.0 174.0
13 42.0 27.0 20.0 0.0 29.0 92.0 93.0 85.0 96.0 88.0 111.0 110.0 113.0 124.0 152.0 160.0 152.0 154.0 119.0 113.0 120.0 127.0 116.0 138.0 138.0 137.0 94.0 93.0 95.0 55.0 87.0 77.0 179.0 103.0 160.0 184.0 169.0 172.0 193.0 189.0
15 52.0 37.0 14.0 30.0 0.0 76.0 74.0 96.0 100.0 69.0 103.0 106.0 109.0 117.0 146.0 154.0 145.0 147.0 112.0 105.0 115.0 123.0 111.0 119.0 119.0 118.0 75.0 74.0 77.0 36.0 68.0 58.0 160.0 84.0 141.0 166.0 151.0 154.0 174.0 171.0
22 50.0 66.0 78.0 92.0 75.0 0.0 20.0 42.0 32.0 13.0 40.0 43.0 46.0 54.0 82.0 91.0 82.0 84.0 48.0 42.0 52.0 59.0 48.0 109.0 109.0 113.0 76.0 68.0 71.0 76.0 80.0 72.0 150.0 79.0 131.0 155.0 140.0 143.0 164.0 160.0
25 70.0 85.0 77.0 92.0 74.0 20.0 0.0 54.0 43.0 12.0 46.0 48.0 52.0 53.0 88.0 97.0 88.0 90.0 44.0 48.0 58.0 65.0 54.0 108.0 108.0 112.0 75.0 67.0 70.0 75.0 79.0 70.0 149.0 78.0 130.0 154.0 139.0 142.0 162.0 159.0
33 43.0 59.0 84.0 85.0 95.0 42.0 54.0 0.0 11.0 47.0 26.0 25.0 28.0 39.0 67.0 75.0 67.0 68.0 34.0 27.0 35.0 42.0 31.0 144.0 144.0 148.0 112.0 104.0 106.0 111.0 115.0 107.0 186.0 114.0 166.0 184.0 176.0 179.0 199.0 196.0
35 54.0 70.0 95.0 96.0 99.0 32.0 43.0 11.0 0.0 37.0 15.0 14.0 17.0 28.0 56.0 64.0 56.0 58.0 23.0 17.0 24.0 31.0 20.0 133.0 133.0 137.0 101.0 93.0 95.0 100.0 104.0 96.0 175.0 103.0 155.0 173.0 165.0 168.0 188.0 185.0
36 64.0 79.0 70.0 86.0 67.0 14.0 12.0 48.0 37.0 0.0 40.0 43.0 46.0 54.0 83.0 91.0 82.0 84.0 49.0 42.0 52.0 60.0 48.0 101.0 101.0 105.0 68.0 60.0 63.0 68.0 72.0 64.0 142.0 71.0 123.0 148.0 132.0 135.0 156.0 152.0
37 69.0 84.0 106.0 111.0 103.0 40.0 47.0 26.0 15.0 40.0 0.0 17.0 21.0 17.0 47.0 55.0 47.0 49.0 11.0 3.0 20.0 27.0 23.0 137.0 137.0 141.0 104.0 96.0 99.0 104.0 108.0 100.0 175.0 107.0 159.0 162.0 168.0 171.0 178.0 183.0
39 68.0 83.0 109.0 110.0 105.0 42.0 49.0 25.0 14.0 42.0 17.0 0.0 6.0 22.0 48.0 56.0 48.0 50.0 25.0 20.0 11.0 18.0 6.0 139.0 139.0 143.0 106.0 99.0 101.0 106.0 110.0 102.0 180.0 109.0 161.0 176.0 171.0 174.0 191.0 191.0
44 71.0 87.0 112.0 113.0 108.0 45.0 52.0 28.0 17.0 45.0 20.0 6.0 0.0 18.0 44.0 53.0 44.0 46.0 22.0 23.0 8.0 15.0 3.0 142.0 142.0 146.0 110.0 102.0 104.0 109.0 113.0 105.0 183.0 112.0 164.0 172.0 174.0 177.0 188.0 193.0
48 83.0 98.0 120.0 124.0 117.0 54.0 52.0 39.0 28.0 54.0 17.0 21.0 18.0 0.0 40.0 48.0 40.0 42.0 9.0 16.0 15.0 22.0 18.0 141.0 141.0 146.0 118.0 110.0 113.0 117.0 122.0 113.0 172.0 120.0 163.0 160.0 172.0 173.0 176.0 181.0
49 135.0 151.0 174.0 177.0 171.0 108.0 115.0 92.0 81.0 108.0 73.0 73.0 69.0 66.0 0.0 8.0 1.0 2.0 71.0 73.0 65.0 72.0 69.0 203.0 203.0 209.0 172.0 164.0 167.0 171.0 176.0 167.0 235.0 174.0 225.0 222.0 234.0 235.0 238.0 243.0
50 118.0 133.0 157.0 160.0 153.0 91.0 97.0 75.0 64.0 91.0 55.0 56.0 52.0 48.0 12.0 0.0 8.0 14.0 54.0 56.0 48.0 55.0 52.0 186.0 186.0 191.0 155.0 147.0 150.0 154.0 159.0 150.0 217.0 157.0 208.0 205.0 217.0 218.0 221.0 226.0
51 109.0 125.0 148.0 151.0 145.0 82.0 89.0 66.0 55.0 82.0 47.0 47.0 44.0 40.0 4.0 8.0 0.0 2.0 46.0 47.0 39.0 46.0 43.0 177.0 178.0 183.0 146.0 139.0 141.0 146.0 150.0 142.0 209.0 149.0 199.0 196.0 208.0 209.0 212.0 217.0
52 133.0 149.0 172.0 175.0 169.0 106.0 113.0 90.0 79.0 106.0 71.0 71.0 68.0 64.0 2.0 7.0 3.0 0.0 70.0 71.0 63.0 70.0 67.0 201.0 202.0 207.0 170.0 162.0 165.0 170.0 174.0 166.0 233.0 173.0 223.0 220.0 232.0 233.0 236.0 241.0
57 77.0 93.0 114.0 119.0 111.0 48.0 44.0 34.0 23.0 48.0 11.0 25.0 22.0 9.0 46.0 55.0 46.0 48.0 0.0 9.0 19.0 26.0 22.0 132.0 132.0 138.0 112.0 105.0 107.0 112.0 116.0 108.0 164.0 115.0 154.0 151.0 163.0 164.0 167.0 172.0
59 71.0 86.0 108.0 113.0 105.0 42.0 48.0 28.0 17.0 42.0 3.0 20.0 23.0 16.0 47.0 56.0 47.0 49.0 9.0 0.0 20.0 27.0 23.0 139.0 139.0 143.0 106.0 98.0 101.0 106.0 110.0 102.0 173.0 109.0 161.0 160.0 170.0 173.0 176.0 181.0
62 78.0 94.0 118.0 120.0 115.0 52.0 58.0 35.0 24.0 52.0 20.0 11.0 8.0 15.0 40.0 48.0 40.0 41.0 19.0 20.0 0.0 7.0 5.0 149.0 149.0 153.0 116.0 108.0 111.0 116.0 120.0 112.0 182.0 119.0 171.0 169.0 180.0 183.0 185.0 191.0
63 85.0 101.0 125.0 127.0 122.0 59.0 65.0 42.0 31.0 59.0 27.0 18.0 15.0 22.0 47.0 55.0 47.0 49.0 26.0 27.0 7.0 0.0 12.0 156.0 156.0 160.0 123.0 115.0 118.0 123.0 127.0 119.0 189.0 126.0 178.0 176.0 187.0 190.0 192.0 198.0
64 73.0 89.0 114.0 115.0 110.0 48.0 54.0 30.0 19.0 48.0 23.0 6.0 3.0 18.0 44.0 52.0 44.0 46.0 22.0 23.0 5.0 12.0 0.0 144.0 144.0 148.0 112.0 104.0 107.0 111.0 116.0 107.0 185.0 114.0 166.0 172.0 176.0 179.0 188.0 193.0
70 158.0 144.0 122.0 138.0 119.0 108.0 106.0 144.0 133.0 102.0 136.0 138.0 142.0 142.0 178.0 186.0 178.0 180.0 133.0 138.0 148.0 155.0 144.0 0.0 10.0 25.0 55.0 56.0 54.0 95.0 63.0 72.0 41.0 46.0 22.0 47.0 32.0 35.0 55.0 52.0
71 158.0 145.0 122.0 138.0 119.0 108.0 107.0 144.0 133.0 102.0 136.0 138.0 142.0 142.0 178.0 187.0 178.0 180.0 133.0 138.0 148.0 155.0 144.0 10.0 0.0 27.0 56.0 57.0 55.0 96.0 64.0 73.0 42.0 47.0 31.0 48.0 41.0 43.0 56.0 53.0
73 160.0 145.0 122.0 138.0 119.0 112.0 110.0 147.0 137.0 106.0 140.0 142.0 146.0 147.0 182.0 190.0 182.0 184.0 138.0 142.0 152.0 159.0 148.0 25.0 27.0 0.0 43.0 44.0 42.0 83.0 51.0 60.0 66.0 34.0 30.0 72.0 40.0 43.0 73.0 70.0
75 117.0 102.0 79.0 95.0 76.0 76.0 74.0 112.0 101.0 70.0 104.0 106.0 110.0 118.0 146.0 154.0 146.0 148.0 112.0 106.0 116.0 123.0 112.0 56.0 57.0 43.0 0.0 8.0 5.0 40.0 8.0 17.0 97.0 10.0 73.0 102.0 82.0 86.0 110.0 107.0
76 116.0 101.0 78.0 94.0 75.0 68.0 67.0 104.0 93.0 62.0 96.0 98.0 102.0 110.0 138.0 147.0 138.0 140.0 104.0 98.0 108.0 115.0 104.0 57.0 58.0 44.0 8.0 0.0 3.0 39.0 14.0 16.0 98.0 10.0 74.0 103.0 83.0 87.0 111.0 108.0
78 119.0 103.0 81.0 96.0 78.0 71.0 69.0 106.0 95.0 64.0 99.0 101.0 105.0 112.0 141.0 149.0 141.0 143.0 107.0 101.0 111.0 118.0 107.0 55.0 56.0 42.0 5.0 3.0 0.0 41.0 13.0 19.0 96.0 9.0 72.0 101.0 81.0 85.0 109.0 106.0
80 77.0 62.0 40.0 55.0 36.0 75.0 73.0 110.0 99.0 68.0 102.0 105.0 108.0 116.0 145.0 153.0 144.0 146.0 111.0 104.0 114.0 122.0 110.0 94.0 96.0 82.0 39.0 38.0 40.0 0.0 32.0 22.0 136.0 48.0 112.0 141.0 121.0 124.0 149.0 146.0
86 111.0 95.0 73.0 88.0 69.0 78.0 77.0 114.0 103.0 72.0 106.0 109.0 112.0 120.0 148.0 157.0 148.0 150.0 114.0 108.0 118.0 125.0 114.0 62.0 64.0 50.0 7.0 13.0 12.0 33.0 0.0 12.0 104.0 17.0 80.0 109.0 89.0 92.0 117.0 114.0
88 100.0 85.0 62.0 78.0 59.0 71.0 69.0 106.0 95.0 65.0 99.0 101.0 105.0 112.0 141.0 149.0 141.0 143.0 107.0 101.0 111.0 118.0 107.0 72.0 74.0 60.0 17.0 16.0 18.0 23.0 11.0 0.0 114.0 26.0 90.0 119.0 99.0 102.0 127.0 124.0
92 199.0 185.0 163.0 178.0 160.0 149.0 147.0 184.0 174.0 143.0 177.0 179.0 183.0 175.0 211.0 220.0 211.0 213.0 166.0 175.0 185.0 192.0 185.0 41.0 42.0 66.0 96.0 97.0 95.0 136.0 104.0 113.0 0.0 87.0 36.0 19.0 29.0 26.0 19.0 16.0
98 126.0 111.0 89.0 104.0 85.0 79.0 77.0 114.0 103.0 72.0 106.0 109.0 112.0 120.0 149.0 157.0 148.0 150.0 115.0 108.0 118.0 126.0 115.0 46.0 48.0 34.0 9.0 10.0 8.0 49.0 17.0 26.0 88.0 0.0 64.0 93.0 73.0 76.0 101.0 98.0
103 180.0 166.0 144.0 159.0 141.0 130.0 128.0 165.0 155.0 124.0 158.0 160.0 164.0 163.0 200.0 208.0 200.0 202.0 155.0 160.0 170.0 177.0 166.0 22.0 31.0 30.0 72.0 73.0 71.0 112.0 80.0 89.0 36.0 63.0 0.0 50.0 10.0 13.0 43.0 40.0
104 205.0 191.0 169.0 184.0 166.0 155.0 153.0 190.0 179.0 149.0 175.0 185.0 185.0 172.0 209.0 217.0 209.0 211.0 164.0 173.0 182.0 189.0 185.0 47.0 48.0 72.0 102.0 103.0 101.0 142.0 109.0 119.0 18.0 92.0 48.0 0.0 42.0 38.0 19.0 24.0
107 189.0 176.0 154.0 169.0 150.0 140.0 138.0 175.0 164.0 133.0 167.0 170.0 173.0 173.0 210.0 218.0 209.0 211.0 164.0 169.0 180.0 187.0 176.0 31.0 41.0 40.0 82.0 82.0 81.0 121.0 89.0 98.0 29.0 72.0 9.0 42.0 0.0 3.0 33.0 30.0
108 192.0 179.0 157.0 172.0 153.0 143.0 141.0 178.0 167.0 136.0 170.0 173.0 177.0 175.0 211.0 220.0 211.0 213.0 166.0 172.0 183.0 190.0 179.0 35.0 42.0 43.0 85.0 86.0 84.0 124.0 92.0 102.0 25.0 75.0 13.0 39.0 3.0 0.0 30.0 27.0
110 212.0 198.0 176.0 191.0 173.0 162.0 160.0 198.0 187.0 156.0 180.0 192.0 190.0 178.0 214.0 223.0 214.0 216.0 169.0 178.0 187.0 194.0 190.0 54.0 55.0 73.0 109.0 110.0 108.0 149.0 117.0 126.0 19.0 100.0 43.0 19.0 33.0 30.0 0.0 5.0
114 209.0 195.0 173.0 188.0 170.0 159.0 157.0 194.0 183.0 153.0 185.0 189.0 193.0 183.0 219.0 228.0 219.0 221.0 174.0 183.0 193.0 200.0 195.0 51.0 52.0 70.0 106.0 107.0 105.0 146.0 113.0 123.0 15.0 96.0 40.0 24.0 30.0 27.0 5.0 0.0

#distancia viaje entre puentes y alojamientos
: 127 128 129 131 134 137 140 143 144 147:=
2 55.0 24.0 43.0 214.0 208.0 119.0 123.0 108.0 109.0 164.0
4 40.0 8.0 28.0 200.0 194.0 103.0 107.0 92.0 94.0 151.0
8 51.0 17.0 5.0 178.0 172.0 81.0 85.0 70.0 71.0 128.0
13 39.0 21.0 21.0 193.0 187.0 96.0 100.0 85.0 87.0 144.0
15 60.0 28.0 10.0 174.0 168.0 78.0 81.0 67.0 68.0 125.0
22 105.0 74.0 74.0 164.0 158.0 77.0 81.0 82.0 83.0 115.0
25 123.0 91.0 73.0 163.0 157.0 75.0 79.0 81.0 82.0 114.0
33 73.0 67.0 86.0 200.0 194.0 112.0 116.0 117.0 119.0 150.0
35 84.0 78.0 97.0 189.0 183.0 101.0 105.0 106.0 108.0 139.0
36 116.0 85.0 66.0 156.0 150.0 69.0 73.0 74.0 75.0 107.0
37 99.0 93.0 102.0 187.0 183.0 105.0 109.0 110.0 111.0 141.0
39 98.0 92.0 105.0 195.0 188.0 107.0 111.0 112.0 114.0 145.0
44 101.0 95.0 108.0 197.0 192.0 110.0 114.0 115.0 117.0 148.0
48 113.0 106.0 116.0 185.0 180.0 118.0 122.0 124.0 125.0 139.0
49 165.0 159.0 170.0 247.0 243.0 172.0 176.0 178.0 179.0 201.0
50 148.0 142.0 153.0 230.0 226.0 155.0 159.0 160.0 162.0 184.0
51 139.0 133.0 144.0 221.0 217.0 147.0 151.0 152.0 153.0 175.0
52 163.0 157.0 168.0 245.0 241.0 171.0 175.0 176.0 177.0 199.0
57 107.0 101.0 110.0 176.0 172.0 113.0 117.0 118.0 120.0 130.0
59 101.0 95.0 104.0 185.0 181.0 106.0 110.0 112.0 113.0 139.0
62 108.0 102.0 114.0 194.0 190.0 116.0 120.0 122.0 123.0 148.0
63 115.0 109.0 121.0 201.0 197.0 123.0 127.0 129.0 130.0 155.0
64 103.0 97.0 110.0 197.0 193.0 112.0 116.0 117.0 119.0 151.0
70 168.0 136.0 118.0 55.0 49.0 52.0 49.0 76.0 78.0 12.0
71 168.0 136.0 118.0 57.0 50.0 53.0 51.0 78.0 79.0 7.0
73 168.0 137.0 118.0 74.0 68.0 39.0 37.0 64.0 66.0 32.0
75 125.0 94.0 75.0 111.0 105.0 2.0 6.0 21.0 23.0 63.0
76 124.0 93.0 74.0 112.0 106.0 8.0 12.0 27.0 28.0 64.0
78 127.0 95.0 77.0 110.0 104.0 6.0 10.0 26.0 28.0 62.0
80 85.0 54.0 36.0 150.0 144.0 41.0 45.0 30.0 32.0 101.0
86 119.0 87.0 69.0 118.0 112.0 9.0 13.0 15.0 16.0 69.0
88 108.0 77.0 58.0 128.0 122.0 19.0 23.0 11.0 12.0 79.0
92 209.0 177.0 159.0 20.0 14.0 92.0 90.0 117.0 119.0 40.0
98 134.0 103.0 84.0 102.0 96.0 9.0 11.0 30.0 32.0 53.0
103 190.0 158.0 140.0 44.0 38.0 69.0 66.0 93.0 95.0 33.0
104 215.0 183.0 165.0 28.0 24.0 98.0 96.0 123.0 125.0 46.0
107 199.0 168.0 149.0 34.0 28.0 78.0 76.0 103.0 104.0 41.0
108 203.0 171.0 153.0 30.0 24.0 81.0 79.0 106.0 107.0 40.0
110 222.0 190.0 172.0 9.0 6.0 106.0 103.0 130.0 132.0 53.0
114 219.0 187.0 169.0 4.0 2.0 102.0 100.0 127.0 129.0 50.0

#distancia entre alojamientos y puentes
: 2 4 8 13 15 22 25 33 35 36 37 39 44 48 49 50 51 52 57 59 62 63 64 70 71 73 75 76 78 80 86 88 92 98 103 104 107 108 110 114:=
127 55.0 40.0 51.0 38.0 59.0 105.0 123.0 73.0 84.0 118.0 99.0 99.0 102.0 112.0 140.0 148.0 140.0 142.0 107.0 101.0 109.0 116.0 104.0 168.0 168.0 167.0 124.0 123.0 125.0 85.0 117.0 107.0 209.0 133.0 190.0 215.0 199.0 203.0 223.0 219.0
128 24.0 8.0 17.0 21.0 28.0 74.0 91.0 67.0 78.0 87.0 93.0 92.0 95.0 106.0 134.0 142.0 134.0 135.0 101.0 94.0 102.0 109.0 98.0 137.0 137.0 136.0 92.0 91.0 94.0 54.0 86.0 76.0 178.0 102.0 159.0 183.0 168.0 171.0 191.0 188.0
129 43.0 28.0 5.0 20.0 10.0 75.0 73.0 86.0 97.0 68.0 103.0 105.0 109.0 116.0 145.0 153.0 145.0 147.0 111.0 105.0 115.0 122.0 111.0 118.0 118.0 118.0 74.0 73.0 76.0 35.0 67.0 57.0 160.0 83.0 140.0 165.0 150.0 153.0 173.0 170.0
131 212.0 199.0 177.0 192.0 173.0 163.0 161.0 198.0 187.0 156.0 189.0 193.0 197.0 186.0 223.0 232.0 223.0 225.0 178.0 187.0 196.0 203.0 199.0 55.0 56.0 74.0 110.0 111.0 109.0 149.0 117.0 127.0 19.0 100.0 43.0 28.0 34.0 31.0 9.0 4.0
134 206.0 193.0 170.0 186.0 167.0 157.0 155.0 192.0 181.0 150.0 184.0 187.0 190.0 182.0 219.0 227.0 219.0 221.0 174.0 183.0 192.0 199.0 192.0 48.0 49.0 68.0 103.0 104.0 102.0 143.0 111.0 120.0 13.0 94.0 37.0 24.0 28.0 25.0 6.0 2.0
137 120.0 104.0 82.0 97.0 79.0 76.0 75.0 112.0 101.0 70.0 104.0 107.0 110.0 118.0 146.0 155.0 146.0 148.0 112.0 106.0 116.0 123.0 112.0 52.0 53.0 40.0 2.0 8.0 6.0 42.0 10.0 20.0 93.0 10.0 69.0 99.0 79.0 82.0 107.0 103.0
140 123.0 108.0 86.0 101.0 82.0 80.0 78.0 116.0 105.0 74.0 108.0 110.0 114.0 122.0 150.0 158.0 150.0 152.0 116.0 110.0 120.0 127.0 116.0 50.0 51.0 37.0 6.0 12.0 9.0 46.0 14.0 24.0 91.0 10.0 67.0 96.0 77.0 80.0 104.0 101.0
143 109.0 94.0 71.0 87.0 68.0 81.0 80.0 117.0 106.0 75.0 109.0 111.0 115.0 123.0 151.0 160.0 151.0 153.0 117.0 111.0 121.0 128.0 117.0 77.0 79.0 65.0 21.0 27.0 27.0 32.0 15.0 11.0 118.0 31.0 94.0 124.0 104.0 107.0 132.0 129.0
144 110.0 95.0 73.0 88.0 69.0 82.0 81.0 118.0 107.0 76.0 110.0 113.0 116.0 124.0 153.0 161.0 152.0 154.0 119.0 112.0 122.0 129.0 118.0 78.0 80.0 66.0 23.0 28.0 28.0 33.0 16.0 12.0 120.0 33.0 96.0 125.0 105.0 108.0 133.0 130.0
147 163.0 150.0 127.0 143.0 124.0 113.0 112.0 149.0 138.0 107.0 141.0 143.0 147.0 142.0 179.0 187.0 179.0 181.0 134.0 143.0 152.0 159.0 149.0 12.0 5.0 32.0 61.0 62.0 60.0 101.0 69.0 78.0 41.0 52.0 33.0 46.0 40.0 41.0 54.0 51.0

#distancia entre depositos y puentes
: 2 4 8 13 15 22 25 33 35 36 37 39 44 48 49 50 51 52 57 59 62 63 64 70 71 73 75 76 78 80 86 88 92 98 103 104 107 108 110 114:=
0 60.0 75.0 99.0 101.0 96.0 33.0 39.0 16.0 5.0 33.0 11.0 10.0 14.0 23.0 51.0 60.0 51.0 53.0 19.0 13.0 20.0 27.0 16.0 129.0 130.0 133.0 97.0 89.0 92.0 96.0 101.0 92.0 171.0 99.0 151.0 170.0 161.0 164.0 184.0 181.0
1 141.0 125.0 103.0 118.0 100.0 96.0 94.0 131.0 120.0 89.0 123.0 126.0 129.0 135.0 166.0 174.0 165.0 167.0 127.0 125.0 135.0 143.0 131.0 38.0 40.0 26.0 24.0 27.0 25.0 63.0 31.0 41.0 80.0 17.0 55.0 85.0 65.0 68.0 93.0 90.0

#distancia entre puentes y depositos
: 0 1:=
2 59.0 140.0
4 75.0 124.0
8 99.0 102.0
13 101.0 117.0
15 96.0 99.0
22 33.0 96.0
25 38.0 94.0
33 16.0 131.0
35 5.0 120.0
36 33.0 88.0
37 11.0 124.0
39 10.0 126.0
44 13.0 129.0
48 24.0 134.0
49 77.0 191.0
50 59.0 174.0
51 51.0 166.0
52 75.0 190.0
57 19.0 125.0
59 12.0 126.0
62 20.0 136.0
63 27.0 143.0
64 15.0 131.0
70 128.0 38.0
71 129.0 39.0
73 132.0 26.0
75 96.0 24.0
76 89.0 27.0
78 91.0 25.0
80 95.0 62.0
86 99.0 30.0
88 91.0 40.0
92 169.0 79.0
98 99.0 17.0
103 150.0 55.0
104 175.0 85.0
107 160.0 64.0
108 163.0 67.0
110 182.0 92.0
114 179.0 89.0

;