set O:= 0 1;
set N:= 8 10 15 21 22 26 28 32 35 45 57 59 64 69 71 73 75 76 80 81 84 88 93 96 100 101 108 109 111 119;
set M:= 122 123 124 129 130 131 134 137 143 144;
set K:= 1 2 3 4 5;
param D:= 100;
param Q:= 540;
param v:= 2000000;
param f:= 
122 24000
123 26037
124 63000
129 42028
130 45000
131 73862
134 96841
137 27856
143 48720
144 52000
;
param:	xcoord ycoord w q:=
0 -32.75044 -70.72613 0 1 
1 -33.0433 -71.624 0 1 
8 -32.44708 -71.19315 110 1 
10 -32.43335 -71.23322 48 1 
15 -32.44511 -71.32299 71 1 
21 -32.80094 -70.95847 94 1 
22 -32.75643 -70.94537 48 1 
26 -32.84855 -70.98046 116 1 
28 -32.86292 -70.94795 99 1 
32 -32.66447 -70.697 94 1 
35 -32.7126 -70.74393 65 1 
45 -32.74039 -70.64 42 1 
57 -32.89552 -70.6746 98 1 
59 -32.83316 -70.70835 85 1 
64 -32.75022 -70.59169 119 1 
69 -33.37956 -71.38904 76 1 
71 -33.29475 -71.41066 32 1 
73 -33.20765 -71.57225 80 1 
75 -32.91508 -71.49869 66 1 
76 -32.93269 -71.43975 112 1 
80 -32.63102 -71.41979 41 1 
81 -32.68399 -71.39191 70 1 
84 -32.86028 -71.45447 70 1 
88 -32.80869 -71.44189 36 1 
93 -33.01883 -71.50131 58 1 
96 -32.99633 -71.50138 105 1 
100 -33.38903 -71.69158 108 1 
101 -33.34522 -71.64882 59 1 
108 -33.44564 -71.67852 41 1 
109 -33.44473 -71.67916 117 1 
111 -33.77523 -71.42462 65 1 
119 -33.8283 -71.64323 81 1 
122 -32.77961 -70.95976 0 1 
123 -32.88254 -71.09009 0 1 
124 -32.85659 -70.41855 0 1 
129 -32.44456 -71.22894 0 1 
130 -33.65802 -71.56785 0 1 
131 -33.65502 -71.62965 0 1 
134 -33.61172 -71.60733 0 1 
137 -32.91915 -71.52057 0 1 
143 -32.78349 -71.53032 0 1 
144 -32.77144 -71.53401 0 1 
;
param d[*,*]
#distancia de viaje entre puentes
: 8 10 15 21 22 26 28 32 35 45 57 59 64 69 71 73 75 76 80 81 84 88 93 96 100 101 108 109 111 119:=
8 0.0 4.0 14.0 75.0 79.0 69.0 73.0 91.0 95.0 109.0 115.0 109.0 115.0 132.0 122.0 122.0 78.0 77.0 40.0 51.0 68.0 61.0 92.0 91.0 150.0 143.0 157.0 157.0 196.0 203.0
10 4.0 0.0 11.0 72.0 76.0 66.0 71.0 95.0 100.0 106.0 112.0 106.0 112.0 130.0 120.0 119.0 76.0 75.0 37.0 48.0 65.0 59.0 90.0 88.0 148.0 141.0 154.0 154.0 193.0 200.0
15 14.0 11.0 0.0 71.0 76.0 66.0 70.0 102.0 100.0 106.0 112.0 105.0 111.0 129.0 119.0 118.0 75.0 74.0 36.0 48.0 65.0 58.0 89.0 88.0 147.0 140.0 154.0 154.0 192.0 199.0
21 74.0 71.0 70.0 0.0 6.0 7.0 11.0 39.0 30.0 37.0 43.0 36.0 42.0 114.0 104.0 108.0 72.0 64.0 71.0 65.0 71.0 67.0 79.0 78.0 132.0 125.0 139.0 139.0 177.0 185.0
22 78.0 76.0 75.0 6.0 0.0 13.0 17.0 41.0 32.0 43.0 48.0 42.0 48.0 119.0 109.0 113.0 76.0 68.0 76.0 70.0 75.0 72.0 83.0 82.0 137.0 130.0 143.0 143.0 182.0 189.0
26 76.0 73.0 73.0 14.0 20.0 0.0 5.0 51.0 42.0 48.0 49.0 48.0 54.0 117.0 107.0 111.0 74.0 66.0 74.0 68.0 73.0 69.0 81.0 80.0 134.0 127.0 141.0 141.0 180.0 187.0
28 73.0 71.0 70.0 11.0 17.0 5.0 0.0 48.0 39.0 45.0 47.0 45.0 51.0 114.0 104.0 108.0 71.0 63.0 71.0 65.0 70.0 67.0 78.0 77.0 132.0 125.0 138.0 138.0 177.0 184.0
32 91.0 95.0 102.0 39.0 41.0 45.0 49.0 0.0 9.0 23.0 32.0 25.0 29.0 152.0 142.0 146.0 110.0 102.0 109.0 103.0 109.0 105.0 117.0 116.0 170.0 163.0 177.0 177.0 193.0 223.0
35 95.0 99.0 99.0 30.0 32.0 36.0 40.0 9.0 0.0 14.0 23.0 17.0 20.0 143.0 133.0 137.0 101.0 93.0 100.0 94.0 100.0 96.0 108.0 107.0 161.0 154.0 168.0 168.0 184.0 214.0
45 109.0 106.0 105.0 36.0 42.0 42.0 45.0 22.0 14.0 0.0 25.0 20.0 6.0 149.0 139.0 143.0 106.0 99.0 106.0 100.0 106.0 102.0 114.0 112.0 167.0 160.0 174.0 174.0 186.0 219.0
57 114.0 112.0 111.0 42.0 48.0 48.0 46.0 32.0 23.0 25.0 0.0 9.0 22.0 132.0 132.0 138.0 112.0 105.0 112.0 106.0 112.0 108.0 112.0 116.0 160.0 153.0 164.0 164.0 161.0 193.0
59 108.0 106.0 105.0 36.0 42.0 42.0 45.0 26.0 17.0 20.0 9.0 0.0 23.0 141.0 139.0 143.0 106.0 98.0 106.0 100.0 105.0 102.0 113.0 112.0 166.0 159.0 173.0 173.0 170.0 202.0
64 114.0 111.0 110.0 42.0 48.0 47.0 51.0 28.0 19.0 6.0 22.0 23.0 0.0 153.0 144.0 148.0 112.0 104.0 111.0 106.0 111.0 107.0 119.0 118.0 172.0 165.0 179.0 179.0 183.0 215.0
69 132.0 130.0 129.0 114.0 118.0 108.0 113.0 152.0 143.0 148.0 135.0 144.0 154.0 0.0 10.0 37.0 66.0 67.0 106.0 100.0 77.0 83.0 53.0 56.0 36.0 34.0 37.0 37.0 67.0 74.0
71 122.0 120.0 119.0 104.0 108.0 98.0 103.0 142.0 133.0 138.0 133.0 138.0 144.0 10.0 0.0 27.0 56.0 57.0 96.0 90.0 67.0 73.0 43.0 46.0 37.0 30.0 43.0 43.0 74.0 81.0
73 122.0 120.0 119.0 108.0 112.0 102.0 106.0 145.0 137.0 142.0 138.0 142.0 148.0 36.0 27.0 0.0 43.0 44.0 83.0 77.0 54.0 60.0 29.0 33.0 36.0 29.0 43.0 43.0 98.0 99.0
75 79.0 77.0 76.0 72.0 76.0 66.0 71.0 109.0 101.0 106.0 112.0 106.0 112.0 67.0 57.0 43.0 0.0 8.0 40.0 34.0 11.0 17.0 14.0 13.0 79.0 72.0 86.0 85.0 129.0 136.0
76 78.0 76.0 75.0 64.0 68.0 58.0 63.0 102.0 93.0 98.0 104.0 98.0 104.0 68.0 58.0 44.0 8.0 0.0 39.0 33.0 10.0 16.0 15.0 14.0 80.0 73.0 87.0 86.0 130.0 137.0
80 40.0 37.0 36.0 70.0 75.0 65.0 69.0 108.0 99.0 105.0 111.0 104.0 110.0 106.0 96.0 82.0 39.0 38.0 0.0 11.0 28.0 22.0 53.0 51.0 117.0 110.0 124.0 124.0 167.0 175.0
81 59.0 56.0 55.0 73.0 77.0 67.0 71.0 110.0 101.0 107.0 113.0 106.0 113.0 108.0 98.0 85.0 41.0 40.0 19.0 0.0 31.0 24.0 55.0 54.0 120.0 113.0 127.0 127.0 170.0 177.0
84 69.0 66.0 65.0 71.0 75.0 65.0 70.0 108.0 100.0 105.0 111.0 105.0 111.0 77.0 68.0 54.0 10.0 10.0 29.0 23.0 0.0 6.0 25.0 23.0 89.0 82.0 96.0 96.0 139.0 146.0
88 62.0 60.0 59.0 67.0 71.0 61.0 65.0 104.0 95.0 101.0 107.0 101.0 107.0 84.0 74.0 60.0 17.0 16.0 23.0 17.0 6.0 0.0 31.0 30.0 95.0 88.0 102.0 102.0 145.0 153.0
93 93.0 90.0 89.0 79.0 83.0 73.0 77.0 116.0 107.0 113.0 114.0 113.0 119.0 53.0 43.0 30.0 13.0 15.0 53.0 47.0 24.0 31.0 0.0 4.0 65.0 58.0 72.0 72.0 115.0 122.0
96 89.0 87.0 86.0 76.0 80.0 70.0 74.0 113.0 104.0 110.0 116.0 110.0 116.0 59.0 49.0 36.0 10.0 12.0 50.0 44.0 21.0 27.0 6.0 0.0 71.0 64.0 78.0 78.0 121.0 128.0
100 150.0 147.0 146.0 132.0 136.0 126.0 130.0 169.0 160.0 166.0 161.0 166.0 172.0 35.0 37.0 36.0 78.0 79.0 118.0 112.0 88.0 95.0 64.0 68.0 0.0 7.0 7.0 7.0 64.0 62.0
101 143.0 140.0 140.0 125.0 129.0 119.0 123.0 162.0 153.0 159.0 154.0 159.0 165.0 36.0 30.0 29.0 71.0 72.0 111.0 105.0 82.0 88.0 57.0 61.0 7.0 0.0 14.0 14.0 69.0 70.0
108 157.0 154.0 153.0 139.0 143.0 133.0 137.0 176.0 167.0 173.0 166.0 172.0 179.0 36.0 42.0 43.0 85.0 86.0 124.0 119.0 95.0 102.0 71.0 75.0 7.0 14.0 0.0 0.0 57.0 55.0
109 157.0 154.0 153.0 138.0 143.0 133.0 137.0 176.0 167.0 173.0 166.0 172.0 179.0 36.0 42.0 43.0 85.0 85.0 124.0 119.0 95.0 102.0 71.0 75.0 7.0 14.0 0.0 0.0 57.0 56.0
111 194.0 191.0 191.0 176.0 180.0 170.0 174.0 196.0 187.0 189.0 164.0 173.0 185.0 66.0 73.0 97.0 127.0 128.0 167.0 161.0 138.0 144.0 113.0 117.0 63.0 67.0 56.0 56.0 0.0 65.0
119 202.0 199.0 198.0 184.0 188.0 178.0 182.0 221.0 212.0 218.0 196.0 205.0 218.0 73.0 81.0 99.0 135.0 136.0 174.0 169.0 145.0 152.0 121.0 125.0 63.0 70.0 56.0 56.0 65.0 0.0

#distancia viaje entre puentes y alojamientos
: 122 123 124 129 130 131 134 137 143 144:=
8 76.0 63.0 132.0 5.0 180.0 178.0 172.0 81.0 70.0 71.0
10 73.0 61.0 130.0 3.0 177.0 175.0 169.0 78.0 67.0 69.0
15 72.0 60.0 129.0 10.0 176.0 174.0 168.0 78.0 67.0 68.0
21 2.0 23.0 60.0 70.0 162.0 160.0 154.0 72.0 77.0 79.0
22 4.0 29.0 66.0 74.0 166.0 164.0 158.0 77.0 82.0 83.0
26 16.0 25.0 71.0 72.0 164.0 162.0 156.0 74.0 80.0 81.0
28 13.0 22.0 68.0 69.0 161.0 159.0 153.0 72.0 77.0 78.0
32 37.0 61.0 48.0 93.0 200.0 198.0 192.0 110.0 115.0 117.0
35 28.0 52.0 39.0 97.0 191.0 189.0 183.0 101.0 106.0 108.0
45 39.0 58.0 31.0 104.0 194.0 194.0 188.0 107.0 112.0 114.0
57 45.0 64.0 29.0 110.0 169.0 176.0 172.0 113.0 118.0 120.0
59 38.0 57.0 31.0 104.0 178.0 185.0 181.0 106.0 112.0 113.0
64 44.0 63.0 27.0 110.0 191.0 197.0 193.0 112.0 117.0 119.0
69 115.0 102.0 163.0 128.0 51.0 49.0 43.0 63.0 88.0 89.0
71 105.0 92.0 161.0 118.0 59.0 57.0 50.0 53.0 78.0 79.0
73 109.0 95.0 165.0 118.0 76.0 74.0 68.0 39.0 64.0 66.0
75 73.0 59.0 129.0 75.0 113.0 111.0 105.0 2.0 21.0 23.0
76 65.0 51.0 121.0 74.0 114.0 112.0 106.0 8.0 27.0 28.0
80 71.0 59.0 128.0 36.0 152.0 150.0 144.0 41.0 30.0 32.0
81 74.0 61.0 130.0 54.0 154.0 152.0 146.0 44.0 33.0 35.0
84 72.0 58.0 128.0 65.0 123.0 121.0 115.0 13.0 17.0 19.0
88 68.0 55.0 124.0 58.0 130.0 128.0 122.0 19.0 11.0 12.0
93 80.0 66.0 136.0 89.0 99.0 97.0 91.0 14.0 35.0 36.0
96 77.0 63.0 133.0 85.0 105.0 103.0 97.0 10.0 31.0 33.0
100 133.0 119.0 189.0 146.0 39.0 38.0 31.0 74.0 99.0 101.0
101 126.0 112.0 182.0 139.0 47.0 45.0 39.0 67.0 92.0 94.0
108 140.0 126.0 195.0 153.0 32.0 30.0 24.0 81.0 106.0 107.0
109 139.0 126.0 195.0 152.0 33.0 31.0 25.0 81.0 106.0 107.0
111 177.0 163.0 192.0 190.0 33.0 40.0 36.0 123.0 148.0 150.0
119 185.0 171.0 225.0 198.0 37.0 30.0 31.0 131.0 156.0 157.0

#distancia entre alojamientos y puentes
: 8 10 15 21 22 26 28 32 35 45 57 59 64 69 71 73 75 76 80 81 84 88 93 96 100 101 108 109 111 119:=
122 76.0 73.0 72.0 2.0 3.0 10.0 13.0 37.0 28.0 39.0 45.0 39.0 45.0 116.0 106.0 110.0 73.0 66.0 73.0 67.0 73.0 69.0 81.0 79.0 134.0 127.0 141.0 141.0 179.0 186.0
123 63.0 60.0 60.0 23.0 29.0 18.0 22.0 61.0 52.0 58.0 64.0 57.0 64.0 102.0 92.0 96.0 59.0 52.0 60.0 54.0 59.0 56.0 67.0 65.0 120.0 113.0 127.0 127.0 165.0 172.0
124 132.0 129.0 128.0 60.0 65.0 65.0 69.0 47.0 39.0 31.0 29.0 31.0 27.0 161.0 161.0 166.0 130.0 122.0 129.0 123.0 129.0 125.0 137.0 136.0 189.0 182.0 193.0 193.0 190.0 222.0
129 5.0 2.0 10.0 71.0 75.0 65.0 69.0 93.0 97.0 105.0 111.0 105.0 111.0 128.0 118.0 118.0 74.0 73.0 35.0 47.0 64.0 57.0 88.0 87.0 146.0 139.0 153.0 153.0 191.0 199.0
130 179.0 176.0 175.0 161.0 165.0 155.0 159.0 198.0 189.0 195.0 172.0 181.0 193.0 50.0 58.0 76.0 112.0 113.0 151.0 146.0 122.0 129.0 98.0 102.0 40.0 47.0 33.0 33.0 33.0 37.0
131 177.0 174.0 173.0 159.0 163.0 153.0 157.0 196.0 187.0 193.0 178.0 187.0 199.0 48.0 56.0 74.0 110.0 111.0 149.0 144.0 120.0 127.0 96.0 100.0 38.0 45.0 31.0 31.0 40.0 30.0
134 170.0 168.0 167.0 152.0 157.0 147.0 151.0 190.0 181.0 187.0 174.0 183.0 192.0 42.0 49.0 68.0 103.0 104.0 143.0 137.0 114.0 120.0 90.0 93.0 32.0 38.0 25.0 25.0 36.0 31.0
137 82.0 79.0 79.0 72.0 76.0 66.0 71.0 110.0 101.0 107.0 112.0 106.0 112.0 63.0 53.0 40.0 2.0 8.0 42.0 37.0 14.0 20.0 14.0 12.0 75.0 68.0 82.0 82.0 125.0 132.0
143 71.0 69.0 68.0 77.0 81.0 71.0 76.0 115.0 106.0 111.0 117.0 111.0 117.0 88.0 79.0 65.0 21.0 27.0 32.0 26.0 17.0 11.0 36.0 34.0 100.0 93.0 107.0 107.0 150.0 157.0
144 73.0 70.0 69.0 78.0 82.0 73.0 77.0 116.0 107.0 113.0 119.0 112.0 118.0 90.0 80.0 66.0 23.0 28.0 33.0 27.0 19.0 12.0 37.0 36.0 101.0 94.0 108.0 108.0 151.0 159.0

#distancia entre depositos y puentes
: 8 10 15 21 22 26 28 32 35 45 57 59 64 69 71 73 75 76 80 81 84 88 93 96 100 101 108 109 111 119:=
0 99.0 96.0 96.0 27.0 33.0 32.0 36.0 14.0 5.0 10.0 19.0 13.0 16.0 140.0 130.0 133.0 97.0 89.0 96.0 91.0 96.0 92.0 104.0 103.0 157.0 150.0 164.0 164.0 180.0 210.0
1 103.0 100.0 100.0 91.0 96.0 86.0 90.0 129.0 120.0 126.0 127.0 125.0 131.0 50.0 40.0 26.0 24.0 27.0 63.0 58.0 35.0 41.0 15.0 16.0 61.0 54.0 68.0 68.0 111.0 119.0

#distancia entre puentes y depositos
: 0 1:=
8 99.0 102.0
10 97.0 99.0
15 96.0 99.0
21 27.0 91.0
22 33.0 96.0
26 38.0 93.0
28 35.0 91.0
32 14.0 129.0
35 5.0 120.0
45 10.0 126.0
57 19.0 125.0
59 12.0 126.0
64 15.0 131.0
69 138.0 49.0
71 129.0 39.0
73 132.0 26.0
75 96.0 24.0
76 89.0 27.0
80 95.0 62.0
81 97.0 65.0
84 95.0 34.0
88 91.0 40.0
93 103.0 15.0
96 100.0 18.0
100 156.0 60.0
101 149.0 54.0
108 163.0 67.0
109 163.0 67.0
111 183.0 110.0
119 208.0 118.0

;