set O:= 0 1;
set N:= 2 16 37 51 52 63 73 76 89 119;
set M:= 126 127 130 147;
set K:= 1 2 3;
param D:= 100;
param Q:= 540;
param v:= 2000000;
param f:= 
126 68517
127 25694
130 45000
147 45000
;
param:	xcoord ycoord w q:=
0 -32.75044 -70.72613 0 1 
1 -33.0433 -71.624 0 1 
2 -32.5191 -70.92373 38 1 
16 -32.21823 -70.82151 78 1 
37 -32.81691 -70.71195 53 1 
51 -32.90645 -70.28716 50 1 
52 -32.90338 -70.26912 86 1 
63 -32.76227 -70.50125 44 1 
73 -33.20765 -71.57225 80 1 
76 -32.93269 -71.43975 112 1 
89 -33.10385 -71.66487 64 1 
119 -33.8283 -71.64323 81 1 
126 -32.25311 -70.93619 0 1 
127 -32.24898 -70.9333 0 1 
130 -33.65802 -71.56785 0 1 
147 -33.32534 -71.38598 0 1 
;
param d[*,*]
#distancia de viaje entre puentes
: 2 16 37 51 52 63 73 76 89 119:=
2 0.0 48.0 69.0 110.0 112.0 86.0 160.0 115.0 151.0 239.0
16 48.0 0.0 87.0 128.0 130.0 103.0 178.0 134.0 170.0 259.0
37 69.0 87.0 0.0 47.0 49.0 27.0 141.0 96.0 135.0 204.0
51 109.0 127.0 47.0 0.0 2.0 46.0 183.0 139.0 177.0 239.0
52 133.0 151.0 71.0 3.0 0.0 70.0 207.0 162.0 201.0 263.0
63 85.0 103.0 27.0 47.0 49.0 0.0 160.0 115.0 154.0 219.0
73 160.0 179.0 140.0 182.0 184.0 159.0 0.0 44.0 31.0 99.0
76 116.0 135.0 96.0 138.0 140.0 115.0 44.0 0.0 39.0 137.0
89 153.0 171.0 135.0 177.0 179.0 154.0 28.0 39.0 0.0 120.0
119 237.0 259.0 208.0 242.0 244.0 222.0 99.0 136.0 123.0 0.0

#distancia viaje entre puentes y alojamientos
: 126 127 130 147:=
2 54.0 55.0 216.0 164.0
16 12.0 12.0 236.0 185.0
37 99.0 99.0 180.0 141.0
51 140.0 139.0 215.0 175.0
52 164.0 163.0 239.0 199.0
63 115.0 115.0 195.0 155.0
73 168.0 168.0 76.0 32.0
76 124.0 124.0 114.0 64.0
89 160.0 161.0 98.0 47.0
119 247.0 248.0 37.0 79.0

#distancia entre alojamientos y puentes
: 2 16 37 51 52 63 73 76 89 119:=
126 54.0 13.0 99.0 140.0 142.0 116.0 166.0 122.0 158.0 247.0
127 55.0 12.0 99.0 140.0 142.0 116.0 167.0 123.0 159.0 248.0
130 214.0 236.0 183.0 217.0 219.0 197.0 76.0 113.0 100.0 37.0
147 163.0 184.0 141.0 179.0 181.0 159.0 32.0 62.0 49.0 80.0

#distancia entre depositos y puentes
: 2 16 37 51 52 63 73 76 89 119:=
0 60.0 77.0 11.0 51.0 53.0 27.0 133.0 89.0 128.0 210.0
1 141.0 160.0 123.0 165.0 167.0 143.0 26.0 27.0 12.0 119.0

#distancia entre puentes y depositos
: 0 1:=
2 59.0 140.0
16 77.0 158.0
37 11.0 124.0
51 51.0 166.0
52 75.0 190.0
63 27.0 143.0
73 132.0 26.0
76 89.0 27.0
89 127.0 12.0
119 208.0 118.0

;