set O:= 0 1;
set N:= 2 3 4 10 13 15 16 17 26 28 37 39 44 48 50 52 59 62 64 69 70 71 73 80 81 84 86 89 93 96 98 100 101 103 105 108 110 115 116 119;
set M:= 126 127 129 130 134 137 143 144 146 147;
set K:= 1 2 3 4 5;
param D:= 100;
param Q:= 540;
param v:= 2000000;
param f:= 
126 68517
127 25694
129 42028
130 45000
134 96841
137 27856
143 48720
144 52000
146 78000
147 45000
;
param:	xcoord ycoord w q:=
0 -32.75044 -70.72613 0 1 
1 -33.0433 -71.624 0 1 
2 -32.5191 -70.92373 38 1 
3 -32.35092 -70.79153 105 1 
4 -32.44056 -71.00665 106 1 
10 -32.43335 -71.23322 48 1 
13 -32.34055 -71.17481 99 1 
15 -32.44511 -71.32299 71 1 
16 -32.21823 -70.82151 78 1 
17 -32.34859 -71.07237 51 1 
26 -32.84855 -70.98046 116 1 
28 -32.86292 -70.94795 99 1 
37 -32.81691 -70.71195 53 1 
39 -32.74002 -70.64044 105 1 
44 -32.76742 -70.61154 38 1 
48 -32.88608 -70.59211 103 1 
50 -32.87857 -70.20821 39 1 
52 -32.90338 -70.26912 86 1 
59 -32.83316 -70.70835 85 1 
62 -32.76924 -70.56035 84 1 
64 -32.75022 -70.59169 119 1 
69 -33.37956 -71.38904 76 1 
70 -33.29115 -71.47716 94 1 
71 -33.29475 -71.41066 32 1 
73 -33.20765 -71.57225 80 1 
80 -32.63102 -71.41979 41 1 
81 -32.68399 -71.39191 70 1 
84 -32.86028 -71.45447 70 1 
86 -32.86452 -71.49062 87 1 
89 -33.10385 -71.66487 64 1 
93 -33.01883 -71.50131 58 1 
96 -32.99633 -71.50138 105 1 
98 -32.98749 -71.50073 83 1 
100 -33.38903 -71.69158 108 1 
101 -33.34522 -71.64882 59 1 
103 -33.35491 -71.65289 40 1 
105 -33.53115 -71.54035 119 1 
108 -33.44564 -71.67852 41 1 
110 -33.63989 -71.57131 49 1 
115 -33.93803 -71.7365 56 1 
116 -33.88859 -71.64141 97 1 
119 -33.8283 -71.64323 81 1 
126 -32.25311 -70.93619 0 1 
127 -32.24898 -70.9333 0 1 
129 -32.44456 -71.22894 0 1 
130 -33.65802 -71.56785 0 1 
134 -33.61172 -71.60733 0 1 
137 -32.91915 -71.52057 0 1 
143 -32.78349 -71.53032 0 1 
144 -32.77144 -71.53401 0 1 
146 -33.38843 -71.53636 0 1 
147 -33.32534 -71.38598 0 1 
;
param d[*,*]
#distancia de viaje entre puentes
: 2 3 4 10 13 15 16 17 26 28 37 39 44 48 50 52 59 62 64 69 70 71 73 80 81 84 86 89 93 96 98 100 101 103 105 108 110 115 116 119:=
2 0.0 29.0 16.0 45.0 42.0 52.0 48.0 35.0 63.0 66.0 69.0 69.0 72.0 82.0 118.0 112.0 71.0 79.0 74.0 169.0 158.0 159.0 160.0 78.0 89.0 106.0 109.0 151.0 130.0 129.0 126.0 186.0 179.0 180.0 194.0 193.0 213.0 257.0 249.0 239.0
3 29.0 0.0 26.0 55.0 52.0 62.0 19.0 46.0 90.0 94.0 68.0 68.0 71.0 82.0 118.0 111.0 70.0 78.0 74.0 181.0 171.0 171.0 170.0 88.0 99.0 116.0 120.0 161.0 140.0 139.0 136.0 198.0 191.0 192.0 207.0 205.0 225.0 269.0 261.0 251.0
4 16.0 26.0 0.0 29.0 27.0 36.0 45.0 20.0 78.0 82.0 84.0 84.0 87.0 98.0 134.0 127.0 86.0 94.0 90.0 155.0 145.0 145.0 144.0 62.0 73.0 90.0 94.0 136.0 115.0 114.0 110.0 173.0 166.0 167.0 181.0 180.0 200.0 244.0 236.0 225.0
10 45.0 55.0 30.0 0.0 19.0 11.0 60.0 30.0 66.0 71.0 104.0 106.0 110.0 118.0 155.0 148.0 106.0 116.0 112.0 130.0 120.0 120.0 119.0 37.0 48.0 65.0 69.0 110.0 90.0 88.0 85.0 148.0 141.0 142.0 156.0 154.0 175.0 219.0 211.0 200.0
13 42.0 52.0 27.0 19.0 0.0 29.0 50.0 19.0 84.0 89.0 111.0 110.0 113.0 124.0 160.0 154.0 113.0 120.0 116.0 148.0 138.0 138.0 137.0 55.0 66.0 83.0 87.0 128.0 108.0 106.0 103.0 166.0 159.0 160.0 174.0 172.0 193.0 237.0 229.0 218.0
15 52.0 62.0 37.0 11.0 30.0 0.0 71.0 41.0 66.0 70.0 103.0 106.0 109.0 117.0 154.0 147.0 105.0 115.0 111.0 129.0 119.0 119.0 118.0 36.0 48.0 65.0 68.0 110.0 89.0 88.0 84.0 147.0 140.0 141.0 155.0 154.0 174.0 218.0 210.0 199.0
16 48.0 19.0 45.0 60.0 49.0 70.0 0.0 31.0 108.0 112.0 87.0 86.0 89.0 100.0 136.0 130.0 89.0 96.0 92.0 189.0 179.0 179.0 178.0 96.0 107.0 124.0 128.0 170.0 149.0 147.0 144.0 207.0 200.0 201.0 215.0 213.0 234.0 278.0 270.0 259.0
17 35.0 46.0 20.0 30.0 19.0 40.0 31.0 0.0 95.0 100.0 104.0 104.0 107.0 118.0 154.0 147.0 106.0 114.0 110.0 159.0 149.0 149.0 148.0 66.0 77.0 94.0 98.0 139.0 118.0 117.0 114.0 176.0 169.0 170.0 185.0 183.0 203.0 247.0 239.0 229.0
26 69.0 96.0 85.0 73.0 92.0 73.0 114.0 103.0 0.0 5.0 46.0 48.0 52.0 58.0 96.0 90.0 48.0 58.0 54.0 117.0 107.0 107.0 111.0 74.0 68.0 73.0 78.0 105.0 81.0 80.0 77.0 134.0 127.0 129.0 143.0 141.0 161.0 205.0 198.0 187.0
28 66.0 93.0 82.0 71.0 89.0 70.0 111.0 100.0 5.0 0.0 43.0 45.0 49.0 55.0 93.0 87.0 45.0 55.0 51.0 114.0 104.0 104.0 108.0 71.0 65.0 70.0 75.0 102.0 78.0 77.0 74.0 132.0 125.0 126.0 140.0 138.0 159.0 203.0 195.0 184.0
37 69.0 69.0 84.0 104.0 111.0 103.0 87.0 104.0 40.0 43.0 0.0 17.0 21.0 17.0 55.0 49.0 3.0 20.0 23.0 143.0 137.0 137.0 141.0 104.0 98.0 103.0 108.0 135.0 111.0 110.0 107.0 165.0 158.0 159.0 169.0 171.0 178.0 214.0 200.0 204.0
39 68.0 67.0 83.0 106.0 110.0 105.0 86.0 103.0 42.0 46.0 17.0 0.0 6.0 22.0 56.0 50.0 20.0 11.0 6.0 149.0 139.0 139.0 143.0 106.0 100.0 106.0 110.0 137.0 114.0 113.0 109.0 167.0 160.0 161.0 175.0 174.0 191.0 228.0 214.0 219.0
44 71.0 71.0 87.0 109.0 113.0 108.0 89.0 106.0 45.0 49.0 20.0 6.0 0.0 18.0 53.0 46.0 23.0 8.0 3.0 152.0 142.0 142.0 146.0 109.0 103.0 109.0 113.0 140.0 117.0 116.0 112.0 170.0 163.0 164.0 178.0 177.0 188.0 225.0 211.0 215.0
48 83.0 82.0 98.0 117.0 124.0 117.0 100.0 118.0 53.0 54.0 17.0 21.0 18.0 0.0 48.0 42.0 16.0 15.0 18.0 141.0 141.0 141.0 146.0 117.0 112.0 117.0 122.0 146.0 121.0 124.0 120.0 169.0 162.0 163.0 167.0 173.0 176.0 212.0 198.0 202.0
50 118.0 117.0 133.0 154.0 160.0 153.0 136.0 153.0 90.0 94.0 55.0 56.0 52.0 48.0 0.0 14.0 56.0 48.0 52.0 186.0 186.0 186.0 191.0 154.0 149.0 154.0 159.0 186.0 162.0 161.0 157.0 214.0 207.0 208.0 212.0 218.0 221.0 257.0 243.0 247.0
52 133.0 133.0 149.0 170.0 175.0 169.0 151.0 169.0 106.0 109.0 71.0 71.0 68.0 64.0 7.0 0.0 71.0 63.0 67.0 201.0 201.0 202.0 207.0 170.0 164.0 169.0 174.0 201.0 177.0 176.0 173.0 229.0 222.0 223.0 228.0 233.0 236.0 272.0 259.0 263.0
59 71.0 70.0 86.0 106.0 113.0 105.0 89.0 106.0 42.0 45.0 3.0 20.0 23.0 16.0 56.0 49.0 0.0 20.0 23.0 141.0 139.0 139.0 143.0 106.0 100.0 105.0 110.0 137.0 113.0 112.0 109.0 166.0 159.0 161.0 167.0 173.0 176.0 212.0 198.0 202.0
62 78.0 78.0 94.0 116.0 120.0 115.0 96.0 114.0 52.0 55.0 20.0 11.0 8.0 15.0 48.0 41.0 20.0 0.0 5.0 151.0 149.0 149.0 153.0 116.0 110.0 115.0 120.0 147.0 123.0 122.0 119.0 176.0 169.0 171.0 177.0 183.0 185.0 222.0 208.0 212.0
64 73.0 73.0 89.0 111.0 115.0 110.0 91.0 109.0 47.0 51.0 23.0 6.0 3.0 18.0 52.0 46.0 23.0 5.0 0.0 153.0 144.0 144.0 148.0 111.0 106.0 111.0 116.0 143.0 119.0 118.0 114.0 172.0 165.0 166.0 180.0 179.0 188.0 225.0 211.0 215.0
69 168.0 180.0 155.0 130.0 148.0 129.0 189.0 159.0 108.0 113.0 146.0 148.0 152.0 143.0 189.0 182.0 144.0 153.0 154.0 0.0 16.0 10.0 37.0 106.0 100.0 77.0 74.0 54.0 53.0 56.0 57.0 36.0 34.0 33.0 30.0 37.0 48.0 92.0 84.0 74.0
70 158.0 170.0 144.0 119.0 138.0 119.0 179.0 149.0 98.0 103.0 136.0 138.0 142.0 142.0 186.0 180.0 138.0 148.0 144.0 16.0 0.0 10.0 25.0 95.0 89.0 66.0 63.0 43.0 41.0 45.0 46.0 28.0 21.0 22.0 36.0 35.0 55.0 99.0 91.0 80.0
71 158.0 170.0 145.0 120.0 138.0 119.0 179.0 149.0 98.0 103.0 136.0 138.0 142.0 142.0 187.0 180.0 138.0 148.0 144.0 10.0 10.0 0.0 27.0 96.0 90.0 67.0 64.0 44.0 43.0 46.0 47.0 37.0 30.0 31.0 37.0 43.0 56.0 100.0 92.0 81.0
73 160.0 170.0 145.0 120.0 138.0 119.0 179.0 149.0 102.0 106.0 140.0 142.0 146.0 147.0 190.0 184.0 142.0 152.0 148.0 36.0 25.0 27.0 0.0 83.0 77.0 54.0 51.0 31.0 29.0 33.0 34.0 36.0 29.0 30.0 61.0 43.0 73.0 117.0 109.0 99.0
80 77.0 88.0 62.0 37.0 55.0 36.0 96.0 66.0 65.0 69.0 102.0 105.0 108.0 116.0 153.0 146.0 104.0 114.0 110.0 106.0 94.0 96.0 82.0 0.0 11.0 28.0 32.0 74.0 53.0 51.0 48.0 117.0 110.0 112.0 130.0 124.0 149.0 193.0 185.0 175.0
81 96.0 107.0 81.0 56.0 74.0 55.0 115.0 85.0 67.0 71.0 105.0 107.0 111.0 118.0 155.0 148.0 106.0 117.0 113.0 108.0 97.0 98.0 85.0 19.0 0.0 31.0 35.0 76.0 55.0 54.0 51.0 120.0 113.0 114.0 133.0 127.0 152.0 196.0 188.0 177.0
84 107.0 117.0 91.0 66.0 84.0 65.0 125.0 95.0 65.0 70.0 103.0 105.0 109.0 117.0 153.0 147.0 105.0 115.0 111.0 77.0 66.0 68.0 54.0 29.0 23.0 0.0 5.0 45.0 25.0 23.0 20.0 89.0 82.0 83.0 102.0 96.0 121.0 165.0 157.0 146.0
86 111.0 121.0 95.0 70.0 88.0 69.0 130.0 99.0 68.0 73.0 106.0 109.0 112.0 120.0 157.0 150.0 108.0 118.0 114.0 74.0 62.0 64.0 50.0 33.0 27.0 6.0 0.0 42.0 21.0 20.0 17.0 85.0 78.0 80.0 98.0 92.0 117.0 161.0 153.0 143.0
89 153.0 163.0 137.0 112.0 130.0 111.0 171.0 141.0 97.0 102.0 135.0 137.0 141.0 147.0 186.0 179.0 137.0 147.0 143.0 51.0 40.0 42.0 28.0 75.0 69.0 46.0 43.0 0.0 27.0 28.0 29.0 63.0 56.0 57.0 76.0 70.0 95.0 139.0 131.0 120.0
93 131.0 141.0 115.0 90.0 108.0 89.0 150.0 119.0 73.0 77.0 111.0 113.0 117.0 123.0 161.0 155.0 113.0 123.0 119.0 53.0 42.0 43.0 30.0 53.0 47.0 24.0 21.0 27.0 0.0 4.0 4.0 65.0 58.0 59.0 78.0 72.0 97.0 141.0 133.0 122.0
96 127.0 137.0 112.0 87.0 105.0 86.0 146.0 116.0 70.0 74.0 108.0 110.0 114.0 121.0 158.0 152.0 110.0 120.0 116.0 59.0 48.0 49.0 36.0 50.0 44.0 21.0 18.0 30.0 6.0 0.0 2.0 71.0 64.0 65.0 84.0 78.0 103.0 147.0 139.0 128.0
98 126.0 137.0 111.0 86.0 104.0 85.0 145.0 115.0 69.0 73.0 106.0 109.0 112.0 120.0 157.0 150.0 108.0 118.0 115.0 58.0 46.0 48.0 34.0 49.0 43.0 20.0 17.0 28.0 5.0 4.0 0.0 69.0 62.0 64.0 82.0 76.0 101.0 145.0 137.0 127.0
100 185.0 198.0 172.0 147.0 165.0 146.0 207.0 176.0 126.0 130.0 164.0 166.0 170.0 169.0 214.0 208.0 166.0 176.0 172.0 35.0 28.0 37.0 36.0 118.0 112.0 88.0 85.0 66.0 64.0 68.0 68.0 0.0 7.0 6.0 28.0 7.0 37.0 81.0 73.0 62.0
101 179.0 191.0 165.0 140.0 158.0 140.0 200.0 169.0 119.0 123.0 157.0 159.0 163.0 162.0 207.0 201.0 159.0 169.0 165.0 36.0 21.0 30.0 29.0 111.0 105.0 82.0 79.0 59.0 57.0 61.0 62.0 7.0 0.0 1.0 34.0 14.0 44.0 88.0 80.0 70.0
103 180.0 192.0 166.0 141.0 159.0 141.0 201.0 171.0 120.0 125.0 158.0 160.0 164.0 163.0 208.0 202.0 160.0 170.0 166.0 34.0 22.0 31.0 30.0 112.0 106.0 83.0 80.0 60.0 58.0 62.0 63.0 6.0 1.0 0.0 33.0 13.0 43.0 87.0 79.0 69.0
105 193.0 206.0 180.0 155.0 173.0 154.0 214.0 184.0 134.0 138.0 171.0 174.0 177.0 169.0 214.0 208.0 170.0 179.0 180.0 29.0 36.0 37.0 61.0 130.0 125.0 101.0 98.0 78.0 77.0 81.0 81.0 28.0 33.0 32.0 0.0 21.0 22.0 66.0 58.0 48.0
108 192.0 205.0 179.0 154.0 172.0 153.0 213.0 183.0 133.0 137.0 170.0 173.0 177.0 175.0 220.0 213.0 172.0 183.0 179.0 36.0 35.0 42.0 43.0 124.0 119.0 95.0 92.0 72.0 71.0 75.0 75.0 7.0 14.0 13.0 21.0 0.0 30.0 74.0 66.0 55.0
110 212.0 224.0 198.0 173.0 191.0 173.0 233.0 203.0 152.0 157.0 180.0 192.0 190.0 178.0 223.0 216.0 178.0 187.0 190.0 48.0 54.0 55.0 73.0 149.0 143.0 120.0 117.0 97.0 95.0 99.0 100.0 37.0 44.0 43.0 22.0 30.0 0.0 52.0 45.0 34.0
115 256.0 268.0 243.0 218.0 236.0 217.0 277.0 247.0 196.0 201.0 218.0 231.0 228.0 215.0 260.0 254.0 216.0 225.0 228.0 92.0 98.0 99.0 117.0 193.0 187.0 164.0 161.0 141.0 139.0 143.0 144.0 81.0 88.0 87.0 66.0 74.0 52.0 0.0 14.0 18.0
116 247.0 260.0 234.0 209.0 227.0 208.0 268.0 238.0 188.0 192.0 204.0 218.0 214.0 201.0 247.0 240.0 202.0 211.0 214.0 83.0 89.0 90.0 109.0 184.0 179.0 155.0 152.0 132.0 131.0 134.0 135.0 73.0 79.0 78.0 57.0 66.0 44.0 14.0 0.0 10.0
119 237.0 250.0 224.0 199.0 217.0 198.0 259.0 228.0 178.0 182.0 208.0 218.0 218.0 205.0 250.0 244.0 205.0 215.0 218.0 73.0 80.0 81.0 99.0 174.0 169.0 145.0 142.0 123.0 121.0 125.0 125.0 63.0 70.0 68.0 47.0 56.0 34.0 18.0 11.0 0.0

#distancia viaje entre puentes y alojamientos
: 126 127 129 130 134 137 143 144 146 147:=
2 54.0 55.0 43.0 216.0 208.0 119.0 108.0 109.0 180.0 164.0
3 32.0 31.0 53.0 228.0 220.0 129.0 118.0 120.0 192.0 177.0
4 39.0 40.0 28.0 202.0 194.0 103.0 92.0 94.0 166.0 151.0
10 49.0 49.0 3.0 177.0 169.0 78.0 67.0 69.0 141.0 126.0
13 38.0 39.0 21.0 195.0 187.0 96.0 85.0 87.0 159.0 144.0
15 59.0 60.0 10.0 176.0 168.0 78.0 67.0 68.0 140.0 125.0
16 12.0 12.0 62.0 236.0 228.0 137.0 126.0 128.0 200.0 185.0
17 20.0 20.0 32.0 206.0 198.0 107.0 96.0 98.0 170.0 155.0
26 121.0 122.0 72.0 164.0 156.0 74.0 80.0 81.0 128.0 113.0
28 118.0 119.0 69.0 161.0 153.0 72.0 77.0 78.0 125.0 110.0
37 99.0 99.0 102.0 180.0 183.0 105.0 110.0 111.0 156.0 141.0
39 98.0 98.0 105.0 194.0 188.0 107.0 112.0 114.0 160.0 145.0
44 101.0 101.0 108.0 191.0 192.0 110.0 115.0 117.0 163.0 148.0
48 113.0 113.0 116.0 178.0 180.0 118.0 124.0 125.0 154.0 139.0
50 148.0 148.0 153.0 223.0 226.0 155.0 160.0 162.0 199.0 184.0
52 164.0 163.0 168.0 239.0 241.0 171.0 176.0 177.0 215.0 199.0
59 101.0 101.0 104.0 178.0 181.0 106.0 112.0 113.0 154.0 139.0
62 109.0 108.0 114.0 188.0 190.0 116.0 122.0 123.0 164.0 148.0
64 103.0 103.0 110.0 191.0 193.0 112.0 117.0 119.0 166.0 151.0
69 177.0 178.0 128.0 51.0 43.0 63.0 88.0 89.0 18.0 9.0
70 167.0 168.0 118.0 57.0 49.0 52.0 76.0 78.0 21.0 12.0
71 168.0 168.0 118.0 59.0 50.0 53.0 78.0 79.0 24.0 7.0
73 168.0 168.0 118.0 76.0 68.0 39.0 64.0 66.0 46.0 32.0
80 85.0 85.0 36.0 152.0 144.0 41.0 30.0 32.0 115.0 101.0
81 104.0 104.0 54.0 154.0 146.0 44.0 33.0 35.0 118.0 104.0
84 114.0 115.0 65.0 123.0 115.0 13.0 17.0 19.0 87.0 73.0
86 118.0 119.0 69.0 120.0 112.0 9.0 15.0 16.0 83.0 69.0
89 160.0 161.0 111.0 98.0 89.0 34.0 57.0 58.0 61.0 47.0
93 138.0 139.0 89.0 99.0 91.0 14.0 35.0 36.0 63.0 49.0
96 135.0 135.0 85.0 105.0 97.0 10.0 31.0 33.0 69.0 55.0
98 134.0 134.0 84.0 104.0 96.0 9.0 30.0 32.0 67.0 53.0
100 195.0 196.0 146.0 39.0 31.0 74.0 99.0 101.0 17.0 39.0
101 188.0 189.0 139.0 47.0 39.0 67.0 92.0 94.0 17.0 32.0
103 189.0 190.0 140.0 46.0 38.0 69.0 93.0 95.0 16.0 33.0
105 203.0 204.0 154.0 25.0 17.0 87.0 112.0 113.0 33.0 35.0
108 202.0 203.0 153.0 32.0 24.0 81.0 106.0 107.0 17.0 40.0
110 221.0 222.0 172.0 3.0 6.0 106.0 130.0 132.0 43.0 53.0
115 265.0 266.0 216.0 55.0 50.0 150.0 174.0 176.0 87.0 97.0
116 257.0 257.0 207.0 47.0 41.0 141.0 166.0 167.0 79.0 89.0
119 247.0 248.0 198.0 37.0 31.0 131.0 156.0 157.0 69.0 79.0

#distancia entre alojamientos y puentes
: 2 3 4 10 13 15 16 17 26 28 37 39 44 48 50 52 59 62 64 69 70 71 73 80 81 84 86 89 93 96 98 100 101 103 105 108 110 115 116 119:=
126 54.0 32.0 39.0 48.0 38.0 59.0 13.0 19.0 114.0 118.0 99.0 99.0 102.0 113.0 149.0 142.0 101.0 109.0 105.0 177.0 167.0 167.0 166.0 84.0 96.0 112.0 116.0 158.0 137.0 136.0 132.0 195.0 188.0 189.0 203.0 202.0 222.0 266.0 258.0 247.0
127 55.0 31.0 40.0 49.0 38.0 59.0 12.0 20.0 115.0 119.0 99.0 99.0 102.0 112.0 148.0 142.0 101.0 109.0 104.0 178.0 168.0 168.0 167.0 85.0 96.0 113.0 117.0 159.0 138.0 137.0 133.0 196.0 189.0 190.0 204.0 203.0 223.0 267.0 259.0 248.0
129 43.0 53.0 28.0 2.0 20.0 10.0 62.0 31.0 65.0 69.0 103.0 105.0 109.0 116.0 153.0 147.0 105.0 115.0 111.0 128.0 118.0 118.0 118.0 35.0 47.0 64.0 67.0 109.0 88.0 87.0 83.0 146.0 139.0 140.0 154.0 153.0 173.0 217.0 209.0 199.0
130 214.0 227.0 201.0 176.0 194.0 175.0 236.0 205.0 155.0 159.0 183.0 195.0 193.0 180.0 225.0 219.0 181.0 190.0 193.0 50.0 57.0 58.0 76.0 151.0 146.0 122.0 119.0 100.0 98.0 102.0 102.0 40.0 47.0 45.0 24.0 33.0 3.0 55.0 47.0 37.0
134 206.0 219.0 193.0 168.0 186.0 167.0 227.0 197.0 147.0 151.0 184.0 187.0 190.0 182.0 227.0 221.0 183.0 192.0 192.0 42.0 48.0 49.0 68.0 143.0 137.0 114.0 111.0 91.0 90.0 93.0 94.0 32.0 38.0 37.0 16.0 25.0 6.0 50.0 42.0 31.0
137 120.0 130.0 104.0 79.0 97.0 79.0 139.0 108.0 66.0 71.0 104.0 107.0 110.0 118.0 155.0 148.0 106.0 116.0 112.0 63.0 52.0 53.0 40.0 42.0 37.0 14.0 10.0 34.0 14.0 12.0 10.0 75.0 68.0 69.0 88.0 82.0 107.0 151.0 143.0 132.0
143 109.0 119.0 94.0 69.0 87.0 68.0 128.0 98.0 71.0 76.0 109.0 111.0 115.0 123.0 160.0 153.0 111.0 121.0 117.0 88.0 77.0 79.0 65.0 32.0 26.0 17.0 15.0 56.0 36.0 34.0 31.0 100.0 93.0 94.0 113.0 107.0 132.0 176.0 168.0 157.0
144 110.0 121.0 95.0 70.0 88.0 69.0 129.0 99.0 73.0 77.0 110.0 113.0 116.0 124.0 161.0 154.0 112.0 122.0 118.0 90.0 78.0 80.0 66.0 33.0 27.0 19.0 16.0 58.0 37.0 36.0 33.0 101.0 94.0 96.0 114.0 108.0 133.0 177.0 169.0 159.0
146 180.0 192.0 167.0 142.0 160.0 141.0 201.0 171.0 120.0 125.0 158.0 160.0 164.0 157.0 202.0 196.0 158.0 167.0 166.0 18.0 22.0 24.0 45.0 117.0 111.0 88.0 85.0 65.0 63.0 67.0 68.0 18.0 16.0 15.0 33.0 19.0 43.0 87.0 80.0 69.0
147 163.0 175.0 150.0 125.0 143.0 124.0 184.0 154.0 103.0 108.0 141.0 143.0 147.0 142.0 187.0 181.0 143.0 152.0 149.0 9.0 12.0 5.0 32.0 101.0 95.0 72.0 69.0 49.0 48.0 51.0 52.0 39.0 32.0 33.0 35.0 41.0 54.0 98.0 90.0 80.0

#distancia entre depositos y puentes
: 2 3 4 10 13 15 16 17 26 28 37 39 44 48 50 52 59 62 64 69 70 71 73 80 81 84 86 89 93 96 98 100 101 103 105 108 110 115 116 119:=
0 60.0 59.0 75.0 96.0 101.0 96.0 77.0 95.0 32.0 36.0 11.0 10.0 14.0 23.0 60.0 53.0 13.0 20.0 16.0 140.0 129.0 130.0 133.0 96.0 91.0 96.0 101.0 128.0 104.0 103.0 99.0 157.0 150.0 151.0 165.0 164.0 184.0 222.0 208.0 210.0
1 141.0 151.0 125.0 100.0 118.0 100.0 160.0 130.0 86.0 90.0 123.0 126.0 129.0 135.0 174.0 167.0 125.0 135.0 131.0 50.0 38.0 40.0 26.0 63.0 58.0 35.0 31.0 12.0 15.0 16.0 17.0 61.0 54.0 55.0 74.0 68.0 93.0 137.0 129.0 119.0

#distancia entre puentes y depositos
: 0 1:=
2 59.0 140.0
3 59.0 150.0
4 75.0 124.0
10 97.0 99.0
13 101.0 117.0
15 96.0 99.0
16 77.0 158.0
17 95.0 128.0
26 38.0 93.0
28 35.0 91.0
37 11.0 124.0
39 10.0 126.0
44 13.0 129.0
48 24.0 134.0
50 59.0 174.0
52 75.0 190.0
59 12.0 126.0
62 20.0 136.0
64 15.0 131.0
69 138.0 49.0
70 128.0 38.0
71 129.0 39.0
73 132.0 26.0
80 95.0 62.0
81 97.0 65.0
84 95.0 34.0
86 99.0 30.0
89 127.0 12.0
93 103.0 15.0
96 100.0 18.0
98 99.0 17.0
100 156.0 60.0
101 149.0 54.0
103 150.0 55.0
105 164.0 73.0
108 163.0 67.0
110 182.0 92.0
115 225.0 136.0
116 212.0 127.0
119 208.0 118.0

;