set O:= 0 1;
set N:= 3 4 10 14 16 17 20 21 25 26 32 33 37 44 48 50 59 63 64 69 74 75 76 78 92 98 104 105 116 119;
set M:= 122 123 124 127 128 130 131 134 137 147;
set K:= 1 2 3 4 5;
param D:= 100;
param Q:= 540;
param v:= 2000000;
param f:= 
122 24000
123 26037
124 63000
127 25694
128 39740
130 45000
131 73862
134 96841
137 27856
147 45000
;
param:	xcoord ycoord w q:=
0 -32.75044 -70.72613 0 1 
1 -33.0433 -71.624 0 1 
3 -32.35092 -70.79153 105 1 
4 -32.44056 -71.00665 106 1 
10 -32.43335 -71.23322 48 1 
14 -32.51115 -71.42049 30 1 
16 -32.21823 -70.82151 78 1 
17 -32.34859 -71.07237 51 1 
20 -32.69998 -70.93128 51 1 
21 -32.80094 -70.95847 94 1 
25 -32.86219 -70.89013 69 1 
26 -32.84855 -70.98046 116 1 
32 -32.66447 -70.697 94 1 
33 -32.62252 -70.72251 72 1 
37 -32.81691 -70.71195 53 1 
44 -32.76742 -70.61154 38 1 
48 -32.88608 -70.59211 103 1 
50 -32.87857 -70.20821 39 1 
59 -32.83316 -70.70835 85 1 
63 -32.76227 -70.50125 44 1 
64 -32.75022 -70.59169 119 1 
69 -33.37956 -71.38904 76 1 
74 -32.91961 -71.50488 57 1 
75 -32.91508 -71.49869 66 1 
76 -32.93269 -71.43975 112 1 
78 -32.93288 -71.46643 63 1 
92 -33.58655 -71.52943 57 1 
98 -32.98749 -71.50073 83 1 
104 -33.61332 -71.40226 39 1 
105 -33.53115 -71.54035 119 1 
116 -33.88859 -71.64141 97 1 
119 -33.8283 -71.64323 81 1 
122 -32.77961 -70.95976 0 1 
123 -32.88254 -71.09009 0 1 
124 -32.85659 -70.41855 0 1 
127 -32.24898 -70.9333 0 1 
128 -32.43019 -71.07467 0 1 
130 -33.65802 -71.56785 0 1 
131 -33.65502 -71.62965 0 1 
134 -33.61172 -71.60733 0 1 
137 -32.91915 -71.52057 0 1 
147 -33.32534 -71.38598 0 1 
;
param d[*,*]
#distancia de viaje entre puentes
: 3 4 10 14 16 17 20 21 25 26 32 33 37 44 48 50 59 63 64 69 74 75 76 78 92 98 104 105 116 119:=
3 0.0 26.0 55.0 74.0 19.0 46.0 75.0 83.0 97.0 90.0 50.0 43.0 68.0 71.0 82.0 118.0 70.0 85.0 74.0 181.0 127.0 126.0 125.0 128.0 212.0 136.0 217.0 207.0 261.0 251.0
4 26.0 0.0 29.0 49.0 45.0 20.0 62.0 71.0 85.0 78.0 66.0 59.0 84.0 87.0 98.0 134.0 86.0 101.0 90.0 155.0 101.0 101.0 100.0 102.0 186.0 110.0 192.0 181.0 236.0 225.0
10 55.0 30.0 0.0 23.0 60.0 30.0 83.0 72.0 75.0 66.0 95.0 89.0 104.0 110.0 118.0 155.0 106.0 123.0 112.0 130.0 76.0 76.0 75.0 77.0 161.0 85.0 166.0 156.0 211.0 200.0
14 74.0 49.0 23.0 0.0 83.0 53.0 94.0 83.0 86.0 78.0 114.0 108.0 115.0 121.0 129.0 166.0 117.0 134.0 123.0 130.0 64.0 63.0 62.0 64.0 160.0 72.0 165.0 154.0 209.0 199.0
16 19.0 45.0 60.0 83.0 0.0 31.0 94.0 101.0 115.0 108.0 68.0 61.0 87.0 89.0 100.0 136.0 89.0 103.0 92.0 189.0 135.0 135.0 134.0 136.0 220.0 144.0 226.0 215.0 270.0 259.0
17 46.0 20.0 30.0 52.0 31.0 0.0 82.0 91.0 103.0 95.0 86.0 79.0 104.0 107.0 118.0 154.0 106.0 121.0 110.0 159.0 105.0 104.0 103.0 106.0 190.0 114.0 195.0 185.0 239.0 229.0
20 75.0 62.0 83.0 94.0 94.0 82.0 0.0 13.0 27.0 20.0 48.0 49.0 47.0 53.0 61.0 98.0 49.0 66.0 55.0 126.0 82.0 83.0 75.0 78.0 157.0 86.0 162.0 152.0 207.0 196.0
21 83.0 71.0 71.0 83.0 101.0 91.0 13.0 0.0 14.0 7.0 39.0 40.0 34.0 40.0 48.0 85.0 36.0 53.0 42.0 114.0 71.0 72.0 64.0 66.0 146.0 74.0 151.0 140.0 195.0 185.0
25 96.0 85.0 74.0 86.0 115.0 104.0 27.0 14.0 0.0 10.0 52.0 54.0 46.0 52.0 53.0 97.0 48.0 65.0 54.0 118.0 74.0 75.0 67.0 70.0 149.0 78.0 154.0 144.0 199.0 188.0
26 96.0 85.0 73.0 85.0 114.0 103.0 26.0 14.0 9.0 0.0 51.0 53.0 46.0 52.0 58.0 96.0 48.0 65.0 54.0 117.0 73.0 74.0 66.0 69.0 148.0 77.0 153.0 143.0 198.0 187.0
32 50.0 66.0 95.0 114.0 68.0 86.0 47.0 39.0 52.0 45.0 0.0 7.0 24.0 26.0 37.0 73.0 25.0 40.0 29.0 152.0 109.0 110.0 102.0 104.0 184.0 112.0 182.0 178.0 221.0 223.0
33 43.0 59.0 88.0 107.0 61.0 79.0 49.0 40.0 54.0 47.0 7.0 0.0 26.0 28.0 39.0 75.0 27.0 42.0 31.0 154.0 111.0 112.0 104.0 106.0 186.0 114.0 184.0 180.0 223.0 225.0
37 69.0 84.0 104.0 115.0 87.0 104.0 47.0 34.0 47.0 40.0 24.0 26.0 0.0 21.0 17.0 55.0 3.0 27.0 23.0 143.0 103.0 104.0 96.0 99.0 175.0 107.0 162.0 169.0 200.0 204.0
44 71.0 87.0 109.0 121.0 89.0 106.0 52.0 40.0 52.0 45.0 26.0 28.0 20.0 0.0 18.0 53.0 23.0 15.0 3.0 152.0 109.0 110.0 102.0 104.0 183.0 112.0 172.0 178.0 211.0 215.0
48 82.0 98.0 117.0 129.0 100.0 118.0 61.0 48.0 52.0 53.0 37.0 39.0 17.0 18.0 0.0 48.0 16.0 22.0 18.0 141.0 117.0 118.0 110.0 113.0 172.0 120.0 160.0 167.0 198.0 202.0
50 117.0 133.0 154.0 166.0 136.0 153.0 97.0 85.0 97.0 90.0 73.0 75.0 55.0 52.0 48.0 0.0 56.0 55.0 52.0 186.0 154.0 155.0 147.0 150.0 217.0 157.0 205.0 212.0 243.0 247.0
59 70.0 86.0 106.0 117.0 89.0 106.0 49.0 36.0 48.0 42.0 26.0 28.0 3.0 23.0 16.0 56.0 0.0 27.0 23.0 141.0 105.0 106.0 98.0 101.0 173.0 109.0 160.0 167.0 198.0 202.0
63 85.0 101.0 123.0 134.0 103.0 121.0 66.0 53.0 65.0 59.0 40.0 42.0 27.0 15.0 22.0 55.0 27.0 0.0 12.0 158.0 122.0 123.0 115.0 118.0 189.0 126.0 176.0 184.0 215.0 219.0
64 73.0 89.0 111.0 123.0 91.0 109.0 54.0 42.0 54.0 47.0 28.0 30.0 23.0 3.0 18.0 52.0 23.0 12.0 0.0 153.0 111.0 112.0 104.0 107.0 185.0 114.0 172.0 180.0 211.0 215.0
69 180.0 155.0 130.0 130.0 189.0 159.0 125.0 114.0 117.0 108.0 152.0 154.0 146.0 152.0 143.0 189.0 144.0 160.0 154.0 0.0 66.0 66.0 67.0 65.0 35.0 57.0 40.0 30.0 84.0 74.0
74 128.0 103.0 77.0 64.0 137.0 107.0 82.0 71.0 74.0 65.0 109.0 111.0 103.0 109.0 117.0 154.0 105.0 122.0 111.0 66.0 0.0 1.0 7.0 5.0 96.0 9.0 101.0 91.0 146.0 135.0
75 127.0 102.0 77.0 64.0 136.0 106.0 83.0 72.0 74.0 66.0 109.0 112.0 104.0 110.0 118.0 154.0 106.0 123.0 112.0 67.0 1.0 0.0 8.0 5.0 97.0 10.0 102.0 92.0 146.0 136.0
76 126.0 101.0 76.0 63.0 135.0 105.0 75.0 64.0 67.0 58.0 102.0 104.0 96.0 102.0 110.0 147.0 98.0 115.0 104.0 68.0 7.0 8.0 0.0 3.0 98.0 10.0 103.0 93.0 147.0 137.0
78 129.0 103.0 78.0 65.0 138.0 107.0 78.0 67.0 69.0 61.0 104.0 106.0 99.0 105.0 112.0 149.0 101.0 118.0 107.0 66.0 4.0 5.0 3.0 0.0 96.0 9.0 101.0 91.0 145.0 135.0
92 211.0 185.0 160.0 160.0 220.0 189.0 156.0 145.0 147.0 139.0 182.0 184.0 177.0 183.0 175.0 220.0 175.0 192.0 185.0 35.0 95.0 96.0 97.0 95.0 0.0 87.0 19.0 7.0 56.0 45.0
98 137.0 111.0 86.0 73.0 145.0 115.0 85.0 74.0 77.0 69.0 112.0 114.0 106.0 112.0 120.0 157.0 108.0 126.0 115.0 58.0 8.0 9.0 10.0 8.0 88.0 0.0 93.0 82.0 137.0 127.0
104 217.0 191.0 166.0 165.0 226.0 195.0 162.0 151.0 153.0 145.0 188.0 190.0 175.0 185.0 172.0 217.0 173.0 189.0 185.0 40.0 101.0 102.0 103.0 101.0 18.0 92.0 0.0 18.0 63.0 53.0
105 206.0 180.0 155.0 154.0 214.0 184.0 151.0 140.0 142.0 134.0 177.0 179.0 171.0 177.0 169.0 214.0 170.0 186.0 180.0 29.0 90.0 91.0 91.0 90.0 8.0 81.0 18.0 0.0 58.0 48.0
116 260.0 234.0 209.0 208.0 268.0 238.0 204.0 193.0 196.0 188.0 225.0 227.0 204.0 214.0 201.0 247.0 202.0 218.0 214.0 83.0 144.0 145.0 145.0 144.0 54.0 135.0 62.0 57.0 0.0 10.0
119 250.0 224.0 199.0 198.0 259.0 228.0 195.0 184.0 186.0 178.0 221.0 223.0 208.0 218.0 205.0 250.0 205.0 222.0 218.0 73.0 134.0 135.0 136.0 134.0 44.0 125.0 53.0 47.0 11.0 0.0

#distancia viaje entre puentes y alojamientos
: 122 123 124 127 128 130 131 134 137 147:=
3 81.0 106.0 93.0 31.0 34.0 228.0 226.0 220.0 129.0 177.0
4 69.0 86.0 109.0 40.0 8.0 202.0 200.0 194.0 103.0 151.0
10 73.0 61.0 130.0 49.0 21.0 177.0 175.0 169.0 78.0 126.0
14 84.0 72.0 141.0 72.0 40.0 176.0 174.0 168.0 65.0 126.0
16 99.0 120.0 111.0 12.0 45.0 236.0 234.0 228.0 137.0 185.0
17 89.0 89.0 129.0 20.0 14.0 206.0 204.0 198.0 107.0 155.0
20 10.0 36.0 73.0 101.0 70.0 173.0 171.0 165.0 83.0 122.0
21 2.0 23.0 60.0 110.0 79.0 162.0 160.0 154.0 72.0 110.0
25 16.0 26.0 71.0 123.0 91.0 165.0 163.0 157.0 75.0 114.0
26 16.0 25.0 71.0 122.0 90.0 164.0 162.0 156.0 74.0 113.0
32 37.0 61.0 48.0 80.0 74.0 200.0 198.0 192.0 110.0 148.0
33 38.0 63.0 50.0 73.0 67.0 202.0 200.0 194.0 112.0 150.0
37 37.0 55.0 30.0 99.0 93.0 180.0 187.0 183.0 105.0 141.0
44 42.0 61.0 27.0 101.0 95.0 191.0 197.0 192.0 110.0 148.0
48 50.0 69.0 23.0 113.0 106.0 178.0 185.0 180.0 118.0 139.0
50 87.0 106.0 26.0 148.0 142.0 223.0 230.0 226.0 155.0 184.0
59 38.0 57.0 31.0 101.0 95.0 178.0 185.0 181.0 106.0 139.0
63 55.0 74.0 30.0 115.0 109.0 195.0 201.0 197.0 123.0 155.0
64 44.0 63.0 27.0 103.0 97.0 191.0 197.0 193.0 112.0 151.0
69 115.0 102.0 163.0 178.0 146.0 51.0 49.0 43.0 63.0 9.0
74 72.0 58.0 129.0 126.0 94.0 112.0 110.0 104.0 2.0 62.0
75 73.0 59.0 129.0 125.0 94.0 113.0 111.0 105.0 2.0 63.0
76 65.0 51.0 121.0 124.0 93.0 114.0 112.0 106.0 8.0 64.0
78 68.0 54.0 124.0 127.0 95.0 112.0 110.0 104.0 6.0 62.0
92 146.0 132.0 195.0 209.0 177.0 22.0 20.0 14.0 92.0 40.0
98 75.0 61.0 132.0 134.0 103.0 104.0 102.0 96.0 9.0 53.0
104 152.0 138.0 192.0 215.0 183.0 21.0 28.0 24.0 98.0 46.0
105 141.0 127.0 189.0 204.0 172.0 25.0 23.0 17.0 87.0 35.0
116 194.0 181.0 222.0 257.0 226.0 47.0 39.0 41.0 141.0 89.0
119 185.0 171.0 225.0 248.0 216.0 37.0 30.0 31.0 131.0 79.0

#distancia entre alojamientos y puentes
: 3 4 10 14 16 17 20 21 25 26 32 33 37 44 48 50 59 63 64 69 74 75 76 78 92 98 104 105 116 119:=
122 81.0 69.0 73.0 84.0 99.0 89.0 10.0 2.0 16.0 10.0 37.0 38.0 37.0 43.0 50.0 87.0 39.0 56.0 45.0 116.0 73.0 73.0 66.0 68.0 147.0 76.0 153.0 142.0 197.0 186.0
123 106.0 85.0 60.0 72.0 120.0 89.0 36.0 23.0 26.0 18.0 61.0 63.0 55.0 61.0 69.0 106.0 57.0 75.0 64.0 102.0 59.0 59.0 52.0 54.0 133.0 62.0 139.0 128.0 183.0 172.0
124 92.0 108.0 129.0 141.0 111.0 128.0 72.0 60.0 72.0 65.0 47.0 50.0 30.0 27.0 23.0 26.0 31.0 30.0 27.0 161.0 129.0 130.0 122.0 124.0 192.0 132.0 179.0 187.0 218.0 222.0
127 31.0 40.0 49.0 72.0 12.0 20.0 101.0 110.0 123.0 115.0 80.0 73.0 99.0 102.0 112.0 148.0 101.0 116.0 104.0 178.0 124.0 124.0 123.0 125.0 209.0 133.0 215.0 204.0 259.0 248.0
128 34.0 8.0 21.0 40.0 45.0 14.0 70.0 79.0 91.0 83.0 74.0 67.0 93.0 95.0 106.0 142.0 94.0 109.0 98.0 147.0 93.0 92.0 91.0 94.0 178.0 102.0 183.0 173.0 228.0 217.0
130 227.0 201.0 176.0 175.0 236.0 205.0 172.0 161.0 163.0 155.0 198.0 200.0 183.0 193.0 180.0 225.0 181.0 197.0 193.0 50.0 111.0 112.0 113.0 111.0 21.0 102.0 21.0 24.0 47.0 37.0
131 225.0 199.0 174.0 173.0 234.0 203.0 170.0 159.0 161.0 153.0 196.0 198.0 189.0 197.0 186.0 232.0 187.0 203.0 199.0 48.0 109.0 110.0 111.0 109.0 19.0 100.0 28.0 22.0 40.0 30.0
134 219.0 193.0 168.0 167.0 227.0 197.0 163.0 152.0 155.0 147.0 190.0 192.0 184.0 190.0 182.0 227.0 183.0 199.0 192.0 42.0 103.0 103.0 104.0 102.0 13.0 94.0 24.0 16.0 42.0 31.0
137 130.0 104.0 79.0 66.0 139.0 108.0 83.0 72.0 75.0 66.0 110.0 112.0 104.0 110.0 118.0 155.0 106.0 123.0 112.0 63.0 2.0 2.0 8.0 6.0 93.0 10.0 99.0 88.0 143.0 132.0
147 175.0 150.0 125.0 125.0 184.0 154.0 120.0 109.0 112.0 103.0 147.0 149.0 141.0 147.0 142.0 187.0 143.0 159.0 149.0 9.0 61.0 61.0 62.0 60.0 41.0 52.0 46.0 35.0 90.0 80.0

#distancia entre depositos y puentes
: 3 4 10 14 16 17 20 21 25 26 32 33 37 44 48 50 59 63 64 69 74 75 76 78 92 98 104 105 116 119:=
0 59.0 75.0 96.0 108.0 77.0 95.0 39.0 27.0 39.0 32.0 14.0 16.0 11.0 14.0 23.0 60.0 13.0 27.0 16.0 140.0 96.0 97.0 89.0 92.0 171.0 99.0 170.0 165.0 208.0 210.0
1 151.0 125.0 100.0 87.0 160.0 130.0 102.0 91.0 94.0 86.0 129.0 131.0 123.0 129.0 135.0 174.0 125.0 143.0 131.0 50.0 23.0 24.0 27.0 25.0 80.0 17.0 85.0 74.0 129.0 119.0

#distancia entre puentes y depositos
: 0 1:=
3 59.0 150.0
4 75.0 124.0
10 97.0 99.0
14 108.0 86.0
16 77.0 158.0
17 95.0 128.0
20 40.0 103.0
21 27.0 91.0
25 38.0 94.0
26 38.0 93.0
32 14.0 129.0
33 16.0 131.0
37 11.0 124.0
44 13.0 129.0
48 24.0 134.0
50 59.0 174.0
59 12.0 126.0
63 27.0 143.0
64 15.0 131.0
69 138.0 49.0
74 96.0 23.0
75 96.0 24.0
76 89.0 27.0
78 91.0 25.0
92 169.0 79.0
98 99.0 17.0
104 175.0 85.0
105 164.0 73.0
116 212.0 127.0
119 208.0 118.0

;