set O:= 0 1;
set N:= 3 14 16 20 21 28 32 33 36 39 44 48 49 51 62 63 74 77 78 86 89 93 98 100 103 105 106 111 115 116;
set M:= 123 124 127 128 131 134 137 140 144 147;
set K:= 1 2 3 4 5;
param D:= 100;
param Q:= 540;
param v:= 2000000;
param f:= 
123 26037
124 63000
127 25694
128 39740
131 73862
134 96841
137 27856
140 48596
144 52000
147 45000
;
param:	xcoord ycoord w q:=
0 -32.75044 -70.72613 0 1 
1 -33.0433 -71.624 0 1 
3 -32.35092 -70.79153 105 1 
14 -32.51115 -71.42049 30 1 
16 -32.21823 -70.82151 78 1 
20 -32.69998 -70.93128 51 1 
21 -32.80094 -70.95847 94 1 
28 -32.86292 -70.94795 99 1 
32 -32.66447 -70.697 94 1 
33 -32.62252 -70.72251 72 1 
36 -32.83944 -71.00021 66 1 
39 -32.74002 -70.64044 105 1 
44 -32.76742 -70.61154 38 1 
48 -32.88608 -70.59211 103 1 
49 -32.90731 -70.28602 104 1 
51 -32.90645 -70.28716 50 1 
62 -32.76924 -70.56035 84 1 
63 -32.76227 -70.50125 44 1 
74 -32.91961 -71.50488 57 1 
77 -32.9314 -71.47561 30 1 
78 -32.93288 -71.46643 63 1 
86 -32.86452 -71.49062 87 1 
89 -33.10385 -71.66487 64 1 
93 -33.01883 -71.50131 58 1 
98 -32.98749 -71.50073 83 1 
100 -33.38903 -71.69158 108 1 
103 -33.35491 -71.65289 40 1 
105 -33.53115 -71.54035 119 1 
106 -33.53398 -71.59339 54 1 
111 -33.77523 -71.42462 65 1 
115 -33.93803 -71.7365 56 1 
116 -33.88859 -71.64141 97 1 
123 -32.88254 -71.09009 0 1 
124 -32.85659 -70.41855 0 1 
127 -32.24898 -70.9333 0 1 
128 -32.43019 -71.07467 0 1 
131 -33.65502 -71.62965 0 1 
134 -33.61172 -71.60733 0 1 
137 -32.91915 -71.52057 0 1 
140 -32.93024 -71.55027 0 1 
144 -32.77144 -71.53401 0 1 
147 -33.32534 -71.38598 0 1 
;
param d[*,*]
#distancia de viaje entre puentes
: 3 14 16 20 21 28 32 33 36 39 44 48 49 51 62 63 74 77 78 86 89 93 98 100 103 105 106 111 115 116:=
3 0.0 74.0 19.0 75.0 83.0 94.0 50.0 43.0 90.0 68.0 71.0 82.0 110.0 110.0 78.0 85.0 127.0 129.0 128.0 120.0 161.0 140.0 136.0 198.0 192.0 207.0 211.0 238.0 269.0 261.0
14 74.0 0.0 83.0 94.0 83.0 82.0 114.0 108.0 81.0 118.0 121.0 129.0 158.0 157.0 127.0 134.0 64.0 65.0 64.0 56.0 98.0 77.0 72.0 142.0 136.0 154.0 159.0 192.0 217.0 209.0
16 19.0 83.0 0.0 94.0 101.0 112.0 68.0 61.0 109.0 86.0 89.0 100.0 128.0 128.0 96.0 103.0 135.0 137.0 136.0 128.0 170.0 149.0 144.0 207.0 201.0 215.0 219.0 252.0 278.0 270.0
20 75.0 94.0 94.0 0.0 13.0 24.0 48.0 49.0 20.0 50.0 53.0 61.0 89.0 89.0 59.0 66.0 82.0 79.0 78.0 87.0 114.0 90.0 86.0 143.0 138.0 152.0 156.0 189.0 214.0 207.0
21 83.0 83.0 101.0 13.0 0.0 11.0 39.0 40.0 7.0 37.0 40.0 48.0 77.0 76.0 46.0 53.0 71.0 67.0 66.0 75.0 103.0 79.0 74.0 132.0 126.0 140.0 145.0 177.0 203.0 195.0
28 93.0 82.0 111.0 23.0 11.0 0.0 48.0 50.0 9.0 45.0 49.0 55.0 85.0 85.0 55.0 62.0 70.0 67.0 66.0 75.0 102.0 78.0 74.0 132.0 126.0 140.0 144.0 177.0 203.0 195.0
32 50.0 114.0 68.0 47.0 39.0 49.0 0.0 7.0 45.0 23.0 26.0 37.0 65.0 65.0 33.0 40.0 109.0 105.0 104.0 113.0 140.0 117.0 112.0 170.0 164.0 178.0 183.0 193.0 235.0 221.0
33 43.0 107.0 61.0 49.0 40.0 51.0 7.0 0.0 47.0 25.0 28.0 39.0 67.0 67.0 35.0 42.0 111.0 107.0 106.0 115.0 143.0 119.0 114.0 172.0 166.0 180.0 185.0 195.0 237.0 223.0
36 91.0 79.0 109.0 21.0 8.0 8.0 46.0 48.0 0.0 43.0 46.0 54.0 83.0 82.0 52.0 60.0 67.0 64.0 63.0 72.0 99.0 76.0 71.0 129.0 123.0 137.0 141.0 174.0 200.0 192.0
39 67.0 117.0 86.0 49.0 36.0 46.0 23.0 25.0 42.0 0.0 6.0 22.0 48.0 48.0 11.0 18.0 106.0 102.0 101.0 110.0 137.0 114.0 109.0 167.0 161.0 175.0 180.0 186.0 228.0 214.0
44 71.0 121.0 89.0 52.0 40.0 49.0 26.0 28.0 45.0 6.0 0.0 18.0 44.0 44.0 8.0 15.0 109.0 105.0 104.0 113.0 140.0 117.0 112.0 170.0 164.0 178.0 183.0 183.0 225.0 211.0
48 82.0 129.0 100.0 61.0 48.0 54.0 37.0 39.0 54.0 21.0 18.0 0.0 40.0 40.0 15.0 22.0 117.0 114.0 113.0 122.0 146.0 121.0 120.0 169.0 163.0 167.0 172.0 170.0 212.0 198.0
49 135.0 183.0 153.0 115.0 102.0 111.0 90.0 92.0 108.0 73.0 69.0 66.0 0.0 1.0 65.0 72.0 171.0 168.0 167.0 176.0 203.0 179.0 174.0 231.0 225.0 229.0 234.0 232.0 274.0 260.0
51 109.0 157.0 127.0 89.0 76.0 85.0 64.0 66.0 82.0 47.0 44.0 40.0 4.0 0.0 39.0 46.0 146.0 142.0 141.0 150.0 177.0 154.0 149.0 205.0 199.0 204.0 208.0 207.0 249.0 235.0
62 78.0 127.0 96.0 59.0 46.0 55.0 33.0 35.0 52.0 11.0 8.0 15.0 40.0 40.0 0.0 7.0 115.0 112.0 111.0 120.0 147.0 123.0 119.0 176.0 171.0 177.0 181.0 180.0 222.0 208.0
63 85.0 134.0 103.0 66.0 53.0 62.0 40.0 42.0 59.0 18.0 15.0 22.0 47.0 47.0 7.0 0.0 122.0 119.0 118.0 127.0 154.0 130.0 126.0 183.0 178.0 184.0 188.0 187.0 229.0 215.0
74 128.0 64.0 137.0 82.0 71.0 70.0 109.0 111.0 69.0 106.0 109.0 117.0 145.0 145.0 115.0 122.0 0.0 5.0 5.0 8.0 34.0 13.0 9.0 78.0 72.0 91.0 95.0 128.0 154.0 146.0
77 130.0 66.0 139.0 79.0 68.0 66.0 105.0 107.0 65.0 102.0 106.0 113.0 142.0 142.0 112.0 119.0 9.0 0.0 1.0 17.0 40.0 17.0 12.0 81.0 76.0 94.0 99.0 131.0 157.0 149.0
78 129.0 65.0 138.0 78.0 67.0 65.0 104.0 106.0 64.0 101.0 105.0 112.0 141.0 141.0 111.0 118.0 4.0 1.0 0.0 13.0 37.0 13.0 9.0 78.0 72.0 91.0 95.0 128.0 153.0 145.0
86 121.0 57.0 130.0 85.0 74.0 73.0 112.0 114.0 72.0 109.0 112.0 120.0 148.0 148.0 118.0 125.0 7.0 12.0 12.0 0.0 42.0 21.0 17.0 85.0 80.0 98.0 103.0 135.0 161.0 153.0
89 163.0 99.0 171.0 114.0 103.0 102.0 141.0 143.0 101.0 137.0 141.0 147.0 177.0 177.0 147.0 154.0 35.0 39.0 37.0 43.0 0.0 27.0 29.0 63.0 57.0 76.0 81.0 113.0 139.0 131.0
93 141.0 77.0 150.0 90.0 79.0 77.0 116.0 118.0 77.0 113.0 117.0 123.0 153.0 153.0 123.0 130.0 13.0 16.0 12.0 21.0 27.0 0.0 4.0 65.0 59.0 78.0 82.0 115.0 141.0 133.0
98 137.0 73.0 145.0 85.0 74.0 73.0 112.0 114.0 72.0 109.0 112.0 120.0 149.0 148.0 118.0 126.0 8.0 12.0 8.0 17.0 28.0 5.0 0.0 69.0 64.0 82.0 87.0 119.0 145.0 137.0
100 198.0 141.0 207.0 143.0 132.0 130.0 169.0 171.0 129.0 166.0 170.0 169.0 206.0 206.0 176.0 183.0 77.0 80.0 77.0 85.0 66.0 64.0 68.0 0.0 6.0 28.0 21.0 64.0 81.0 73.0
103 192.0 136.0 201.0 137.0 126.0 125.0 163.0 165.0 124.0 160.0 164.0 163.0 200.0 200.0 170.0 177.0 71.0 75.0 71.0 80.0 60.0 58.0 63.0 6.0 0.0 33.0 27.0 68.0 87.0 79.0
105 206.0 154.0 214.0 151.0 140.0 138.0 177.0 179.0 137.0 174.0 177.0 169.0 206.0 206.0 179.0 186.0 90.0 93.0 90.0 98.0 78.0 77.0 81.0 28.0 32.0 0.0 7.0 39.0 66.0 58.0
106 211.0 159.0 219.0 156.0 145.0 143.0 182.0 184.0 142.0 179.0 183.0 174.0 211.0 211.0 184.0 191.0 95.0 98.0 95.0 103.0 84.0 82.0 86.0 21.0 26.0 7.0 0.0 43.0 60.0 52.0
111 241.0 191.0 251.0 187.0 176.0 174.0 196.0 198.0 174.0 189.0 185.0 172.0 209.0 209.0 182.0 189.0 126.0 129.0 126.0 134.0 115.0 113.0 118.0 63.0 66.0 38.0 42.0 0.0 83.0 75.0
115 268.0 217.0 277.0 213.0 202.0 201.0 238.0 241.0 200.0 231.0 228.0 215.0 252.0 252.0 225.0 232.0 152.0 156.0 152.0 161.0 141.0 139.0 144.0 81.0 87.0 66.0 61.0 83.0 0.0 14.0
116 260.0 208.0 268.0 204.0 193.0 192.0 225.0 227.0 191.0 218.0 214.0 201.0 238.0 238.0 211.0 218.0 144.0 147.0 144.0 152.0 132.0 131.0 135.0 73.0 78.0 57.0 52.0 74.0 14.0 0.0

#distancia viaje entre puentes y alojamientos
: 123 124 127 128 131 134 137 140 144 147:=
3 106.0 93.0 31.0 34.0 226.0 220.0 129.0 133.0 120.0 177.0
14 72.0 141.0 72.0 40.0 174.0 168.0 65.0 69.0 56.0 126.0
16 120.0 111.0 12.0 45.0 234.0 228.0 137.0 141.0 128.0 185.0
20 36.0 73.0 101.0 70.0 171.0 165.0 83.0 87.0 90.0 122.0
21 23.0 60.0 110.0 79.0 160.0 154.0 72.0 76.0 79.0 110.0
28 22.0 68.0 119.0 87.0 159.0 153.0 72.0 75.0 78.0 110.0
32 61.0 48.0 80.0 74.0 198.0 192.0 110.0 114.0 117.0 148.0
33 63.0 50.0 73.0 67.0 200.0 194.0 112.0 116.0 119.0 150.0
36 19.0 66.0 116.0 85.0 156.0 150.0 69.0 73.0 75.0 107.0
39 58.0 31.0 98.0 92.0 195.0 188.0 107.0 111.0 114.0 145.0
44 61.0 27.0 101.0 95.0 197.0 192.0 110.0 114.0 117.0 148.0
48 69.0 23.0 113.0 106.0 185.0 180.0 118.0 122.0 125.0 139.0
49 123.0 43.0 165.0 159.0 247.0 243.0 172.0 176.0 179.0 201.0
51 97.0 18.0 139.0 133.0 221.0 217.0 147.0 151.0 153.0 175.0
62 67.0 23.0 108.0 102.0 194.0 190.0 116.0 120.0 123.0 148.0
63 74.0 30.0 115.0 109.0 201.0 197.0 123.0 127.0 130.0 155.0
74 58.0 129.0 126.0 94.0 110.0 104.0 2.0 6.0 23.0 62.0
77 55.0 125.0 128.0 96.0 114.0 108.0 10.0 14.0 32.0 65.0
78 54.0 124.0 127.0 95.0 110.0 104.0 6.0 10.0 28.0 62.0
86 62.0 132.0 119.0 87.0 118.0 112.0 9.0 13.0 16.0 69.0
89 90.0 160.0 161.0 129.0 96.0 89.0 34.0 31.0 58.0 47.0
93 66.0 136.0 139.0 107.0 97.0 91.0 14.0 15.0 36.0 49.0
98 61.0 132.0 134.0 103.0 102.0 96.0 9.0 11.0 32.0 53.0
100 119.0 189.0 196.0 164.0 38.0 31.0 74.0 72.0 101.0 39.0
103 114.0 183.0 190.0 158.0 44.0 38.0 69.0 66.0 95.0 33.0
105 127.0 189.0 204.0 172.0 23.0 17.0 87.0 85.0 113.0 35.0
106 132.0 194.0 209.0 177.0 17.0 11.0 92.0 90.0 118.0 40.0
111 163.0 192.0 240.0 208.0 40.0 36.0 123.0 121.0 150.0 71.0
115 190.0 235.0 266.0 234.0 48.0 50.0 150.0 147.0 176.0 97.0
116 181.0 222.0 257.0 226.0 39.0 41.0 141.0 139.0 167.0 89.0

#distancia entre alojamientos y puentes
: 3 14 16 20 21 28 32 33 36 39 44 48 49 51 62 63 74 77 78 86 89 93 98 100 103 105 106 111 115 116:=
123 106.0 72.0 120.0 36.0 23.0 22.0 61.0 63.0 21.0 58.0 61.0 69.0 98.0 98.0 68.0 75.0 59.0 55.0 54.0 63.0 90.0 67.0 62.0 120.0 114.0 128.0 132.0 165.0 191.0 183.0
124 92.0 141.0 111.0 72.0 60.0 69.0 47.0 50.0 65.0 31.0 27.0 23.0 18.0 18.0 23.0 30.0 129.0 125.0 124.0 133.0 160.0 137.0 132.0 189.0 183.0 187.0 191.0 190.0 232.0 218.0
127 31.0 72.0 12.0 101.0 110.0 119.0 80.0 73.0 118.0 99.0 102.0 112.0 140.0 140.0 109.0 116.0 124.0 126.0 125.0 117.0 159.0 138.0 133.0 196.0 190.0 204.0 208.0 241.0 267.0 259.0
128 34.0 40.0 45.0 70.0 79.0 88.0 74.0 67.0 87.0 92.0 95.0 106.0 134.0 134.0 102.0 109.0 93.0 95.0 94.0 86.0 127.0 106.0 102.0 164.0 159.0 173.0 177.0 210.0 235.0 228.0
131 225.0 173.0 234.0 170.0 159.0 157.0 196.0 198.0 156.0 193.0 197.0 186.0 223.0 223.0 196.0 203.0 109.0 112.0 109.0 117.0 98.0 96.0 100.0 38.0 43.0 22.0 17.0 40.0 48.0 40.0
134 219.0 167.0 227.0 163.0 152.0 151.0 190.0 192.0 150.0 187.0 190.0 182.0 219.0 219.0 192.0 199.0 103.0 106.0 102.0 111.0 91.0 90.0 94.0 32.0 37.0 16.0 11.0 36.0 50.0 42.0
137 130.0 66.0 139.0 83.0 72.0 71.0 110.0 112.0 70.0 107.0 110.0 118.0 146.0 146.0 116.0 123.0 2.0 6.0 6.0 10.0 34.0 14.0 10.0 75.0 69.0 88.0 92.0 125.0 151.0 143.0
140 134.0 70.0 142.0 87.0 76.0 75.0 113.0 116.0 74.0 110.0 114.0 122.0 150.0 150.0 120.0 127.0 5.0 10.0 9.0 14.0 31.0 14.0 10.0 73.0 67.0 86.0 90.0 123.0 148.0 141.0
144 121.0 57.0 129.0 89.0 78.0 77.0 116.0 118.0 76.0 113.0 116.0 124.0 153.0 152.0 122.0 129.0 23.0 28.0 28.0 16.0 58.0 37.0 33.0 101.0 96.0 114.0 119.0 151.0 177.0 169.0
147 175.0 125.0 184.0 120.0 109.0 108.0 147.0 149.0 107.0 143.0 147.0 142.0 179.0 179.0 152.0 159.0 61.0 64.0 60.0 69.0 49.0 48.0 52.0 39.0 33.0 35.0 40.0 73.0 98.0 90.0

#distancia entre depositos y puentes
: 3 14 16 20 21 28 32 33 36 39 44 48 49 51 62 63 74 77 78 86 89 93 98 100 103 105 106 111 115 116:=
0 59.0 108.0 77.0 39.0 27.0 36.0 14.0 16.0 33.0 10.0 14.0 23.0 51.0 51.0 20.0 27.0 96.0 92.0 92.0 101.0 128.0 104.0 99.0 157.0 151.0 165.0 170.0 180.0 222.0 208.0
1 151.0 87.0 160.0 102.0 91.0 90.0 129.0 131.0 89.0 126.0 129.0 135.0 166.0 165.0 135.0 143.0 23.0 27.0 25.0 31.0 12.0 15.0 17.0 61.0 55.0 74.0 79.0 111.0 137.0 129.0

#distancia entre puentes y depositos
: 0 1:=
3 59.0 150.0
14 108.0 86.0
16 77.0 158.0
20 40.0 103.0
21 27.0 91.0
28 35.0 91.0
32 14.0 129.0
33 16.0 131.0
36 33.0 88.0
39 10.0 126.0
44 13.0 129.0
48 24.0 134.0
49 77.0 191.0
51 51.0 166.0
62 20.0 136.0
63 27.0 143.0
74 96.0 23.0
77 92.0 29.0
78 91.0 25.0
86 99.0 30.0
89 127.0 12.0
93 103.0 15.0
98 99.0 17.0
100 156.0 60.0
103 150.0 55.0
105 164.0 73.0
106 169.0 78.0
111 183.0 110.0
115 225.0 136.0
116 212.0 127.0

;