set O:= 0 1;
set N:= 3 4 14 15 17 20 21 22 25 29 32 37 50 51 57 59 62 69 71 73 74 81 86 101 103 104 107 109 115 119;
set M:= 123 124 126 128 129 130 134 137 140 144;
set K:= 1 2 3 4 5;
param D:= 100;
param Q:= 540;
param v:= 2000000;
param f:= 
123 26037
124 63000
126 68517
128 39740
129 42028
130 45000
134 96841
137 27856
140 48596
144 52000
;
param:	xcoord ycoord w q:=
0 -32.75044 -70.72613 0 1 
1 -33.0433 -71.624 0 1 
3 -32.35092 -70.79153 105 1 
4 -32.44056 -71.00665 106 1 
14 -32.51115 -71.42049 30 1 
15 -32.44511 -71.32299 71 1 
17 -32.34859 -71.07237 51 1 
20 -32.69998 -70.93128 51 1 
21 -32.80094 -70.95847 94 1 
22 -32.75643 -70.94537 48 1 
25 -32.86219 -70.89013 69 1 
29 -32.58297 -70.73334 108 1 
32 -32.66447 -70.697 94 1 
37 -32.81691 -70.71195 53 1 
50 -32.87857 -70.20821 39 1 
51 -32.90645 -70.28716 50 1 
57 -32.89552 -70.6746 98 1 
59 -32.83316 -70.70835 85 1 
62 -32.76924 -70.56035 84 1 
69 -33.37956 -71.38904 76 1 
71 -33.29475 -71.41066 32 1 
73 -33.20765 -71.57225 80 1 
74 -32.91961 -71.50488 57 1 
81 -32.68399 -71.39191 70 1 
86 -32.86452 -71.49062 87 1 
101 -33.34522 -71.64882 59 1 
103 -33.35491 -71.65289 40 1 
104 -33.61332 -71.40226 39 1 
107 -33.42116 -71.69462 116 1 
109 -33.44473 -71.67916 117 1 
115 -33.93803 -71.7365 56 1 
119 -33.8283 -71.64323 81 1 
123 -32.88254 -71.09009 0 1 
124 -32.85659 -70.41855 0 1 
126 -32.25311 -70.93619 0 1 
128 -32.43019 -71.07467 0 1 
129 -32.44456 -71.22894 0 1 
130 -33.65802 -71.56785 0 1 
134 -33.61172 -71.60733 0 1 
137 -32.91915 -71.52057 0 1 
140 -32.93024 -71.55027 0 1 
144 -32.77144 -71.53401 0 1 
;
param d[*,*]
#distancia de viaje entre puentes
: 3 4 14 15 17 20 21 22 25 29 32 37 50 51 57 59 62 69 71 73 74 81 86 101 103 104 107 109 115 119:=
3 0.0 26.0 74.0 62.0 46.0 75.0 83.0 79.0 97.0 41.0 50.0 68.0 118.0 110.0 77.0 70.0 78.0 181.0 171.0 170.0 127.0 99.0 120.0 191.0 192.0 217.0 202.0 205.0 269.0 251.0
4 26.0 0.0 49.0 36.0 20.0 62.0 71.0 66.0 85.0 57.0 66.0 84.0 134.0 126.0 93.0 86.0 94.0 155.0 145.0 144.0 101.0 73.0 94.0 166.0 167.0 192.0 176.0 179.0 244.0 225.0
14 74.0 49.0 0.0 12.0 53.0 94.0 83.0 87.0 86.0 105.0 114.0 115.0 166.0 157.0 123.0 117.0 127.0 130.0 120.0 106.0 64.0 35.0 56.0 135.0 136.0 165.0 145.0 148.0 217.0 199.0
15 62.0 37.0 12.0 0.0 41.0 82.0 71.0 76.0 74.0 93.0 102.0 103.0 154.0 145.0 112.0 105.0 115.0 129.0 119.0 118.0 76.0 48.0 68.0 140.0 141.0 166.0 151.0 154.0 218.0 199.0
17 46.0 20.0 52.0 40.0 0.0 82.0 91.0 85.0 103.0 76.0 86.0 104.0 154.0 145.0 112.0 106.0 114.0 159.0 149.0 148.0 105.0 77.0 98.0 169.0 170.0 195.0 180.0 183.0 247.0 229.0
20 75.0 62.0 94.0 82.0 82.0 0.0 13.0 7.0 27.0 54.0 48.0 47.0 98.0 89.0 55.0 49.0 59.0 126.0 116.0 120.0 82.0 77.0 87.0 136.0 138.0 162.0 147.0 150.0 214.0 196.0
21 83.0 71.0 83.0 70.0 91.0 13.0 0.0 6.0 14.0 46.0 39.0 34.0 85.0 76.0 43.0 36.0 46.0 114.0 104.0 108.0 71.0 65.0 75.0 125.0 126.0 151.0 136.0 139.0 203.0 185.0
22 79.0 66.0 87.0 75.0 85.0 7.0 6.0 0.0 20.0 47.0 41.0 40.0 91.0 82.0 48.0 42.0 52.0 119.0 109.0 113.0 75.0 70.0 80.0 130.0 131.0 155.0 140.0 143.0 208.0 189.0
25 96.0 85.0 86.0 74.0 104.0 27.0 14.0 20.0 0.0 59.0 52.0 46.0 97.0 88.0 44.0 48.0 58.0 118.0 108.0 112.0 74.0 69.0 79.0 128.0 130.0 154.0 139.0 142.0 206.0 188.0
29 41.0 57.0 105.0 93.0 76.0 54.0 46.0 47.0 60.0 0.0 13.0 32.0 81.0 73.0 40.0 34.0 41.0 160.0 150.0 154.0 117.0 111.0 121.0 171.0 172.0 190.0 181.0 185.0 243.0 230.0
32 50.0 66.0 114.0 102.0 86.0 47.0 39.0 41.0 52.0 13.0 0.0 24.0 73.0 65.0 32.0 25.0 33.0 152.0 142.0 146.0 109.0 103.0 113.0 163.0 164.0 182.0 174.0 177.0 235.0 223.0
37 69.0 84.0 115.0 103.0 104.0 47.0 34.0 40.0 47.0 32.0 24.0 0.0 55.0 47.0 11.0 3.0 20.0 143.0 137.0 141.0 103.0 98.0 108.0 158.0 159.0 162.0 168.0 171.0 214.0 204.0
50 117.0 133.0 166.0 153.0 153.0 97.0 85.0 91.0 97.0 80.0 73.0 55.0 0.0 8.0 54.0 56.0 48.0 186.0 186.0 191.0 154.0 149.0 159.0 207.0 208.0 205.0 217.0 218.0 257.0 247.0
51 109.0 125.0 157.0 145.0 145.0 89.0 76.0 82.0 89.0 72.0 64.0 47.0 8.0 0.0 46.0 47.0 39.0 177.0 178.0 183.0 146.0 140.0 150.0 198.0 199.0 196.0 208.0 209.0 249.0 239.0
57 77.0 93.0 123.0 111.0 113.0 55.0 42.0 48.0 44.0 40.0 32.0 11.0 55.0 46.0 0.0 9.0 19.0 132.0 132.0 138.0 112.0 106.0 116.0 153.0 154.0 151.0 163.0 164.0 203.0 193.0
59 70.0 86.0 117.0 105.0 106.0 49.0 36.0 42.0 48.0 33.0 26.0 3.0 56.0 47.0 9.0 0.0 20.0 141.0 139.0 143.0 105.0 100.0 110.0 159.0 161.0 160.0 170.0 173.0 212.0 202.0
62 78.0 94.0 127.0 115.0 114.0 59.0 46.0 52.0 58.0 41.0 33.0 20.0 48.0 40.0 19.0 20.0 0.0 151.0 149.0 153.0 115.0 110.0 120.0 169.0 171.0 169.0 180.0 183.0 222.0 212.0
69 180.0 155.0 130.0 129.0 159.0 125.0 114.0 118.0 117.0 159.0 152.0 146.0 189.0 180.0 135.0 144.0 153.0 0.0 10.0 37.0 66.0 100.0 74.0 34.0 33.0 40.0 36.0 37.0 92.0 74.0
71 170.0 145.0 120.0 119.0 149.0 115.0 104.0 108.0 107.0 149.0 142.0 136.0 187.0 178.0 133.0 138.0 148.0 10.0 0.0 27.0 56.0 90.0 64.0 30.0 31.0 48.0 41.0 43.0 100.0 81.0
73 170.0 145.0 107.0 119.0 149.0 119.0 108.0 112.0 110.0 153.0 145.0 140.0 190.0 182.0 138.0 142.0 152.0 36.0 27.0 0.0 42.0 77.0 51.0 29.0 30.0 72.0 40.0 43.0 117.0 99.0
74 128.0 103.0 64.0 77.0 107.0 82.0 71.0 75.0 74.0 116.0 109.0 103.0 154.0 145.0 111.0 105.0 115.0 66.0 56.0 43.0 0.0 35.0 8.0 71.0 72.0 101.0 82.0 85.0 154.0 135.0
81 107.0 81.0 43.0 55.0 85.0 84.0 73.0 77.0 75.0 118.0 110.0 105.0 155.0 147.0 113.0 106.0 117.0 108.0 98.0 85.0 42.0 0.0 35.0 113.0 114.0 143.0 124.0 127.0 196.0 177.0
86 121.0 95.0 57.0 69.0 99.0 85.0 74.0 78.0 77.0 119.0 112.0 106.0 157.0 148.0 114.0 108.0 118.0 74.0 64.0 50.0 7.0 27.0 0.0 78.0 80.0 109.0 89.0 92.0 161.0 143.0
101 191.0 165.0 135.0 140.0 169.0 136.0 125.0 129.0 127.0 170.0 162.0 157.0 207.0 199.0 154.0 159.0 169.0 36.0 30.0 29.0 70.0 105.0 79.0 0.0 1.0 51.0 11.0 14.0 88.0 70.0
103 192.0 166.0 136.0 141.0 171.0 137.0 126.0 130.0 128.0 171.0 163.0 158.0 208.0 200.0 155.0 160.0 170.0 34.0 31.0 30.0 71.0 106.0 80.0 1.0 0.0 50.0 10.0 13.0 87.0 69.0
104 217.0 191.0 165.0 166.0 195.0 162.0 151.0 155.0 153.0 196.0 188.0 175.0 217.0 209.0 164.0 173.0 182.0 40.0 48.0 72.0 101.0 136.0 109.0 49.0 48.0 0.0 42.0 39.0 71.0 53.0
107 202.0 176.0 145.0 150.0 180.0 146.0 135.0 140.0 138.0 180.0 173.0 167.0 218.0 209.0 164.0 169.0 180.0 36.0 41.0 40.0 81.0 116.0 89.0 11.0 9.0 42.0 0.0 3.0 77.0 59.0
109 205.0 179.0 148.0 153.0 183.0 149.0 138.0 143.0 141.0 183.0 176.0 170.0 220.0 211.0 166.0 172.0 183.0 36.0 42.0 43.0 84.0 119.0 92.0 14.0 13.0 39.0 3.0 0.0 74.0 56.0
115 268.0 243.0 217.0 217.0 247.0 213.0 202.0 206.0 205.0 247.0 238.0 218.0 260.0 252.0 207.0 216.0 225.0 92.0 99.0 117.0 152.0 187.0 161.0 88.0 87.0 71.0 77.0 74.0 0.0 18.0
119 250.0 224.0 198.0 198.0 228.0 195.0 184.0 188.0 186.0 229.0 221.0 208.0 250.0 242.0 196.0 205.0 215.0 73.0 81.0 99.0 134.0 169.0 142.0 70.0 68.0 53.0 59.0 56.0 18.0 0.0

#distancia viaje entre puentes y alojamientos
: 123 124 126 128 129 130 134 137 140 144:=
3 106.0 93.0 32.0 34.0 53.0 228.0 220.0 129.0 133.0 120.0
4 86.0 109.0 39.0 8.0 28.0 202.0 194.0 103.0 107.0 94.0
14 72.0 141.0 71.0 40.0 22.0 176.0 168.0 65.0 69.0 56.0
15 60.0 129.0 59.0 28.0 10.0 176.0 168.0 78.0 81.0 68.0
17 89.0 129.0 20.0 14.0 32.0 206.0 198.0 107.0 111.0 98.0
20 36.0 73.0 101.0 70.0 81.0 173.0 165.0 83.0 87.0 90.0
21 23.0 60.0 110.0 79.0 70.0 162.0 154.0 72.0 76.0 79.0
22 29.0 66.0 104.0 74.0 74.0 166.0 158.0 77.0 81.0 83.0
25 26.0 71.0 122.0 91.0 73.0 165.0 157.0 75.0 79.0 82.0
29 69.0 56.0 71.0 65.0 84.0 207.0 199.0 118.0 122.0 125.0
32 61.0 48.0 80.0 74.0 93.0 200.0 192.0 110.0 114.0 117.0
37 55.0 30.0 99.0 93.0 102.0 180.0 183.0 105.0 109.0 111.0
50 106.0 26.0 148.0 142.0 153.0 223.0 226.0 155.0 159.0 162.0
51 97.0 18.0 140.0 133.0 144.0 215.0 217.0 147.0 151.0 153.0
57 64.0 29.0 107.0 101.0 110.0 169.0 172.0 113.0 117.0 120.0
59 57.0 31.0 101.0 95.0 104.0 178.0 181.0 106.0 110.0 113.0
62 67.0 23.0 109.0 102.0 114.0 188.0 190.0 116.0 120.0 123.0
69 102.0 163.0 177.0 146.0 128.0 51.0 43.0 63.0 60.0 89.0
71 92.0 161.0 168.0 136.0 118.0 59.0 50.0 53.0 51.0 79.0
73 95.0 165.0 168.0 137.0 118.0 76.0 68.0 39.0 37.0 66.0
74 58.0 129.0 125.0 94.0 76.0 112.0 104.0 2.0 6.0 23.0
81 61.0 130.0 104.0 73.0 54.0 154.0 146.0 44.0 48.0 35.0
86 62.0 132.0 118.0 87.0 69.0 120.0 112.0 9.0 13.0 16.0
101 112.0 182.0 188.0 157.0 139.0 47.0 39.0 67.0 65.0 94.0
103 114.0 183.0 189.0 158.0 140.0 46.0 38.0 69.0 66.0 95.0
104 138.0 192.0 214.0 183.0 165.0 21.0 24.0 98.0 96.0 125.0
107 123.0 193.0 199.0 168.0 149.0 36.0 28.0 78.0 76.0 104.0
109 126.0 195.0 202.0 171.0 152.0 33.0 25.0 81.0 79.0 107.0
115 190.0 235.0 265.0 234.0 216.0 55.0 50.0 150.0 147.0 176.0
119 171.0 225.0 247.0 216.0 198.0 37.0 31.0 131.0 129.0 157.0

#distancia entre alojamientos y puentes
: 3 4 14 15 17 20 21 22 25 29 32 37 50 51 57 59 62 69 71 73 74 81 86 101 103 104 107 109 115 119:=
123 106.0 85.0 72.0 60.0 89.0 36.0 23.0 29.0 26.0 69.0 61.0 55.0 106.0 98.0 64.0 57.0 68.0 102.0 92.0 96.0 59.0 54.0 63.0 113.0 114.0 139.0 124.0 127.0 191.0 172.0
124 92.0 108.0 141.0 128.0 128.0 72.0 60.0 65.0 72.0 55.0 47.0 30.0 26.0 18.0 29.0 31.0 23.0 161.0 161.0 166.0 129.0 123.0 133.0 182.0 183.0 179.0 192.0 193.0 232.0 222.0
126 32.0 39.0 71.0 59.0 19.0 101.0 110.0 104.0 122.0 71.0 81.0 99.0 149.0 140.0 107.0 101.0 109.0 177.0 167.0 166.0 124.0 96.0 116.0 188.0 189.0 214.0 199.0 202.0 266.0 247.0
128 34.0 8.0 40.0 28.0 14.0 70.0 79.0 74.0 91.0 65.0 74.0 93.0 142.0 134.0 101.0 94.0 102.0 147.0 137.0 136.0 93.0 65.0 86.0 157.0 159.0 183.0 168.0 171.0 235.0 217.0
129 53.0 28.0 22.0 10.0 31.0 82.0 71.0 75.0 73.0 84.0 93.0 103.0 153.0 145.0 111.0 105.0 115.0 128.0 118.0 118.0 75.0 47.0 67.0 139.0 140.0 165.0 150.0 153.0 217.0 199.0
130 227.0 201.0 175.0 175.0 205.0 172.0 161.0 165.0 163.0 206.0 198.0 183.0 225.0 217.0 172.0 181.0 190.0 50.0 58.0 76.0 111.0 146.0 119.0 47.0 45.0 21.0 36.0 33.0 55.0 37.0
134 219.0 193.0 167.0 167.0 197.0 163.0 152.0 157.0 155.0 197.0 190.0 184.0 227.0 219.0 174.0 183.0 192.0 42.0 49.0 68.0 103.0 137.0 111.0 38.0 37.0 24.0 28.0 25.0 50.0 31.0
137 130.0 104.0 66.0 79.0 108.0 83.0 72.0 76.0 75.0 117.0 110.0 104.0 155.0 146.0 112.0 106.0 116.0 63.0 53.0 40.0 2.0 37.0 10.0 68.0 69.0 99.0 79.0 82.0 151.0 132.0
140 134.0 108.0 70.0 82.0 112.0 87.0 76.0 80.0 78.0 121.0 113.0 108.0 158.0 150.0 116.0 110.0 120.0 61.0 51.0 37.0 5.0 40.0 14.0 66.0 67.0 96.0 77.0 80.0 148.0 130.0
144 121.0 95.0 57.0 69.0 99.0 89.0 78.0 82.0 81.0 123.0 116.0 110.0 161.0 152.0 119.0 112.0 122.0 90.0 80.0 66.0 23.0 27.0 16.0 94.0 96.0 125.0 105.0 108.0 177.0 159.0

#distancia entre depositos y puentes
: 3 4 14 15 17 20 21 22 25 29 32 37 50 51 57 59 62 69 71 73 74 81 86 101 103 104 107 109 115 119:=
0 59.0 75.0 108.0 96.0 95.0 39.0 27.0 33.0 39.0 22.0 14.0 11.0 60.0 51.0 19.0 13.0 20.0 140.0 130.0 133.0 96.0 91.0 101.0 150.0 151.0 170.0 161.0 164.0 222.0 210.0
1 151.0 125.0 87.0 100.0 130.0 102.0 91.0 96.0 94.0 136.0 129.0 123.0 174.0 165.0 127.0 125.0 135.0 50.0 40.0 26.0 23.0 58.0 31.0 54.0 55.0 85.0 65.0 68.0 137.0 119.0

#distancia entre puentes y depositos
: 0 1:=
3 59.0 150.0
4 75.0 124.0
14 108.0 86.0
15 96.0 99.0
17 95.0 128.0
20 40.0 103.0
21 27.0 91.0
22 33.0 96.0
25 38.0 94.0
29 22.0 137.0
32 14.0 129.0
37 11.0 124.0
50 59.0 174.0
51 51.0 166.0
57 19.0 125.0
59 12.0 126.0
62 20.0 136.0
69 138.0 49.0
71 129.0 39.0
73 132.0 26.0
74 96.0 23.0
81 97.0 65.0
86 99.0 30.0
101 149.0 54.0
103 150.0 55.0
104 175.0 85.0
107 160.0 64.0
109 163.0 67.0
115 225.0 136.0
119 208.0 118.0

;