set O:= 0 1;
set N:= 28 36 45 49 64 75 81 89 100 115;
set M:= 127 128 144 147;
set K:= 1 2 3;
param D:= 100;
param Q:= 540;
param v:= 2000000;
param f:= 
127 25694
128 39740
144 52000
147 45000
;
param:	xcoord ycoord w q:=
0 -32.75044 -70.72613 0 1 
1 -33.0433 -71.624 0 1 
28 -32.86292 -70.94795 99 1 
36 -32.83944 -71.00021 66 1 
45 -32.74039 -70.64 42 1 
49 -32.90731 -70.28602 104 1 
64 -32.75022 -70.59169 119 1 
75 -32.91508 -71.49869 66 1 
81 -32.68399 -71.39191 70 1 
89 -33.10385 -71.66487 64 1 
100 -33.38903 -71.69158 108 1 
115 -33.93803 -71.7365 56 1 
127 -32.24898 -70.9333 0 1 
128 -32.43019 -71.07467 0 1 
144 -32.77144 -71.53401 0 1 
147 -33.32534 -71.38598 0 1 
;
param d[*,*]
#distancia de viaje entre puentes
: 28 36 45 49 64 75 81 89 100 115:=
28 0.0 9.0 45.0 85.0 51.0 71.0 65.0 102.0 132.0 203.0
36 8.0 0.0 43.0 83.0 48.0 68.0 62.0 99.0 129.0 200.0
45 45.0 42.0 0.0 48.0 6.0 106.0 100.0 137.0 167.0 228.0
49 111.0 108.0 73.0 0.0 69.0 172.0 166.0 203.0 231.0 274.0
64 51.0 48.0 6.0 44.0 0.0 112.0 106.0 143.0 172.0 225.0
75 71.0 70.0 106.0 146.0 112.0 0.0 34.0 35.0 79.0 154.0
81 71.0 70.0 107.0 147.0 113.0 41.0 0.0 76.0 120.0 196.0
89 102.0 101.0 137.0 177.0 143.0 35.0 69.0 0.0 63.0 139.0
100 130.0 129.0 166.0 206.0 172.0 78.0 112.0 66.0 0.0 81.0
115 201.0 200.0 231.0 252.0 228.0 153.0 187.0 141.0 81.0 0.0

#distancia viaje entre puentes y alojamientos
: 127 128 144 147:=
28 119.0 87.0 78.0 110.0
36 116.0 85.0 75.0 107.0
45 98.0 92.0 114.0 145.0
49 165.0 159.0 179.0 201.0
64 103.0 97.0 119.0 151.0
75 125.0 94.0 23.0 63.0
81 104.0 73.0 35.0 104.0
89 161.0 129.0 58.0 47.0
100 196.0 164.0 101.0 39.0
115 266.0 234.0 176.0 97.0

#distancia entre alojamientos y puentes
: 28 36 45 49 64 75 81 89 100 115:=
127 119.0 118.0 98.0 140.0 104.0 124.0 96.0 159.0 196.0 267.0
128 88.0 87.0 92.0 134.0 98.0 92.0 65.0 127.0 164.0 235.0
144 77.0 76.0 113.0 153.0 118.0 23.0 27.0 58.0 101.0 177.0
147 108.0 107.0 143.0 179.0 149.0 61.0 95.0 49.0 39.0 98.0

#distancia entre depositos y puentes
: 28 36 45 49 64 75 81 89 100 115:=
0 36.0 33.0 10.0 51.0 16.0 97.0 91.0 128.0 157.0 222.0
1 90.0 89.0 126.0 166.0 131.0 24.0 58.0 12.0 61.0 137.0

#distancia entre puentes y depositos
: 0 1:=
28 35.0 91.0
36 33.0 88.0
45 10.0 126.0
49 77.0 191.0
64 15.0 131.0
75 96.0 24.0
81 97.0 65.0
89 127.0 12.0
100 156.0 60.0
115 225.0 136.0

;