set O:= 0 1;
set N:= 2 10 13 15 17 26 37 39 44 48 50 52 59 62 64 69 70 71 73 81 84 86 89 93 96 98 100 103 105 108;
set M:= 122 123 124 127 131 140 143 144 146 147;
set K:= 1 2 3 4 5;
param D:= 100;
param Q:= 540;
param v:= 2000000;
param f:= 
122 24000
123 26037
124 63000
127 25694
131 73862
140 48596
143 48720
144 52000
146 78000
147 45000
;
param:	xcoord ycoord w q:=
0 -32.75044 -70.72613 0 1 
1 -33.0433 -71.624 0 1 
2 -32.5191 -70.92373 38 1 
10 -32.43335 -71.23322 48 1 
13 -32.34055 -71.17481 99 1 
15 -32.44511 -71.32299 71 1 
17 -32.34859 -71.07237 51 1 
26 -32.84855 -70.98046 116 1 
37 -32.81691 -70.71195 53 1 
39 -32.74002 -70.64044 105 1 
44 -32.76742 -70.61154 38 1 
48 -32.88608 -70.59211 103 1 
50 -32.87857 -70.20821 39 1 
52 -32.90338 -70.26912 86 1 
59 -32.83316 -70.70835 85 1 
62 -32.76924 -70.56035 84 1 
64 -32.75022 -70.59169 119 1 
69 -33.37956 -71.38904 76 1 
70 -33.29115 -71.47716 94 1 
71 -33.29475 -71.41066 32 1 
73 -33.20765 -71.57225 80 1 
81 -32.68399 -71.39191 70 1 
84 -32.86028 -71.45447 70 1 
86 -32.86452 -71.49062 87 1 
89 -33.10385 -71.66487 64 1 
93 -33.01883 -71.50131 58 1 
96 -32.99633 -71.50138 105 1 
98 -32.98749 -71.50073 83 1 
100 -33.38903 -71.69158 108 1 
103 -33.35491 -71.65289 40 1 
105 -33.53115 -71.54035 119 1 
108 -33.44564 -71.67852 41 1 
122 -32.77961 -70.95976 0 1 
123 -32.88254 -71.09009 0 1 
124 -32.85659 -70.41855 0 1 
127 -32.24898 -70.9333 0 1 
131 -33.65502 -71.62965 0 1 
140 -32.93024 -71.55027 0 1 
143 -32.78349 -71.53032 0 1 
144 -32.77144 -71.53401 0 1 
146 -33.38843 -71.53636 0 1 
147 -33.32534 -71.38598 0 1 
;
param d[*,*]
#distancia de viaje entre puentes
: 2 10 13 15 17 26 37 39 44 48 50 52 59 62 64 69 70 71 73 81 84 86 89 93 96 98 100 103 105 108:=
2 0.0 45.0 42.0 52.0 35.0 63.0 69.0 69.0 72.0 82.0 118.0 112.0 71.0 79.0 74.0 169.0 158.0 159.0 160.0 89.0 106.0 109.0 151.0 130.0 129.0 126.0 186.0 180.0 194.0 193.0
10 45.0 0.0 19.0 11.0 30.0 66.0 104.0 106.0 110.0 118.0 155.0 148.0 106.0 116.0 112.0 130.0 120.0 120.0 119.0 48.0 65.0 69.0 110.0 90.0 88.0 85.0 148.0 142.0 156.0 154.0
13 42.0 19.0 0.0 29.0 19.0 84.0 111.0 110.0 113.0 124.0 160.0 154.0 113.0 120.0 116.0 148.0 138.0 138.0 137.0 66.0 83.0 87.0 128.0 108.0 106.0 103.0 166.0 160.0 174.0 172.0
15 52.0 11.0 30.0 0.0 41.0 66.0 103.0 106.0 109.0 117.0 154.0 147.0 105.0 115.0 111.0 129.0 119.0 119.0 118.0 48.0 65.0 68.0 110.0 89.0 88.0 84.0 147.0 141.0 155.0 154.0
17 35.0 30.0 19.0 40.0 0.0 95.0 104.0 104.0 107.0 118.0 154.0 147.0 106.0 114.0 110.0 159.0 149.0 149.0 148.0 77.0 94.0 98.0 139.0 118.0 117.0 114.0 176.0 170.0 185.0 183.0
26 69.0 73.0 92.0 73.0 103.0 0.0 46.0 48.0 52.0 58.0 96.0 90.0 48.0 58.0 54.0 117.0 107.0 107.0 111.0 68.0 73.0 78.0 105.0 81.0 80.0 77.0 134.0 129.0 143.0 141.0
37 69.0 104.0 111.0 103.0 104.0 40.0 0.0 17.0 21.0 17.0 55.0 49.0 3.0 20.0 23.0 143.0 137.0 137.0 141.0 98.0 103.0 108.0 135.0 111.0 110.0 107.0 165.0 159.0 169.0 171.0
39 68.0 106.0 110.0 105.0 103.0 42.0 17.0 0.0 6.0 22.0 56.0 50.0 20.0 11.0 6.0 149.0 139.0 139.0 143.0 100.0 106.0 110.0 137.0 114.0 113.0 109.0 167.0 161.0 175.0 174.0
44 71.0 109.0 113.0 108.0 106.0 45.0 20.0 6.0 0.0 18.0 53.0 46.0 23.0 8.0 3.0 152.0 142.0 142.0 146.0 103.0 109.0 113.0 140.0 117.0 116.0 112.0 170.0 164.0 178.0 177.0
48 83.0 117.0 124.0 117.0 118.0 53.0 17.0 21.0 18.0 0.0 48.0 42.0 16.0 15.0 18.0 141.0 141.0 141.0 146.0 112.0 117.0 122.0 146.0 121.0 124.0 120.0 169.0 163.0 167.0 173.0
50 118.0 154.0 160.0 153.0 153.0 90.0 55.0 56.0 52.0 48.0 0.0 14.0 56.0 48.0 52.0 186.0 186.0 186.0 191.0 149.0 154.0 159.0 186.0 162.0 161.0 157.0 214.0 208.0 212.0 218.0
52 133.0 170.0 175.0 169.0 169.0 106.0 71.0 71.0 68.0 64.0 7.0 0.0 71.0 63.0 67.0 201.0 201.0 202.0 207.0 164.0 169.0 174.0 201.0 177.0 176.0 173.0 229.0 223.0 228.0 233.0
59 71.0 106.0 113.0 105.0 106.0 42.0 3.0 20.0 23.0 16.0 56.0 49.0 0.0 20.0 23.0 141.0 139.0 139.0 143.0 100.0 105.0 110.0 137.0 113.0 112.0 109.0 166.0 161.0 167.0 173.0
62 78.0 116.0 120.0 115.0 114.0 52.0 20.0 11.0 8.0 15.0 48.0 41.0 20.0 0.0 5.0 151.0 149.0 149.0 153.0 110.0 115.0 120.0 147.0 123.0 122.0 119.0 176.0 171.0 177.0 183.0
64 73.0 111.0 115.0 110.0 109.0 47.0 23.0 6.0 3.0 18.0 52.0 46.0 23.0 5.0 0.0 153.0 144.0 144.0 148.0 106.0 111.0 116.0 143.0 119.0 118.0 114.0 172.0 166.0 180.0 179.0
69 168.0 130.0 148.0 129.0 159.0 108.0 146.0 148.0 152.0 143.0 189.0 182.0 144.0 153.0 154.0 0.0 16.0 10.0 37.0 100.0 77.0 74.0 54.0 53.0 56.0 57.0 36.0 33.0 30.0 37.0
70 158.0 119.0 138.0 119.0 149.0 98.0 136.0 138.0 142.0 142.0 186.0 180.0 138.0 148.0 144.0 16.0 0.0 10.0 25.0 89.0 66.0 63.0 43.0 41.0 45.0 46.0 28.0 22.0 36.0 35.0
71 158.0 120.0 138.0 119.0 149.0 98.0 136.0 138.0 142.0 142.0 187.0 180.0 138.0 148.0 144.0 10.0 10.0 0.0 27.0 90.0 67.0 64.0 44.0 43.0 46.0 47.0 37.0 31.0 37.0 43.0
73 160.0 120.0 138.0 119.0 149.0 102.0 140.0 142.0 146.0 147.0 190.0 184.0 142.0 152.0 148.0 36.0 25.0 27.0 0.0 77.0 54.0 51.0 31.0 29.0 33.0 34.0 36.0 30.0 61.0 43.0
81 96.0 56.0 74.0 55.0 85.0 67.0 105.0 107.0 111.0 118.0 155.0 148.0 106.0 117.0 113.0 108.0 97.0 98.0 85.0 0.0 31.0 35.0 76.0 55.0 54.0 51.0 120.0 114.0 133.0 127.0
84 107.0 66.0 84.0 65.0 95.0 65.0 103.0 105.0 109.0 117.0 153.0 147.0 105.0 115.0 111.0 77.0 66.0 68.0 54.0 23.0 0.0 5.0 45.0 25.0 23.0 20.0 89.0 83.0 102.0 96.0
86 111.0 70.0 88.0 69.0 99.0 68.0 106.0 109.0 112.0 120.0 157.0 150.0 108.0 118.0 114.0 74.0 62.0 64.0 50.0 27.0 6.0 0.0 42.0 21.0 20.0 17.0 85.0 80.0 98.0 92.0
89 153.0 112.0 130.0 111.0 141.0 97.0 135.0 137.0 141.0 147.0 186.0 179.0 137.0 147.0 143.0 51.0 40.0 42.0 28.0 69.0 46.0 43.0 0.0 27.0 28.0 29.0 63.0 57.0 76.0 70.0
93 131.0 90.0 108.0 89.0 119.0 73.0 111.0 113.0 117.0 123.0 161.0 155.0 113.0 123.0 119.0 53.0 42.0 43.0 30.0 47.0 24.0 21.0 27.0 0.0 4.0 4.0 65.0 59.0 78.0 72.0
96 127.0 87.0 105.0 86.0 116.0 70.0 108.0 110.0 114.0 121.0 158.0 152.0 110.0 120.0 116.0 59.0 48.0 49.0 36.0 44.0 21.0 18.0 30.0 6.0 0.0 2.0 71.0 65.0 84.0 78.0
98 126.0 86.0 104.0 85.0 115.0 69.0 106.0 109.0 112.0 120.0 157.0 150.0 108.0 118.0 115.0 58.0 46.0 48.0 34.0 43.0 20.0 17.0 28.0 5.0 4.0 0.0 69.0 64.0 82.0 76.0
100 185.0 147.0 165.0 146.0 176.0 126.0 164.0 166.0 170.0 169.0 214.0 208.0 166.0 176.0 172.0 35.0 28.0 37.0 36.0 112.0 88.0 85.0 66.0 64.0 68.0 68.0 0.0 6.0 28.0 7.0
103 180.0 141.0 159.0 141.0 171.0 120.0 158.0 160.0 164.0 163.0 208.0 202.0 160.0 170.0 166.0 34.0 22.0 31.0 30.0 106.0 83.0 80.0 60.0 58.0 62.0 63.0 6.0 0.0 33.0 13.0
105 193.0 155.0 173.0 154.0 184.0 134.0 171.0 174.0 177.0 169.0 214.0 208.0 170.0 179.0 180.0 29.0 36.0 37.0 61.0 125.0 101.0 98.0 78.0 77.0 81.0 81.0 28.0 32.0 0.0 21.0
108 192.0 154.0 172.0 153.0 183.0 133.0 170.0 173.0 177.0 175.0 220.0 213.0 172.0 183.0 179.0 36.0 35.0 42.0 43.0 119.0 95.0 92.0 72.0 71.0 75.0 75.0 7.0 13.0 21.0 0.0

#distancia viaje entre puentes y alojamientos
: 122 123 124 127 131 140 143 144 146 147:=
2 53.0 78.0 93.0 55.0 214.0 123.0 108.0 109.0 180.0 164.0
10 73.0 61.0 130.0 49.0 175.0 82.0 67.0 69.0 141.0 126.0
13 91.0 79.0 135.0 39.0 193.0 100.0 85.0 87.0 159.0 144.0
15 72.0 60.0 129.0 60.0 174.0 81.0 67.0 68.0 140.0 125.0
17 89.0 89.0 129.0 20.0 204.0 111.0 96.0 98.0 170.0 155.0
26 16.0 25.0 71.0 122.0 162.0 78.0 80.0 81.0 128.0 113.0
37 37.0 55.0 30.0 99.0 187.0 109.0 110.0 111.0 156.0 141.0
39 39.0 58.0 31.0 98.0 195.0 111.0 112.0 114.0 160.0 145.0
44 42.0 61.0 27.0 101.0 197.0 114.0 115.0 117.0 163.0 148.0
48 50.0 69.0 23.0 113.0 185.0 122.0 124.0 125.0 154.0 139.0
50 87.0 106.0 26.0 148.0 230.0 159.0 160.0 162.0 199.0 184.0
52 103.0 121.0 42.0 163.0 245.0 175.0 176.0 177.0 215.0 199.0
59 38.0 57.0 31.0 101.0 185.0 110.0 112.0 113.0 154.0 139.0
62 48.0 67.0 23.0 108.0 194.0 120.0 122.0 123.0 164.0 148.0
64 44.0 63.0 27.0 103.0 197.0 116.0 117.0 119.0 166.0 151.0
69 115.0 102.0 163.0 178.0 49.0 60.0 88.0 89.0 18.0 9.0
70 105.0 92.0 161.0 168.0 55.0 49.0 76.0 78.0 21.0 12.0
71 105.0 92.0 161.0 168.0 57.0 51.0 78.0 79.0 24.0 7.0
73 109.0 95.0 165.0 168.0 74.0 37.0 64.0 66.0 46.0 32.0
81 74.0 61.0 130.0 104.0 152.0 48.0 33.0 35.0 118.0 104.0
84 72.0 58.0 128.0 115.0 121.0 17.0 17.0 19.0 87.0 73.0
86 75.0 62.0 132.0 119.0 118.0 13.0 15.0 16.0 83.0 69.0
89 104.0 90.0 160.0 161.0 96.0 31.0 57.0 58.0 61.0 47.0
93 80.0 66.0 136.0 139.0 97.0 15.0 35.0 36.0 63.0 49.0
96 77.0 63.0 133.0 135.0 103.0 12.0 31.0 33.0 69.0 55.0
98 75.0 61.0 132.0 134.0 102.0 11.0 30.0 32.0 67.0 53.0
100 133.0 119.0 189.0 196.0 38.0 72.0 99.0 101.0 17.0 39.0
103 127.0 114.0 183.0 190.0 44.0 66.0 93.0 95.0 16.0 33.0
105 141.0 127.0 189.0 204.0 23.0 85.0 112.0 113.0 33.0 35.0
108 140.0 126.0 195.0 203.0 30.0 79.0 106.0 107.0 17.0 40.0

#distancia entre alojamientos y puentes
: 2 10 13 15 17 26 37 39 44 48 50 52 59 62 64 69 70 71 73 81 84 86 89 93 96 98 100 103 105 108:=
122 53.0 73.0 91.0 72.0 89.0 10.0 37.0 39.0 43.0 50.0 87.0 81.0 39.0 49.0 45.0 116.0 106.0 106.0 110.0 67.0 73.0 77.0 104.0 81.0 79.0 76.0 134.0 128.0 142.0 141.0
123 79.0 60.0 78.0 60.0 89.0 18.0 55.0 58.0 61.0 69.0 106.0 99.0 57.0 68.0 64.0 102.0 92.0 92.0 96.0 54.0 59.0 63.0 90.0 67.0 65.0 62.0 120.0 114.0 128.0 127.0
124 93.0 129.0 135.0 128.0 128.0 65.0 30.0 31.0 27.0 23.0 26.0 19.0 31.0 23.0 27.0 161.0 161.0 161.0 166.0 123.0 129.0 133.0 160.0 137.0 136.0 132.0 189.0 183.0 187.0 193.0
127 55.0 49.0 38.0 59.0 20.0 115.0 99.0 99.0 102.0 112.0 148.0 142.0 101.0 109.0 104.0 178.0 168.0 168.0 167.0 96.0 113.0 117.0 159.0 138.0 137.0 133.0 196.0 190.0 204.0 203.0
131 212.0 174.0 192.0 173.0 203.0 153.0 189.0 193.0 197.0 186.0 232.0 225.0 187.0 196.0 199.0 48.0 55.0 56.0 74.0 144.0 120.0 117.0 98.0 96.0 100.0 100.0 38.0 43.0 22.0 31.0
140 123.0 83.0 101.0 82.0 112.0 70.0 108.0 110.0 114.0 122.0 158.0 152.0 110.0 120.0 116.0 61.0 50.0 51.0 37.0 40.0 17.0 14.0 31.0 14.0 13.0 10.0 73.0 67.0 86.0 80.0
143 109.0 69.0 87.0 68.0 98.0 71.0 109.0 111.0 115.0 123.0 160.0 153.0 111.0 121.0 117.0 88.0 77.0 79.0 65.0 26.0 17.0 15.0 56.0 36.0 34.0 31.0 100.0 94.0 113.0 107.0
144 110.0 70.0 88.0 69.0 99.0 73.0 110.0 113.0 116.0 124.0 161.0 154.0 112.0 122.0 118.0 90.0 78.0 80.0 66.0 27.0 19.0 16.0 58.0 37.0 36.0 33.0 101.0 96.0 114.0 108.0
146 180.0 142.0 160.0 141.0 171.0 120.0 158.0 160.0 164.0 157.0 202.0 196.0 158.0 167.0 166.0 18.0 22.0 24.0 45.0 111.0 88.0 85.0 65.0 63.0 67.0 68.0 18.0 15.0 33.0 19.0
147 163.0 125.0 143.0 124.0 154.0 103.0 141.0 143.0 147.0 142.0 187.0 181.0 143.0 152.0 149.0 9.0 12.0 5.0 32.0 95.0 72.0 69.0 49.0 48.0 51.0 52.0 39.0 33.0 35.0 41.0

#distancia entre depositos y puentes
: 2 10 13 15 17 26 37 39 44 48 50 52 59 62 64 69 70 71 73 81 84 86 89 93 96 98 100 103 105 108:=
0 60.0 96.0 101.0 96.0 95.0 32.0 11.0 10.0 14.0 23.0 60.0 53.0 13.0 20.0 16.0 140.0 129.0 130.0 133.0 91.0 96.0 101.0 128.0 104.0 103.0 99.0 157.0 151.0 165.0 164.0
1 141.0 100.0 118.0 100.0 130.0 86.0 123.0 126.0 129.0 135.0 174.0 167.0 125.0 135.0 131.0 50.0 38.0 40.0 26.0 58.0 35.0 31.0 12.0 15.0 16.0 17.0 61.0 55.0 74.0 68.0

#distancia entre puentes y depositos
: 0 1:=
2 59.0 140.0
10 97.0 99.0
13 101.0 117.0
15 96.0 99.0
17 95.0 128.0
26 38.0 93.0
37 11.0 124.0
39 10.0 126.0
44 13.0 129.0
48 24.0 134.0
50 59.0 174.0
52 75.0 190.0
59 12.0 126.0
62 20.0 136.0
64 15.0 131.0
69 138.0 49.0
70 128.0 38.0
71 129.0 39.0
73 132.0 26.0
81 97.0 65.0
84 95.0 34.0
86 99.0 30.0
89 127.0 12.0
93 103.0 15.0
96 100.0 18.0
98 99.0 17.0
100 156.0 60.0
103 150.0 55.0
105 164.0 73.0
108 163.0 67.0

;