set O:= 0 1;
set N:= 3 4 14 16 17 20 21 25 32 33 37 48 50 59 63 64 74 76 78 92 98 104 105 116 119;
set M:= 122 123 124 127 128 129 131 140 143 144;
set K:= 1 2 3 4 5;
param D:= 100;
param Q:= 540;
param v:= 2000000;
param f:= 
122 24000
123 26037
124 63000
127 25694
128 39740
129 42028
131 73862
140 48596
143 48720
144 52000
;
param:	xcoord ycoord w q:=
0 -32.75044 -70.72613 0 1 
1 -33.0433 -71.624 0 1 
3 -32.35092 -70.79153 105 1 
4 -32.44056 -71.00665 106 1 
14 -32.51115 -71.42049 30 1 
16 -32.21823 -70.82151 78 1 
17 -32.34859 -71.07237 51 1 
20 -32.69998 -70.93128 51 1 
21 -32.80094 -70.95847 94 1 
25 -32.86219 -70.89013 69 1 
32 -32.66447 -70.697 94 1 
33 -32.62252 -70.72251 72 1 
37 -32.81691 -70.71195 53 1 
48 -32.88608 -70.59211 103 1 
50 -32.87857 -70.20821 39 1 
59 -32.83316 -70.70835 85 1 
63 -32.76227 -70.50125 44 1 
64 -32.75022 -70.59169 119 1 
74 -32.91961 -71.50488 57 1 
76 -32.93269 -71.43975 112 1 
78 -32.93288 -71.46643 63 1 
92 -33.58655 -71.52943 57 1 
98 -32.98749 -71.50073 83 1 
104 -33.61332 -71.40226 39 1 
105 -33.53115 -71.54035 119 1 
116 -33.88859 -71.64141 97 1 
119 -33.8283 -71.64323 81 1 
122 -32.77961 -70.95976 0 1 
123 -32.88254 -71.09009 0 1 
124 -32.85659 -70.41855 0 1 
127 -32.24898 -70.9333 0 1 
128 -32.43019 -71.07467 0 1 
129 -32.44456 -71.22894 0 1 
131 -33.65502 -71.62965 0 1 
140 -32.93024 -71.55027 0 1 
143 -32.78349 -71.53032 0 1 
144 -32.77144 -71.53401 0 1 
;
param d[*,*]
#distancia de viaje entre puentes
: 3 4 14 16 17 20 21 25 32 33 37 48 50 59 63 64 74 76 78 92 98 104 105 116 119:=
3 0.0 26.0 74.0 19.0 46.0 75.0 83.0 97.0 50.0 43.0 68.0 82.0 118.0 70.0 85.0 74.0 127.0 125.0 128.0 212.0 136.0 217.0 207.0 261.0 251.0
4 26.0 0.0 49.0 45.0 20.0 62.0 71.0 85.0 66.0 59.0 84.0 98.0 134.0 86.0 101.0 90.0 101.0 100.0 102.0 186.0 110.0 192.0 181.0 236.0 225.0
14 74.0 49.0 0.0 83.0 53.0 94.0 83.0 86.0 114.0 108.0 115.0 129.0 166.0 117.0 134.0 123.0 64.0 62.0 64.0 160.0 72.0 165.0 154.0 209.0 199.0
16 19.0 45.0 83.0 0.0 31.0 94.0 101.0 115.0 68.0 61.0 87.0 100.0 136.0 89.0 103.0 92.0 135.0 134.0 136.0 220.0 144.0 226.0 215.0 270.0 259.0
17 46.0 20.0 52.0 31.0 0.0 82.0 91.0 103.0 86.0 79.0 104.0 118.0 154.0 106.0 121.0 110.0 105.0 103.0 106.0 190.0 114.0 195.0 185.0 239.0 229.0
20 75.0 62.0 94.0 94.0 82.0 0.0 13.0 27.0 48.0 49.0 47.0 61.0 98.0 49.0 66.0 55.0 82.0 75.0 78.0 157.0 86.0 162.0 152.0 207.0 196.0
21 83.0 71.0 83.0 101.0 91.0 13.0 0.0 14.0 39.0 40.0 34.0 48.0 85.0 36.0 53.0 42.0 71.0 64.0 66.0 146.0 74.0 151.0 140.0 195.0 185.0
25 96.0 85.0 86.0 115.0 104.0 27.0 14.0 0.0 52.0 54.0 46.0 53.0 97.0 48.0 65.0 54.0 74.0 67.0 70.0 149.0 78.0 154.0 144.0 199.0 188.0
32 50.0 66.0 114.0 68.0 86.0 47.0 39.0 52.0 0.0 7.0 24.0 37.0 73.0 25.0 40.0 29.0 109.0 102.0 104.0 184.0 112.0 182.0 178.0 221.0 223.0
33 43.0 59.0 107.0 61.0 79.0 49.0 40.0 54.0 7.0 0.0 26.0 39.0 75.0 27.0 42.0 31.0 111.0 104.0 106.0 186.0 114.0 184.0 180.0 223.0 225.0
37 69.0 84.0 115.0 87.0 104.0 47.0 34.0 47.0 24.0 26.0 0.0 17.0 55.0 3.0 27.0 23.0 103.0 96.0 99.0 175.0 107.0 162.0 169.0 200.0 204.0
48 82.0 98.0 129.0 100.0 118.0 61.0 48.0 52.0 37.0 39.0 17.0 0.0 48.0 16.0 22.0 18.0 117.0 110.0 113.0 172.0 120.0 160.0 167.0 198.0 202.0
50 117.0 133.0 166.0 136.0 153.0 97.0 85.0 97.0 73.0 75.0 55.0 48.0 0.0 56.0 55.0 52.0 154.0 147.0 150.0 217.0 157.0 205.0 212.0 243.0 247.0
59 70.0 86.0 117.0 89.0 106.0 49.0 36.0 48.0 26.0 28.0 3.0 16.0 56.0 0.0 27.0 23.0 105.0 98.0 101.0 173.0 109.0 160.0 167.0 198.0 202.0
63 85.0 101.0 134.0 103.0 121.0 66.0 53.0 65.0 40.0 42.0 27.0 22.0 55.0 27.0 0.0 12.0 122.0 115.0 118.0 189.0 126.0 176.0 184.0 215.0 219.0
64 73.0 89.0 123.0 91.0 109.0 54.0 42.0 54.0 28.0 30.0 23.0 18.0 52.0 23.0 12.0 0.0 111.0 104.0 107.0 185.0 114.0 172.0 180.0 211.0 215.0
74 128.0 103.0 64.0 137.0 107.0 82.0 71.0 74.0 109.0 111.0 103.0 117.0 154.0 105.0 122.0 111.0 0.0 7.0 5.0 96.0 9.0 101.0 91.0 146.0 135.0
76 126.0 101.0 63.0 135.0 105.0 75.0 64.0 67.0 102.0 104.0 96.0 110.0 147.0 98.0 115.0 104.0 7.0 0.0 3.0 98.0 10.0 103.0 93.0 147.0 137.0
78 129.0 103.0 65.0 138.0 107.0 78.0 67.0 69.0 104.0 106.0 99.0 112.0 149.0 101.0 118.0 107.0 4.0 3.0 0.0 96.0 9.0 101.0 91.0 145.0 135.0
92 211.0 185.0 160.0 220.0 189.0 156.0 145.0 147.0 182.0 184.0 177.0 175.0 220.0 175.0 192.0 185.0 95.0 97.0 95.0 0.0 87.0 19.0 7.0 56.0 45.0
98 137.0 111.0 73.0 145.0 115.0 85.0 74.0 77.0 112.0 114.0 106.0 120.0 157.0 108.0 126.0 115.0 8.0 10.0 8.0 88.0 0.0 93.0 82.0 137.0 127.0
104 217.0 191.0 165.0 226.0 195.0 162.0 151.0 153.0 188.0 190.0 175.0 172.0 217.0 173.0 189.0 185.0 101.0 103.0 101.0 18.0 92.0 0.0 18.0 63.0 53.0
105 206.0 180.0 154.0 214.0 184.0 151.0 140.0 142.0 177.0 179.0 171.0 169.0 214.0 170.0 186.0 180.0 90.0 91.0 90.0 8.0 81.0 18.0 0.0 58.0 48.0
116 260.0 234.0 208.0 268.0 238.0 204.0 193.0 196.0 225.0 227.0 204.0 201.0 247.0 202.0 218.0 214.0 144.0 145.0 144.0 54.0 135.0 62.0 57.0 0.0 10.0
119 250.0 224.0 198.0 259.0 228.0 195.0 184.0 186.0 221.0 223.0 208.0 205.0 250.0 205.0 222.0 218.0 134.0 136.0 134.0 44.0 125.0 53.0 47.0 11.0 0.0

#distancia viaje entre puentes y alojamientos
: 122 123 124 127 128 129 131 140 143 144:=
3 81.0 106.0 93.0 31.0 34.0 53.0 226.0 133.0 118.0 120.0
4 69.0 86.0 109.0 40.0 8.0 28.0 200.0 107.0 92.0 94.0
14 84.0 72.0 141.0 72.0 40.0 22.0 174.0 69.0 55.0 56.0
16 99.0 120.0 111.0 12.0 45.0 62.0 234.0 141.0 126.0 128.0
17 89.0 89.0 129.0 20.0 14.0 32.0 204.0 111.0 96.0 98.0
20 10.0 36.0 73.0 101.0 70.0 81.0 171.0 87.0 89.0 90.0
21 2.0 23.0 60.0 110.0 79.0 70.0 160.0 76.0 77.0 79.0
25 16.0 26.0 71.0 123.0 91.0 73.0 163.0 79.0 81.0 82.0
32 37.0 61.0 48.0 80.0 74.0 93.0 198.0 114.0 115.0 117.0
33 38.0 63.0 50.0 73.0 67.0 86.0 200.0 116.0 117.0 119.0
37 37.0 55.0 30.0 99.0 93.0 102.0 187.0 109.0 110.0 111.0
48 50.0 69.0 23.0 113.0 106.0 116.0 185.0 122.0 124.0 125.0
50 87.0 106.0 26.0 148.0 142.0 153.0 230.0 159.0 160.0 162.0
59 38.0 57.0 31.0 101.0 95.0 104.0 185.0 110.0 112.0 113.0
63 55.0 74.0 30.0 115.0 109.0 121.0 201.0 127.0 129.0 130.0
64 44.0 63.0 27.0 103.0 97.0 110.0 197.0 116.0 117.0 119.0
74 72.0 58.0 129.0 126.0 94.0 76.0 110.0 6.0 22.0 23.0
76 65.0 51.0 121.0 124.0 93.0 74.0 112.0 12.0 27.0 28.0
78 68.0 54.0 124.0 127.0 95.0 77.0 110.0 10.0 26.0 28.0
92 146.0 132.0 195.0 209.0 177.0 159.0 20.0 90.0 117.0 119.0
98 75.0 61.0 132.0 134.0 103.0 84.0 102.0 11.0 30.0 32.0
104 152.0 138.0 192.0 215.0 183.0 165.0 28.0 96.0 123.0 125.0
105 141.0 127.0 189.0 204.0 172.0 154.0 23.0 85.0 112.0 113.0
116 194.0 181.0 222.0 257.0 226.0 207.0 39.0 139.0 166.0 167.0
119 185.0 171.0 225.0 248.0 216.0 198.0 30.0 129.0 156.0 157.0

#distancia entre alojamientos y puentes
: 3 4 14 16 17 20 21 25 32 33 37 48 50 59 63 64 74 76 78 92 98 104 105 116 119:=
122 81.0 69.0 84.0 99.0 89.0 10.0 2.0 16.0 37.0 38.0 37.0 50.0 87.0 39.0 56.0 45.0 73.0 66.0 68.0 147.0 76.0 153.0 142.0 197.0 186.0
123 106.0 85.0 72.0 120.0 89.0 36.0 23.0 26.0 61.0 63.0 55.0 69.0 106.0 57.0 75.0 64.0 59.0 52.0 54.0 133.0 62.0 139.0 128.0 183.0 172.0
124 92.0 108.0 141.0 111.0 128.0 72.0 60.0 72.0 47.0 50.0 30.0 23.0 26.0 31.0 30.0 27.0 129.0 122.0 124.0 192.0 132.0 179.0 187.0 218.0 222.0
127 31.0 40.0 72.0 12.0 20.0 101.0 110.0 123.0 80.0 73.0 99.0 112.0 148.0 101.0 116.0 104.0 124.0 123.0 125.0 209.0 133.0 215.0 204.0 259.0 248.0
128 34.0 8.0 40.0 45.0 14.0 70.0 79.0 91.0 74.0 67.0 93.0 106.0 142.0 94.0 109.0 98.0 93.0 91.0 94.0 178.0 102.0 183.0 173.0 228.0 217.0
129 53.0 28.0 22.0 62.0 31.0 82.0 71.0 73.0 93.0 86.0 103.0 116.0 153.0 105.0 122.0 111.0 75.0 73.0 76.0 160.0 83.0 165.0 154.0 209.0 199.0
131 225.0 199.0 173.0 234.0 203.0 170.0 159.0 161.0 196.0 198.0 189.0 186.0 232.0 187.0 203.0 199.0 109.0 111.0 109.0 19.0 100.0 28.0 22.0 40.0 30.0
140 134.0 108.0 70.0 142.0 112.0 87.0 76.0 78.0 113.0 116.0 108.0 122.0 158.0 110.0 127.0 116.0 5.0 12.0 9.0 91.0 10.0 96.0 86.0 141.0 130.0
143 119.0 94.0 56.0 128.0 98.0 88.0 77.0 80.0 115.0 117.0 109.0 123.0 160.0 111.0 128.0 117.0 22.0 27.0 27.0 118.0 31.0 124.0 113.0 168.0 157.0
144 121.0 95.0 57.0 129.0 99.0 89.0 78.0 81.0 116.0 118.0 110.0 124.0 161.0 112.0 129.0 118.0 23.0 28.0 28.0 120.0 33.0 125.0 114.0 169.0 159.0

#distancia entre depositos y puentes
: 3 4 14 16 17 20 21 25 32 33 37 48 50 59 63 64 74 76 78 92 98 104 105 116 119:=
0 59.0 75.0 108.0 77.0 95.0 39.0 27.0 39.0 14.0 16.0 11.0 23.0 60.0 13.0 27.0 16.0 96.0 89.0 92.0 171.0 99.0 170.0 165.0 208.0 210.0
1 151.0 125.0 87.0 160.0 130.0 102.0 91.0 94.0 129.0 131.0 123.0 135.0 174.0 125.0 143.0 131.0 23.0 27.0 25.0 80.0 17.0 85.0 74.0 129.0 119.0

#distancia entre puentes y depositos
: 0 1:=
3 59.0 150.0
4 75.0 124.0
14 108.0 86.0
16 77.0 158.0
17 95.0 128.0
20 40.0 103.0
21 27.0 91.0
25 38.0 94.0
32 14.0 129.0
33 16.0 131.0
37 11.0 124.0
48 24.0 134.0
50 59.0 174.0
59 12.0 126.0
63 27.0 143.0
64 15.0 131.0
74 96.0 23.0
76 89.0 27.0
78 91.0 25.0
92 169.0 79.0
98 99.0 17.0
104 175.0 85.0
105 164.0 73.0
116 212.0 127.0
119 208.0 118.0

;