set O:= 0 1;
set N:= 2 3 4 14 15 16 17 20 21 26 28 29 35 37 45 49 50 51 52 57 59 63 64 73 74 77 81 84 85 86 88 92 93 96 98 103 106 107 114 115;
set M:= 122 124 126 129 134 137 140 143 144 146;
set K:= 1 2 3 4 5;
param D:= 100;
param Q:= 540;
param v:= 2000000;
param f:= 
122 24000
124 63000
126 68517
129 42028
134 96841
137 27856
140 48596
143 48720
144 52000
146 78000
;
param:	xcoord ycoord w q:=
0 -32.75044 -70.72613 0 1 
1 -33.0433 -71.624 0 1 
2 -32.5191 -70.92373 38 1 
3 -32.35092 -70.79153 105 1 
4 -32.44056 -71.00665 106 1 
14 -32.51115 -71.42049 30 1 
15 -32.44511 -71.32299 71 1 
16 -32.21823 -70.82151 78 1 
17 -32.34859 -71.07237 51 1 
20 -32.69998 -70.93128 51 1 
21 -32.80094 -70.95847 94 1 
26 -32.84855 -70.98046 116 1 
28 -32.86292 -70.94795 99 1 
29 -32.58297 -70.73334 108 1 
35 -32.7126 -70.74393 65 1 
37 -32.81691 -70.71195 53 1 
45 -32.74039 -70.64 42 1 
49 -32.90731 -70.28602 104 1 
50 -32.87857 -70.20821 39 1 
51 -32.90645 -70.28716 50 1 
52 -32.90338 -70.26912 86 1 
57 -32.89552 -70.6746 98 1 
59 -32.83316 -70.70835 85 1 
63 -32.76227 -70.50125 44 1 
64 -32.75022 -70.59169 119 1 
73 -33.20765 -71.57225 80 1 
74 -32.91961 -71.50488 57 1 
77 -32.9314 -71.47561 30 1 
81 -32.68399 -71.39191 70 1 
84 -32.86028 -71.45447 70 1 
85 -32.8625 -71.46772 106 1 
86 -32.86452 -71.49062 87 1 
88 -32.80869 -71.44189 36 1 
92 -33.58655 -71.52943 57 1 
93 -33.01883 -71.50131 58 1 
96 -32.99633 -71.50138 105 1 
98 -32.98749 -71.50073 83 1 
103 -33.35491 -71.65289 40 1 
106 -33.53398 -71.59339 54 1 
107 -33.42116 -71.69462 116 1 
114 -33.63163 -71.61037 97 1 
115 -33.93803 -71.7365 56 1 
122 -32.77961 -70.95976 0 1 
124 -32.85659 -70.41855 0 1 
126 -32.25311 -70.93619 0 1 
129 -32.44456 -71.22894 0 1 
134 -33.61172 -71.60733 0 1 
137 -32.91915 -71.52057 0 1 
140 -32.93024 -71.55027 0 1 
143 -32.78349 -71.53032 0 1 
144 -32.77144 -71.53401 0 1 
146 -33.38843 -71.53636 0 1 
;
param d[*,*]
#distancia de viaje entre puentes
: 2 3 4 14 15 16 17 20 21 26 28 29 35 37 45 49 50 51 52 57 59 63 64 73 74 77 81 84 85 86 88 92 93 96 98 103 106 107 114 115:=
2 0.0 29.0 16.0 64.0 52.0 48.0 35.0 46.0 56.0 63.0 66.0 41.0 54.0 69.0 68.0 110.0 118.0 110.0 112.0 77.0 71.0 86.0 74.0 160.0 117.0 119.0 89.0 106.0 107.0 109.0 99.0 200.0 130.0 129.0 126.0 180.0 199.0 190.0 210.0 257.0
3 29.0 0.0 26.0 74.0 62.0 19.0 46.0 75.0 83.0 90.0 94.0 41.0 54.0 68.0 68.0 110.0 118.0 110.0 111.0 77.0 70.0 85.0 74.0 170.0 127.0 129.0 99.0 116.0 117.0 120.0 110.0 212.0 140.0 139.0 136.0 192.0 211.0 202.0 222.0 269.0
4 16.0 26.0 0.0 49.0 36.0 45.0 20.0 62.0 71.0 78.0 82.0 57.0 70.0 84.0 84.0 126.0 134.0 126.0 127.0 93.0 86.0 101.0 90.0 144.0 101.0 103.0 73.0 90.0 92.0 94.0 84.0 186.0 115.0 114.0 110.0 167.0 185.0 176.0 196.0 244.0
14 64.0 74.0 49.0 0.0 12.0 83.0 53.0 94.0 83.0 78.0 82.0 105.0 112.0 115.0 118.0 158.0 166.0 157.0 159.0 123.0 117.0 134.0 123.0 106.0 64.0 65.0 35.0 52.0 54.0 56.0 46.0 160.0 77.0 76.0 72.0 136.0 159.0 145.0 170.0 217.0
15 52.0 62.0 37.0 12.0 0.0 71.0 41.0 82.0 71.0 66.0 70.0 93.0 100.0 103.0 106.0 146.0 154.0 145.0 147.0 112.0 105.0 123.0 111.0 118.0 76.0 78.0 48.0 65.0 66.0 68.0 58.0 160.0 89.0 88.0 84.0 141.0 159.0 151.0 171.0 218.0
16 48.0 19.0 45.0 83.0 70.0 0.0 31.0 94.0 101.0 108.0 112.0 59.0 72.0 87.0 86.0 128.0 136.0 128.0 130.0 95.0 89.0 103.0 92.0 178.0 135.0 137.0 107.0 124.0 126.0 128.0 118.0 220.0 149.0 147.0 144.0 201.0 219.0 210.0 230.0 278.0
17 35.0 46.0 20.0 52.0 40.0 31.0 0.0 82.0 91.0 95.0 100.0 76.0 90.0 104.0 104.0 146.0 154.0 145.0 147.0 112.0 106.0 121.0 110.0 148.0 105.0 107.0 77.0 94.0 95.0 98.0 88.0 190.0 118.0 117.0 114.0 170.0 189.0 180.0 200.0 247.0
20 46.0 75.0 62.0 94.0 82.0 94.0 82.0 0.0 13.0 20.0 24.0 54.0 39.0 47.0 49.0 89.0 98.0 89.0 91.0 55.0 49.0 66.0 55.0 120.0 82.0 79.0 77.0 82.0 84.0 87.0 79.0 157.0 90.0 89.0 86.0 138.0 156.0 147.0 167.0 214.0
21 55.0 83.0 71.0 83.0 70.0 101.0 91.0 13.0 0.0 7.0 11.0 46.0 30.0 34.0 37.0 77.0 85.0 76.0 78.0 43.0 36.0 53.0 42.0 108.0 71.0 67.0 65.0 71.0 72.0 75.0 67.0 146.0 79.0 78.0 74.0 126.0 145.0 136.0 156.0 203.0
26 69.0 96.0 85.0 85.0 73.0 114.0 103.0 26.0 14.0 0.0 5.0 59.0 42.0 46.0 48.0 88.0 96.0 88.0 90.0 49.0 48.0 65.0 54.0 111.0 73.0 70.0 68.0 73.0 75.0 78.0 69.0 148.0 81.0 80.0 77.0 129.0 147.0 138.0 158.0 205.0
28 66.0 93.0 82.0 82.0 70.0 111.0 100.0 23.0 11.0 5.0 0.0 56.0 39.0 43.0 45.0 85.0 93.0 85.0 87.0 47.0 45.0 62.0 51.0 108.0 70.0 67.0 65.0 70.0 72.0 75.0 67.0 145.0 78.0 77.0 74.0 126.0 144.0 135.0 155.0 203.0
29 41.0 41.0 57.0 105.0 93.0 59.0 76.0 54.0 46.0 53.0 57.0 0.0 17.0 32.0 31.0 73.0 81.0 73.0 75.0 40.0 34.0 48.0 37.0 154.0 117.0 113.0 111.0 117.0 118.0 121.0 113.0 191.0 125.0 123.0 120.0 172.0 190.0 181.0 202.0 243.0
35 54.0 54.0 70.0 112.0 99.0 72.0 90.0 38.0 30.0 36.0 40.0 17.0 0.0 15.0 14.0 56.0 64.0 56.0 58.0 23.0 17.0 31.0 20.0 137.0 100.0 96.0 94.0 100.0 101.0 104.0 96.0 175.0 108.0 107.0 103.0 155.0 174.0 165.0 185.0 226.0
37 69.0 69.0 84.0 115.0 103.0 87.0 104.0 47.0 34.0 40.0 43.0 32.0 15.0 0.0 17.0 47.0 55.0 47.0 49.0 11.0 3.0 27.0 23.0 141.0 103.0 100.0 98.0 103.0 105.0 108.0 100.0 175.0 111.0 110.0 107.0 159.0 174.0 168.0 183.0 214.0
45 68.0 67.0 83.0 117.0 105.0 86.0 103.0 49.0 36.0 42.0 45.0 30.0 14.0 17.0 0.0 48.0 56.0 48.0 49.0 25.0 20.0 18.0 6.0 143.0 106.0 102.0 100.0 106.0 107.0 110.0 102.0 180.0 114.0 112.0 109.0 161.0 179.0 171.0 191.0 228.0
49 135.0 135.0 151.0 183.0 171.0 153.0 171.0 115.0 102.0 107.0 111.0 98.0 81.0 73.0 73.0 0.0 8.0 1.0 2.0 71.0 73.0 72.0 69.0 209.0 171.0 168.0 166.0 171.0 172.0 176.0 167.0 235.0 179.0 178.0 174.0 225.0 234.0 234.0 243.0 274.0
50 118.0 117.0 133.0 166.0 153.0 136.0 153.0 97.0 85.0 90.0 94.0 80.0 64.0 55.0 56.0 12.0 0.0 8.0 14.0 54.0 56.0 55.0 52.0 191.0 154.0 150.0 149.0 154.0 155.0 159.0 150.0 217.0 162.0 161.0 157.0 208.0 217.0 217.0 226.0 257.0
51 109.0 109.0 125.0 157.0 145.0 127.0 145.0 89.0 76.0 82.0 85.0 72.0 55.0 47.0 47.0 4.0 8.0 0.0 2.0 46.0 47.0 46.0 43.0 183.0 146.0 142.0 140.0 145.0 147.0 150.0 142.0 209.0 154.0 152.0 149.0 199.0 208.0 208.0 217.0 249.0
52 133.0 133.0 149.0 181.0 169.0 151.0 169.0 113.0 100.0 106.0 109.0 96.0 79.0 71.0 71.0 2.0 7.0 3.0 0.0 70.0 71.0 70.0 67.0 207.0 169.0 166.0 164.0 169.0 171.0 174.0 166.0 233.0 177.0 176.0 173.0 223.0 232.0 232.0 241.0 272.0
57 77.0 77.0 93.0 123.0 111.0 95.0 113.0 55.0 42.0 48.0 46.0 40.0 23.0 11.0 25.0 46.0 55.0 46.0 48.0 0.0 9.0 26.0 22.0 138.0 112.0 108.0 106.0 112.0 113.0 116.0 108.0 164.0 112.0 116.0 115.0 154.0 163.0 163.0 172.0 203.0
59 71.0 70.0 86.0 117.0 105.0 89.0 106.0 49.0 36.0 42.0 45.0 33.0 17.0 3.0 20.0 47.0 56.0 47.0 49.0 9.0 0.0 27.0 23.0 143.0 105.0 102.0 100.0 105.0 107.0 110.0 102.0 173.0 113.0 112.0 109.0 161.0 172.0 170.0 181.0 212.0
63 85.0 85.0 101.0 134.0 122.0 103.0 121.0 66.0 53.0 59.0 62.0 48.0 31.0 27.0 18.0 47.0 55.0 47.0 49.0 26.0 27.0 0.0 12.0 160.0 122.0 119.0 117.0 122.0 124.0 127.0 119.0 189.0 130.0 129.0 126.0 178.0 188.0 187.0 198.0 229.0
64 73.0 73.0 89.0 123.0 110.0 91.0 109.0 54.0 42.0 47.0 51.0 36.0 19.0 23.0 6.0 44.0 52.0 44.0 46.0 22.0 23.0 12.0 0.0 148.0 111.0 107.0 106.0 111.0 112.0 116.0 107.0 185.0 119.0 118.0 114.0 166.0 184.0 176.0 193.0 225.0
73 160.0 170.0 145.0 107.0 119.0 179.0 149.0 119.0 108.0 102.0 106.0 153.0 137.0 140.0 142.0 182.0 190.0 182.0 184.0 138.0 142.0 159.0 148.0 0.0 42.0 45.0 77.0 54.0 52.0 51.0 60.0 66.0 29.0 33.0 34.0 30.0 57.0 40.0 70.0 117.0
74 118.0 128.0 103.0 64.0 77.0 137.0 107.0 82.0 71.0 65.0 70.0 116.0 100.0 103.0 105.0 145.0 154.0 145.0 147.0 111.0 105.0 122.0 111.0 43.0 0.0 5.0 35.0 12.0 10.0 8.0 18.0 96.0 13.0 12.0 9.0 72.0 95.0 82.0 106.0 154.0
77 120.0 130.0 104.0 66.0 79.0 139.0 108.0 79.0 68.0 62.0 66.0 113.0 96.0 100.0 102.0 142.0 150.0 142.0 143.0 108.0 101.0 119.0 108.0 46.0 9.0 0.0 37.0 13.0 15.0 17.0 20.0 100.0 17.0 15.0 12.0 76.0 99.0 85.0 110.0 157.0
81 96.0 107.0 81.0 43.0 55.0 115.0 85.0 84.0 73.0 67.0 71.0 118.0 101.0 105.0 107.0 147.0 155.0 147.0 148.0 113.0 106.0 124.0 113.0 85.0 42.0 44.0 0.0 31.0 32.0 35.0 24.0 138.0 55.0 54.0 51.0 114.0 137.0 124.0 148.0 196.0
84 107.0 117.0 91.0 53.0 65.0 125.0 95.0 82.0 71.0 65.0 70.0 116.0 100.0 103.0 105.0 145.0 153.0 145.0 147.0 111.0 105.0 122.0 111.0 54.0 11.0 13.0 23.0 0.0 2.0 5.0 6.0 107.0 25.0 23.0 20.0 83.0 106.0 93.0 118.0 165.0
85 110.0 121.0 95.0 57.0 69.0 129.0 99.0 83.0 72.0 66.0 70.0 117.0 100.0 104.0 106.0 146.0 154.0 146.0 148.0 112.0 106.0 123.0 112.0 52.0 10.0 14.0 27.0 4.0 0.0 3.0 10.0 106.0 23.0 22.0 19.0 82.0 105.0 91.0 116.0 163.0
86 111.0 121.0 95.0 57.0 69.0 130.0 99.0 85.0 74.0 68.0 73.0 119.0 103.0 106.0 108.0 148.0 157.0 148.0 150.0 114.0 108.0 125.0 114.0 50.0 7.0 12.0 27.0 6.0 2.0 0.0 12.0 104.0 21.0 20.0 17.0 80.0 103.0 89.0 114.0 161.0
88 100.0 110.0 85.0 47.0 59.0 119.0 89.0 78.0 67.0 61.0 65.0 112.0 95.0 99.0 101.0 141.0 149.0 141.0 143.0 107.0 101.0 118.0 107.0 60.0 18.0 19.0 17.0 6.0 8.0 11.0 0.0 114.0 31.0 30.0 26.0 90.0 113.0 99.0 124.0 171.0
92 199.0 211.0 185.0 160.0 160.0 220.0 189.0 156.0 145.0 139.0 143.0 190.0 174.0 177.0 179.0 211.0 220.0 211.0 213.0 166.0 175.0 192.0 185.0 66.0 95.0 98.0 130.0 107.0 105.0 104.0 113.0 0.0 82.0 86.0 87.0 36.0 12.0 29.0 16.0 63.0
93 131.0 141.0 115.0 77.0 89.0 150.0 119.0 90.0 79.0 73.0 77.0 124.0 107.0 111.0 113.0 153.0 161.0 153.0 155.0 114.0 113.0 130.0 119.0 30.0 13.0 16.0 47.0 24.0 22.0 21.0 31.0 83.0 0.0 4.0 4.0 59.0 82.0 69.0 93.0 141.0
96 127.0 137.0 112.0 74.0 86.0 146.0 116.0 87.0 76.0 70.0 74.0 121.0 104.0 108.0 110.0 150.0 158.0 150.0 152.0 116.0 110.0 127.0 116.0 36.0 9.0 13.0 44.0 21.0 19.0 18.0 27.0 89.0 6.0 0.0 2.0 65.0 88.0 75.0 99.0 147.0
98 126.0 137.0 111.0 73.0 85.0 145.0 115.0 85.0 74.0 69.0 73.0 119.0 103.0 106.0 109.0 149.0 157.0 148.0 150.0 115.0 108.0 126.0 115.0 34.0 8.0 12.0 43.0 20.0 18.0 17.0 26.0 88.0 5.0 4.0 0.0 64.0 87.0 73.0 98.0 145.0
103 180.0 192.0 166.0 136.0 141.0 201.0 171.0 137.0 126.0 120.0 125.0 171.0 155.0 158.0 160.0 200.0 208.0 200.0 202.0 155.0 160.0 177.0 166.0 30.0 71.0 75.0 106.0 83.0 81.0 80.0 89.0 36.0 58.0 62.0 63.0 0.0 27.0 10.0 40.0 87.0
106 198.0 211.0 185.0 159.0 159.0 219.0 189.0 156.0 145.0 139.0 143.0 190.0 173.0 177.0 179.0 211.0 219.0 211.0 213.0 166.0 175.0 191.0 185.0 56.0 95.0 98.0 130.0 106.0 105.0 103.0 113.0 12.0 82.0 86.0 86.0 26.0 0.0 17.0 13.0 60.0
107 189.0 202.0 176.0 145.0 150.0 210.0 180.0 146.0 135.0 130.0 134.0 180.0 164.0 167.0 170.0 210.0 218.0 209.0 211.0 164.0 169.0 187.0 176.0 40.0 81.0 84.0 116.0 92.0 91.0 89.0 98.0 29.0 68.0 72.0 72.0 9.0 17.0 0.0 30.0 77.0
114 209.0 221.0 195.0 169.0 170.0 230.0 199.0 166.0 155.0 149.0 153.0 200.0 183.0 185.0 189.0 219.0 228.0 219.0 221.0 174.0 183.0 200.0 195.0 70.0 105.0 108.0 140.0 117.0 115.0 113.0 123.0 15.0 92.0 96.0 96.0 40.0 13.0 30.0 0.0 47.0
115 256.0 268.0 243.0 217.0 217.0 277.0 247.0 213.0 202.0 196.0 201.0 247.0 230.0 218.0 231.0 252.0 260.0 252.0 254.0 207.0 216.0 232.0 228.0 117.0 152.0 156.0 187.0 164.0 162.0 161.0 170.0 63.0 139.0 143.0 144.0 87.0 61.0 77.0 47.0 0.0

#distancia viaje entre puentes y alojamientos
: 122 124 126 129 134 137 140 143 144 146:=
2 53.0 93.0 54.0 43.0 208.0 119.0 123.0 108.0 109.0 180.0
3 81.0 93.0 32.0 53.0 220.0 129.0 133.0 118.0 120.0 192.0
4 69.0 109.0 39.0 28.0 194.0 103.0 107.0 92.0 94.0 166.0
14 84.0 141.0 71.0 22.0 168.0 65.0 69.0 55.0 56.0 140.0
15 72.0 129.0 59.0 10.0 168.0 78.0 81.0 67.0 68.0 140.0
16 99.0 111.0 12.0 62.0 228.0 137.0 141.0 126.0 128.0 200.0
17 89.0 129.0 20.0 32.0 198.0 107.0 111.0 96.0 98.0 170.0
20 10.0 73.0 101.0 81.0 165.0 83.0 87.0 89.0 90.0 137.0
21 2.0 60.0 110.0 70.0 154.0 72.0 76.0 77.0 79.0 126.0
26 16.0 71.0 121.0 72.0 156.0 74.0 78.0 80.0 81.0 128.0
28 13.0 68.0 118.0 69.0 153.0 72.0 75.0 77.0 78.0 125.0
29 44.0 56.0 71.0 84.0 199.0 118.0 122.0 123.0 125.0 171.0
35 28.0 39.0 84.0 97.0 183.0 101.0 105.0 106.0 108.0 155.0
37 37.0 30.0 99.0 102.0 183.0 105.0 109.0 110.0 111.0 156.0
45 39.0 31.0 98.0 104.0 188.0 107.0 111.0 112.0 114.0 160.0
49 104.0 43.0 165.0 170.0 243.0 172.0 176.0 178.0 179.0 216.0
50 87.0 26.0 148.0 153.0 226.0 155.0 159.0 160.0 162.0 199.0
51 79.0 18.0 140.0 144.0 217.0 147.0 151.0 152.0 153.0 191.0
52 103.0 42.0 164.0 168.0 241.0 171.0 175.0 176.0 177.0 215.0
57 45.0 29.0 107.0 110.0 172.0 113.0 117.0 118.0 120.0 145.0
59 38.0 31.0 101.0 104.0 181.0 106.0 110.0 112.0 113.0 154.0
63 55.0 30.0 115.0 121.0 197.0 123.0 127.0 129.0 130.0 171.0
64 44.0 27.0 103.0 110.0 193.0 112.0 116.0 117.0 119.0 166.0
73 109.0 165.0 168.0 118.0 68.0 39.0 37.0 64.0 66.0 46.0
74 72.0 129.0 125.0 76.0 104.0 2.0 6.0 22.0 23.0 76.0
77 69.0 125.0 127.0 78.0 108.0 10.0 14.0 31.0 32.0 79.0
81 74.0 130.0 104.0 54.0 146.0 44.0 48.0 33.0 35.0 118.0
84 72.0 128.0 114.0 65.0 115.0 13.0 17.0 17.0 19.0 87.0
85 73.0 129.0 118.0 68.0 114.0 11.0 15.0 17.0 18.0 86.0
86 75.0 132.0 118.0 69.0 112.0 9.0 13.0 15.0 16.0 83.0
88 68.0 124.0 108.0 58.0 122.0 19.0 23.0 11.0 12.0 94.0
92 146.0 195.0 208.0 159.0 14.0 92.0 90.0 117.0 119.0 36.0
93 80.0 136.0 138.0 89.0 91.0 14.0 15.0 35.0 36.0 63.0
96 77.0 133.0 135.0 85.0 97.0 10.0 12.0 31.0 33.0 69.0
98 75.0 132.0 134.0 84.0 96.0 9.0 11.0 30.0 32.0 67.0
103 127.0 183.0 189.0 140.0 38.0 69.0 66.0 93.0 95.0 16.0
106 146.0 194.0 208.0 159.0 11.0 92.0 90.0 117.0 118.0 27.0
107 136.0 193.0 199.0 149.0 28.0 78.0 76.0 103.0 104.0 18.0
114 156.0 203.0 218.0 169.0 2.0 102.0 100.0 127.0 129.0 40.0
115 203.0 235.0 265.0 216.0 50.0 150.0 147.0 174.0 176.0 87.0

#distancia entre alojamientos y puentes
: 2 3 4 14 15 16 17 20 21 26 28 29 35 37 45 49 50 51 52 57 59 63 64 73 74 77 81 84 85 86 88 92 93 96 98 103 106 107 114 115:=
122 53.0 81.0 69.0 84.0 72.0 99.0 89.0 10.0 2.0 10.0 13.0 44.0 28.0 37.0 39.0 79.0 87.0 79.0 81.0 45.0 39.0 56.0 45.0 110.0 73.0 69.0 67.0 73.0 74.0 77.0 69.0 147.0 81.0 79.0 76.0 128.0 146.0 138.0 158.0 205.0
124 93.0 92.0 108.0 141.0 128.0 111.0 128.0 72.0 60.0 65.0 69.0 55.0 39.0 30.0 31.0 18.0 26.0 18.0 19.0 29.0 31.0 30.0 27.0 166.0 129.0 125.0 123.0 129.0 130.0 133.0 125.0 192.0 137.0 136.0 132.0 183.0 191.0 192.0 201.0 232.0
126 54.0 32.0 39.0 71.0 59.0 13.0 19.0 101.0 110.0 114.0 118.0 71.0 85.0 99.0 99.0 140.0 149.0 140.0 142.0 107.0 101.0 116.0 105.0 166.0 124.0 125.0 96.0 112.0 114.0 116.0 106.0 208.0 137.0 136.0 132.0 189.0 208.0 199.0 219.0 266.0
129 43.0 53.0 28.0 22.0 10.0 62.0 31.0 82.0 71.0 65.0 69.0 84.0 97.0 103.0 105.0 145.0 153.0 145.0 147.0 111.0 105.0 122.0 111.0 118.0 75.0 77.0 47.0 64.0 65.0 67.0 57.0 160.0 88.0 87.0 83.0 140.0 159.0 150.0 170.0 217.0
134 206.0 219.0 193.0 167.0 167.0 227.0 197.0 163.0 152.0 147.0 151.0 197.0 181.0 184.0 187.0 219.0 227.0 219.0 221.0 174.0 183.0 199.0 192.0 68.0 103.0 106.0 137.0 114.0 112.0 111.0 120.0 13.0 90.0 93.0 94.0 37.0 11.0 28.0 2.0 50.0
137 120.0 130.0 104.0 66.0 79.0 139.0 108.0 83.0 72.0 66.0 71.0 117.0 101.0 104.0 107.0 146.0 155.0 146.0 148.0 112.0 106.0 123.0 112.0 40.0 2.0 6.0 37.0 14.0 11.0 10.0 20.0 93.0 14.0 12.0 10.0 69.0 92.0 79.0 103.0 151.0
140 123.0 134.0 108.0 70.0 82.0 142.0 112.0 87.0 76.0 70.0 75.0 121.0 105.0 108.0 110.0 150.0 158.0 150.0 152.0 116.0 110.0 127.0 116.0 37.0 5.0 10.0 40.0 17.0 15.0 14.0 24.0 91.0 14.0 13.0 10.0 67.0 90.0 77.0 101.0 148.0
143 109.0 119.0 94.0 56.0 68.0 128.0 98.0 88.0 77.0 71.0 76.0 122.0 106.0 109.0 111.0 151.0 160.0 151.0 153.0 117.0 111.0 128.0 117.0 65.0 22.0 27.0 26.0 17.0 17.0 15.0 11.0 118.0 36.0 34.0 31.0 94.0 117.0 104.0 129.0 176.0
144 110.0 121.0 95.0 57.0 69.0 129.0 99.0 89.0 78.0 73.0 77.0 123.0 107.0 110.0 113.0 153.0 161.0 152.0 154.0 119.0 112.0 129.0 118.0 66.0 23.0 28.0 27.0 19.0 18.0 16.0 12.0 120.0 37.0 36.0 33.0 96.0 119.0 105.0 130.0 177.0
146 180.0 192.0 167.0 141.0 141.0 201.0 171.0 137.0 126.0 120.0 125.0 171.0 155.0 158.0 160.0 194.0 202.0 194.0 196.0 149.0 158.0 174.0 166.0 45.0 76.0 80.0 111.0 88.0 86.0 85.0 94.0 36.0 63.0 67.0 68.0 15.0 27.0 18.0 40.0 87.0

#distancia entre depositos y puentes
: 2 3 4 14 15 16 17 20 21 26 28 29 35 37 45 49 50 51 52 57 59 63 64 73 74 77 81 84 85 86 88 92 93 96 98 103 106 107 114 115:=
0 60.0 59.0 75.0 108.0 96.0 77.0 95.0 39.0 27.0 32.0 36.0 22.0 5.0 11.0 10.0 51.0 60.0 51.0 53.0 19.0 13.0 27.0 16.0 133.0 96.0 92.0 91.0 96.0 97.0 101.0 92.0 171.0 104.0 103.0 99.0 151.0 170.0 161.0 181.0 222.0
1 141.0 151.0 125.0 87.0 100.0 160.0 130.0 102.0 91.0 86.0 90.0 136.0 120.0 123.0 126.0 166.0 174.0 165.0 167.0 127.0 125.0 143.0 131.0 26.0 23.0 27.0 58.0 35.0 33.0 31.0 41.0 80.0 15.0 16.0 17.0 55.0 79.0 65.0 90.0 137.0

#distancia entre puentes y depositos
: 0 1:=
2 59.0 140.0
3 59.0 150.0
4 75.0 124.0
14 108.0 86.0
15 96.0 99.0
16 77.0 158.0
17 95.0 128.0
20 40.0 103.0
21 27.0 91.0
26 38.0 93.0
28 35.0 91.0
29 22.0 137.0
35 5.0 120.0
37 11.0 124.0
45 10.0 126.0
49 77.0 191.0
50 59.0 174.0
51 51.0 166.0
52 75.0 190.0
57 19.0 125.0
59 12.0 126.0
63 27.0 143.0
64 15.0 131.0
73 132.0 26.0
74 96.0 23.0
77 92.0 29.0
81 97.0 65.0
84 95.0 34.0
85 96.0 32.0
86 99.0 30.0
88 91.0 40.0
92 169.0 79.0
93 103.0 15.0
96 100.0 18.0
98 99.0 17.0
103 150.0 55.0
106 169.0 78.0
107 160.0 64.0
114 179.0 89.0
115 225.0 136.0

;