set O:= 0 1;
set N:= 2 3 8 10 14 15 16 17 20 21 22 26 29 32 33 35 36 37 39 44 45 48 49 50 51 52 57 62 63 64 69 70 71 74 75 76 77 78 80 81 85 86 87 88 89 92 96 100 103 104 105 106 107 108 109 110 111 114 115 119;
set M:= 122 123 124 126 127 128 129 131 137 140 143 147;
set K:= 1 2 3 4 5 6 7 8 9 10;
param D:= 100;
param Q:= 540;
param v:= 2000000;
param f:= 
122 24000
123 26037
124 63000
126 68517
127 25694
128 39740
129 42028
131 73862
137 27856
140 48596
143 48720
147 45000
;
param:	xcoord ycoord w q:=
0 -32.75044 -70.72613 0 1 
1 -33.0433 -71.624 0 1 
2 -32.5191 -70.92373 38 1 
3 -32.35092 -70.79153 105 1 
8 -32.44708 -71.19315 110 1 
10 -32.43335 -71.23322 48 1 
14 -32.51115 -71.42049 30 1 
15 -32.44511 -71.32299 71 1 
16 -32.21823 -70.82151 78 1 
17 -32.34859 -71.07237 51 1 
20 -32.69998 -70.93128 51 1 
21 -32.80094 -70.95847 94 1 
22 -32.75643 -70.94537 48 1 
26 -32.84855 -70.98046 116 1 
29 -32.58297 -70.73334 108 1 
32 -32.66447 -70.697 94 1 
33 -32.62252 -70.72251 72 1 
35 -32.7126 -70.74393 65 1 
36 -32.83944 -71.00021 66 1 
37 -32.81691 -70.71195 53 1 
39 -32.74002 -70.64044 105 1 
44 -32.76742 -70.61154 38 1 
45 -32.74039 -70.64 42 1 
48 -32.88608 -70.59211 103 1 
49 -32.90731 -70.28602 104 1 
50 -32.87857 -70.20821 39 1 
51 -32.90645 -70.28716 50 1 
52 -32.90338 -70.26912 86 1 
57 -32.89552 -70.6746 98 1 
62 -32.76924 -70.56035 84 1 
63 -32.76227 -70.50125 44 1 
64 -32.75022 -70.59169 119 1 
69 -33.37956 -71.38904 76 1 
70 -33.29115 -71.47716 94 1 
71 -33.29475 -71.41066 32 1 
74 -32.91961 -71.50488 57 1 
75 -32.91508 -71.49869 66 1 
76 -32.93269 -71.43975 112 1 
77 -32.9314 -71.47561 30 1 
78 -32.93288 -71.46643 63 1 
80 -32.63102 -71.41979 41 1 
81 -32.68399 -71.39191 70 1 
85 -32.8625 -71.46772 106 1 
86 -32.86452 -71.49062 87 1 
87 -32.83144 -71.47526 89 1 
88 -32.80869 -71.44189 36 1 
89 -33.10385 -71.66487 64 1 
92 -33.58655 -71.52943 57 1 
96 -32.99633 -71.50138 105 1 
100 -33.38903 -71.69158 108 1 
103 -33.35491 -71.65289 40 1 
104 -33.61332 -71.40226 39 1 
105 -33.53115 -71.54035 119 1 
106 -33.53398 -71.59339 54 1 
107 -33.42116 -71.69462 116 1 
108 -33.44564 -71.67852 41 1 
109 -33.44473 -71.67916 117 1 
110 -33.63989 -71.57131 49 1 
111 -33.77523 -71.42462 65 1 
114 -33.63163 -71.61037 97 1 
115 -33.93803 -71.7365 56 1 
119 -33.8283 -71.64323 81 1 
122 -32.77961 -70.95976 0 1 
123 -32.88254 -71.09009 0 1 
124 -32.85659 -70.41855 0 1 
126 -32.25311 -70.93619 0 1 
127 -32.24898 -70.9333 0 1 
128 -32.43019 -71.07467 0 1 
129 -32.44456 -71.22894 0 1 
131 -33.65502 -71.62965 0 1 
137 -32.91915 -71.52057 0 1 
140 -32.93024 -71.55027 0 1 
143 -32.78349 -71.53032 0 1 
147 -33.32534 -71.38598 0 1 
;
param d[*,*]
#distancia de viaje entre puentes
: 2 3 8 10 14 15 16 17 20 21 22 26 29 32 33 35 36 37 39 44 45 48 49 50 51 52 57 62 63 64 69 70 71 74 75 76 77 78 80 81 85 86 87 88 89 92 96 100 103 104 105 106 107 108 109 110 111 114 115 119:=
2 0.0 29.0 41.0 45.0 64.0 52.0 48.0 35.0 46.0 56.0 50.0 63.0 41.0 50.0 43.0 54.0 63.0 69.0 69.0 72.0 68.0 82.0 110.0 118.0 110.0 112.0 77.0 79.0 86.0 74.0 169.0 158.0 159.0 117.0 116.0 115.0 119.0 118.0 78.0 89.0 107.0 109.0 105.0 99.0 151.0 200.0 129.0 186.0 180.0 205.0 194.0 199.0 190.0 193.0 193.0 213.0 232.0 210.0 257.0 239.0
3 29.0 0.0 51.0 55.0 74.0 62.0 19.0 46.0 75.0 83.0 79.0 90.0 41.0 50.0 43.0 54.0 90.0 68.0 68.0 71.0 68.0 82.0 110.0 118.0 110.0 111.0 77.0 78.0 85.0 74.0 181.0 171.0 171.0 127.0 126.0 125.0 129.0 128.0 88.0 99.0 117.0 120.0 115.0 110.0 161.0 212.0 139.0 198.0 192.0 217.0 207.0 211.0 202.0 205.0 205.0 225.0 238.0 222.0 269.0 251.0
8 41.0 51.0 0.0 4.0 26.0 14.0 62.0 32.0 86.0 75.0 79.0 69.0 82.0 91.0 84.0 95.0 73.0 107.0 109.0 112.0 109.0 120.0 149.0 157.0 149.0 151.0 115.0 119.0 126.0 115.0 132.0 122.0 122.0 79.0 78.0 77.0 81.0 80.0 40.0 51.0 69.0 71.0 67.0 61.0 113.0 164.0 91.0 150.0 144.0 169.0 158.0 163.0 154.0 157.0 157.0 177.0 196.0 174.0 221.0 203.0
10 45.0 55.0 4.0 0.0 23.0 11.0 60.0 30.0 83.0 72.0 76.0 66.0 86.0 95.0 89.0 100.0 70.0 104.0 106.0 110.0 106.0 118.0 146.0 155.0 146.0 148.0 112.0 116.0 123.0 112.0 130.0 120.0 120.0 76.0 76.0 75.0 78.0 77.0 37.0 48.0 67.0 69.0 65.0 59.0 110.0 161.0 88.0 148.0 142.0 166.0 156.0 160.0 151.0 154.0 154.0 175.0 193.0 171.0 219.0 200.0
14 64.0 74.0 26.0 23.0 0.0 12.0 83.0 53.0 94.0 83.0 87.0 78.0 105.0 114.0 108.0 112.0 81.0 115.0 118.0 121.0 118.0 129.0 158.0 166.0 157.0 159.0 123.0 127.0 134.0 123.0 130.0 118.0 120.0 64.0 63.0 62.0 65.0 64.0 24.0 35.0 54.0 56.0 52.0 46.0 98.0 160.0 76.0 142.0 136.0 165.0 154.0 159.0 145.0 148.0 148.0 173.0 192.0 170.0 217.0 199.0
15 52.0 62.0 14.0 11.0 12.0 0.0 71.0 41.0 82.0 71.0 76.0 66.0 93.0 102.0 96.0 100.0 69.0 103.0 106.0 109.0 106.0 117.0 146.0 154.0 145.0 147.0 112.0 115.0 123.0 111.0 129.0 119.0 119.0 76.0 75.0 74.0 78.0 77.0 36.0 48.0 66.0 68.0 64.0 58.0 110.0 160.0 88.0 147.0 141.0 166.0 155.0 159.0 151.0 154.0 154.0 174.0 192.0 171.0 218.0 199.0
16 48.0 19.0 62.0 60.0 83.0 70.0 0.0 31.0 94.0 101.0 98.0 108.0 59.0 68.0 61.0 72.0 109.0 87.0 86.0 89.0 86.0 100.0 128.0 136.0 128.0 130.0 95.0 96.0 103.0 92.0 189.0 179.0 179.0 135.0 135.0 134.0 137.0 136.0 96.0 107.0 126.0 128.0 124.0 118.0 170.0 220.0 147.0 207.0 201.0 226.0 215.0 219.0 210.0 213.0 213.0 234.0 252.0 230.0 278.0 259.0
17 35.0 46.0 31.0 30.0 52.0 40.0 31.0 0.0 82.0 91.0 85.0 95.0 76.0 86.0 79.0 90.0 99.0 104.0 104.0 107.0 104.0 118.0 146.0 154.0 145.0 147.0 112.0 114.0 121.0 110.0 159.0 149.0 149.0 105.0 104.0 103.0 107.0 106.0 66.0 77.0 95.0 98.0 93.0 88.0 139.0 190.0 117.0 176.0 170.0 195.0 185.0 189.0 180.0 183.0 183.0 203.0 222.0 200.0 247.0 229.0
20 46.0 75.0 85.0 83.0 94.0 82.0 94.0 82.0 0.0 13.0 7.0 20.0 54.0 48.0 49.0 39.0 20.0 47.0 50.0 53.0 49.0 61.0 89.0 98.0 89.0 91.0 55.0 59.0 66.0 55.0 126.0 116.0 116.0 82.0 83.0 75.0 79.0 78.0 83.0 77.0 84.0 87.0 85.0 79.0 114.0 157.0 89.0 143.0 138.0 162.0 152.0 156.0 147.0 150.0 150.0 170.0 189.0 167.0 214.0 196.0
21 55.0 83.0 74.0 71.0 83.0 70.0 101.0 91.0 13.0 0.0 6.0 7.0 46.0 39.0 40.0 30.0 7.0 34.0 37.0 40.0 37.0 48.0 77.0 85.0 76.0 78.0 43.0 46.0 53.0 42.0 114.0 104.0 104.0 71.0 72.0 64.0 67.0 66.0 71.0 65.0 72.0 75.0 74.0 67.0 103.0 146.0 78.0 132.0 126.0 151.0 140.0 145.0 136.0 139.0 139.0 159.0 177.0 156.0 203.0 185.0
22 50.0 79.0 78.0 76.0 87.0 75.0 98.0 85.0 7.0 6.0 0.0 13.0 47.0 41.0 42.0 32.0 13.0 40.0 43.0 46.0 43.0 54.0 82.0 91.0 82.0 84.0 48.0 52.0 59.0 48.0 119.0 109.0 109.0 75.0 76.0 68.0 72.0 71.0 76.0 70.0 77.0 80.0 79.0 72.0 107.0 150.0 82.0 137.0 131.0 155.0 145.0 149.0 140.0 143.0 143.0 164.0 182.0 160.0 208.0 189.0
26 69.0 96.0 76.0 73.0 85.0 73.0 114.0 103.0 26.0 14.0 20.0 0.0 59.0 51.0 53.0 42.0 12.0 46.0 48.0 52.0 48.0 58.0 88.0 96.0 88.0 90.0 49.0 58.0 65.0 54.0 117.0 107.0 107.0 73.0 74.0 66.0 70.0 69.0 74.0 68.0 75.0 78.0 76.0 69.0 105.0 148.0 80.0 134.0 129.0 153.0 143.0 147.0 138.0 141.0 141.0 161.0 180.0 158.0 205.0 187.0
29 41.0 41.0 82.0 86.0 105.0 93.0 59.0 76.0 54.0 46.0 47.0 53.0 0.0 13.0 6.0 17.0 54.0 32.0 31.0 34.0 31.0 45.0 73.0 81.0 73.0 75.0 40.0 41.0 48.0 37.0 160.0 150.0 150.0 117.0 117.0 110.0 113.0 112.0 117.0 111.0 118.0 121.0 120.0 113.0 148.0 191.0 123.0 178.0 172.0 190.0 186.0 190.0 181.0 185.0 185.0 205.0 201.0 202.0 243.0 230.0
32 50.0 50.0 91.0 95.0 114.0 102.0 68.0 86.0 47.0 39.0 41.0 45.0 13.0 0.0 7.0 9.0 45.0 24.0 23.0 26.0 23.0 37.0 65.0 73.0 65.0 66.0 32.0 33.0 40.0 29.0 152.0 142.0 142.0 109.0 110.0 102.0 105.0 104.0 109.0 103.0 110.0 113.0 112.0 105.0 140.0 184.0 116.0 170.0 164.0 182.0 178.0 183.0 174.0 177.0 177.0 197.0 193.0 194.0 235.0 223.0
33 43.0 43.0 84.0 88.0 107.0 95.0 61.0 79.0 49.0 40.0 42.0 47.0 6.0 7.0 0.0 11.0 47.0 26.0 25.0 28.0 25.0 39.0 67.0 75.0 67.0 68.0 34.0 35.0 42.0 31.0 154.0 144.0 144.0 111.0 112.0 104.0 107.0 106.0 111.0 105.0 112.0 115.0 114.0 107.0 143.0 186.0 118.0 172.0 166.0 184.0 180.0 185.0 176.0 179.0 179.0 199.0 195.0 196.0 237.0 225.0
35 54.0 54.0 95.0 99.0 112.0 99.0 72.0 90.0 38.0 30.0 32.0 36.0 17.0 9.0 11.0 0.0 37.0 15.0 14.0 17.0 14.0 28.0 56.0 64.0 56.0 58.0 23.0 24.0 31.0 20.0 143.0 133.0 133.0 100.0 101.0 93.0 96.0 95.0 100.0 94.0 101.0 104.0 103.0 96.0 132.0 175.0 107.0 161.0 155.0 173.0 169.0 174.0 165.0 168.0 168.0 188.0 184.0 185.0 226.0 214.0
36 64.0 91.0 70.0 68.0 79.0 67.0 109.0 97.0 21.0 8.0 14.0 4.0 54.0 46.0 48.0 37.0 0.0 40.0 43.0 46.0 43.0 54.0 83.0 91.0 82.0 84.0 49.0 52.0 60.0 48.0 111.0 101.0 101.0 67.0 68.0 60.0 64.0 63.0 68.0 62.0 69.0 72.0 71.0 64.0 99.0 142.0 74.0 129.0 123.0 148.0 137.0 141.0 132.0 135.0 135.0 156.0 174.0 152.0 200.0 181.0
37 69.0 69.0 106.0 104.0 115.0 103.0 87.0 104.0 47.0 34.0 40.0 40.0 32.0 24.0 26.0 15.0 40.0 0.0 17.0 21.0 17.0 17.0 47.0 55.0 47.0 49.0 11.0 20.0 27.0 23.0 143.0 137.0 137.0 103.0 104.0 96.0 100.0 99.0 104.0 98.0 105.0 108.0 107.0 100.0 135.0 175.0 110.0 165.0 159.0 162.0 169.0 174.0 168.0 171.0 171.0 178.0 172.0 183.0 214.0 204.0
39 68.0 67.0 109.0 106.0 117.0 105.0 86.0 103.0 49.0 36.0 42.0 42.0 30.0 23.0 25.0 14.0 42.0 17.0 0.0 6.0 0.0 22.0 48.0 56.0 48.0 50.0 25.0 11.0 18.0 6.0 149.0 139.0 139.0 106.0 106.0 99.0 102.0 101.0 106.0 100.0 107.0 110.0 109.0 102.0 137.0 180.0 113.0 167.0 161.0 176.0 175.0 180.0 171.0 174.0 174.0 191.0 186.0 191.0 228.0 219.0
44 71.0 71.0 112.0 109.0 121.0 108.0 89.0 106.0 52.0 40.0 45.0 45.0 34.0 26.0 28.0 17.0 45.0 20.0 6.0 0.0 6.0 18.0 44.0 53.0 44.0 46.0 22.0 8.0 15.0 3.0 152.0 142.0 142.0 109.0 110.0 102.0 105.0 104.0 109.0 103.0 110.0 113.0 112.0 105.0 140.0 183.0 116.0 170.0 164.0 172.0 178.0 183.0 174.0 177.0 177.0 188.0 183.0 193.0 225.0 215.0
45 68.0 67.0 109.0 106.0 117.0 105.0 86.0 103.0 49.0 36.0 42.0 42.0 30.0 22.0 25.0 14.0 42.0 17.0 0.0 6.0 0.0 21.0 48.0 56.0 48.0 49.0 25.0 11.0 18.0 6.0 149.0 139.0 139.0 106.0 106.0 99.0 102.0 101.0 106.0 100.0 107.0 110.0 109.0 102.0 137.0 180.0 112.0 167.0 161.0 175.0 175.0 179.0 171.0 174.0 174.0 191.0 186.0 191.0 228.0 219.0
48 83.0 82.0 120.0 117.0 129.0 117.0 100.0 118.0 61.0 48.0 54.0 53.0 45.0 37.0 39.0 28.0 54.0 17.0 21.0 18.0 21.0 0.0 40.0 48.0 40.0 42.0 9.0 15.0 22.0 18.0 141.0 141.0 141.0 117.0 118.0 110.0 114.0 113.0 117.0 112.0 118.0 122.0 120.0 113.0 146.0 172.0 124.0 169.0 163.0 160.0 167.0 172.0 172.0 173.0 173.0 176.0 170.0 181.0 212.0 202.0
49 135.0 135.0 174.0 171.0 183.0 171.0 153.0 171.0 115.0 102.0 108.0 107.0 98.0 90.0 92.0 81.0 108.0 73.0 73.0 69.0 73.0 66.0 0.0 8.0 1.0 2.0 71.0 65.0 72.0 69.0 203.0 203.0 203.0 171.0 172.0 164.0 168.0 167.0 171.0 166.0 172.0 176.0 174.0 167.0 203.0 235.0 178.0 231.0 225.0 222.0 229.0 234.0 234.0 235.0 235.0 238.0 232.0 243.0 274.0 264.0
50 118.0 117.0 157.0 154.0 166.0 153.0 136.0 153.0 97.0 85.0 91.0 90.0 80.0 73.0 75.0 64.0 91.0 55.0 56.0 52.0 56.0 48.0 12.0 0.0 8.0 14.0 54.0 48.0 55.0 52.0 186.0 186.0 186.0 154.0 155.0 147.0 150.0 150.0 154.0 149.0 155.0 159.0 157.0 150.0 186.0 217.0 161.0 214.0 208.0 205.0 212.0 217.0 217.0 218.0 218.0 221.0 215.0 226.0 257.0 247.0
51 109.0 109.0 148.0 146.0 157.0 145.0 127.0 145.0 89.0 76.0 82.0 82.0 72.0 64.0 66.0 55.0 82.0 47.0 47.0 44.0 47.0 40.0 4.0 8.0 0.0 2.0 46.0 39.0 46.0 43.0 177.0 177.0 178.0 146.0 146.0 139.0 142.0 141.0 146.0 140.0 147.0 150.0 149.0 142.0 177.0 209.0 152.0 205.0 199.0 196.0 204.0 208.0 208.0 209.0 209.0 212.0 207.0 217.0 249.0 239.0
52 133.0 133.0 172.0 170.0 181.0 169.0 151.0 169.0 113.0 100.0 106.0 106.0 96.0 88.0 90.0 79.0 106.0 71.0 71.0 68.0 71.0 64.0 2.0 7.0 3.0 0.0 70.0 63.0 70.0 67.0 201.0 201.0 202.0 169.0 170.0 162.0 166.0 165.0 170.0 164.0 171.0 174.0 173.0 166.0 201.0 233.0 176.0 229.0 223.0 220.0 228.0 232.0 232.0 233.0 233.0 236.0 231.0 241.0 272.0 263.0
57 77.0 77.0 114.0 112.0 123.0 111.0 95.0 113.0 55.0 42.0 48.0 48.0 40.0 32.0 34.0 23.0 48.0 11.0 25.0 22.0 25.0 9.0 46.0 55.0 46.0 48.0 0.0 19.0 26.0 22.0 132.0 132.0 132.0 112.0 112.0 105.0 108.0 107.0 112.0 106.0 113.0 116.0 115.0 108.0 137.0 164.0 116.0 160.0 154.0 151.0 158.0 163.0 163.0 164.0 164.0 167.0 161.0 172.0 203.0 193.0
62 78.0 78.0 118.0 116.0 127.0 115.0 96.0 114.0 59.0 46.0 52.0 52.0 41.0 33.0 35.0 24.0 52.0 20.0 11.0 8.0 11.0 15.0 40.0 48.0 40.0 41.0 19.0 0.0 7.0 5.0 151.0 149.0 149.0 115.0 116.0 108.0 112.0 111.0 116.0 110.0 117.0 120.0 118.0 112.0 147.0 182.0 122.0 176.0 171.0 169.0 177.0 181.0 180.0 183.0 183.0 185.0 180.0 191.0 222.0 212.0
63 85.0 85.0 125.0 123.0 134.0 122.0 103.0 121.0 66.0 53.0 59.0 59.0 48.0 40.0 42.0 31.0 59.0 27.0 18.0 15.0 18.0 22.0 47.0 55.0 47.0 49.0 26.0 7.0 0.0 12.0 158.0 156.0 156.0 122.0 123.0 115.0 119.0 118.0 123.0 117.0 124.0 127.0 125.0 119.0 154.0 189.0 129.0 183.0 178.0 176.0 184.0 188.0 187.0 190.0 190.0 192.0 187.0 198.0 229.0 219.0
64 73.0 73.0 114.0 111.0 123.0 110.0 91.0 109.0 54.0 42.0 48.0 47.0 36.0 28.0 30.0 19.0 48.0 23.0 6.0 3.0 6.0 18.0 44.0 52.0 44.0 46.0 22.0 5.0 12.0 0.0 153.0 144.0 144.0 111.0 112.0 104.0 107.0 107.0 111.0 106.0 112.0 116.0 114.0 107.0 143.0 185.0 118.0 172.0 166.0 172.0 180.0 184.0 176.0 179.0 179.0 188.0 183.0 193.0 225.0 215.0
69 168.0 180.0 132.0 130.0 130.0 129.0 189.0 159.0 125.0 114.0 118.0 108.0 159.0 152.0 154.0 143.0 112.0 146.0 148.0 152.0 148.0 143.0 180.0 189.0 180.0 182.0 135.0 153.0 160.0 154.0 0.0 16.0 10.0 66.0 66.0 67.0 69.0 65.0 106.0 100.0 75.0 74.0 77.0 83.0 54.0 35.0 56.0 36.0 33.0 40.0 30.0 34.0 36.0 37.0 37.0 48.0 67.0 45.0 92.0 74.0
70 158.0 170.0 122.0 119.0 119.0 119.0 179.0 149.0 115.0 104.0 108.0 98.0 149.0 141.0 144.0 133.0 102.0 136.0 138.0 142.0 138.0 142.0 178.0 186.0 178.0 180.0 133.0 148.0 155.0 144.0 16.0 0.0 10.0 54.0 55.0 56.0 58.0 54.0 95.0 89.0 64.0 63.0 66.0 72.0 43.0 41.0 45.0 28.0 22.0 47.0 36.0 40.0 32.0 35.0 35.0 55.0 73.0 52.0 99.0 80.0
71 158.0 170.0 122.0 120.0 120.0 119.0 179.0 149.0 115.0 104.0 108.0 98.0 149.0 142.0 144.0 133.0 102.0 136.0 138.0 142.0 138.0 142.0 178.0 187.0 178.0 180.0 133.0 148.0 155.0 144.0 10.0 10.0 0.0 56.0 56.0 57.0 59.0 55.0 96.0 90.0 65.0 64.0 67.0 73.0 44.0 42.0 46.0 37.0 31.0 48.0 37.0 42.0 41.0 43.0 43.0 56.0 74.0 53.0 100.0 81.0
74 118.0 128.0 80.0 77.0 64.0 77.0 137.0 107.0 82.0 71.0 75.0 65.0 116.0 109.0 111.0 100.0 69.0 103.0 106.0 109.0 105.0 117.0 145.0 154.0 145.0 147.0 111.0 115.0 122.0 111.0 66.0 55.0 56.0 0.0 1.0 7.0 5.0 5.0 40.0 35.0 10.0 8.0 12.0 18.0 34.0 96.0 12.0 78.0 72.0 101.0 91.0 95.0 82.0 85.0 85.0 110.0 128.0 106.0 154.0 135.0
75 117.0 127.0 79.0 77.0 64.0 76.0 136.0 106.0 83.0 72.0 76.0 66.0 117.0 109.0 112.0 101.0 70.0 104.0 106.0 110.0 106.0 118.0 146.0 154.0 146.0 148.0 112.0 116.0 123.0 112.0 67.0 56.0 57.0 1.0 0.0 8.0 6.0 5.0 40.0 34.0 9.0 8.0 11.0 17.0 35.0 97.0 13.0 79.0 73.0 102.0 92.0 96.0 82.0 86.0 85.0 110.0 129.0 107.0 154.0 136.0
76 116.0 126.0 78.0 76.0 63.0 75.0 135.0 105.0 75.0 64.0 68.0 58.0 109.0 102.0 104.0 93.0 62.0 96.0 98.0 102.0 98.0 110.0 138.0 147.0 138.0 140.0 104.0 108.0 115.0 104.0 68.0 57.0 58.0 7.0 8.0 0.0 3.0 3.0 39.0 33.0 11.0 14.0 18.0 16.0 39.0 98.0 14.0 80.0 74.0 103.0 93.0 97.0 83.0 87.0 86.0 111.0 130.0 108.0 155.0 137.0
77 120.0 130.0 82.0 79.0 66.0 79.0 139.0 108.0 79.0 68.0 72.0 62.0 113.0 105.0 107.0 96.0 65.0 100.0 102.0 106.0 102.0 113.0 142.0 150.0 142.0 143.0 108.0 112.0 119.0 108.0 70.0 58.0 60.0 9.0 9.0 4.0 0.0 1.0 42.0 37.0 15.0 17.0 20.0 20.0 40.0 100.0 15.0 81.0 76.0 105.0 94.0 99.0 85.0 88.0 88.0 113.0 131.0 110.0 157.0 139.0
78 119.0 129.0 81.0 78.0 65.0 78.0 138.0 107.0 78.0 67.0 71.0 61.0 112.0 104.0 106.0 95.0 64.0 99.0 101.0 105.0 101.0 112.0 141.0 149.0 141.0 143.0 107.0 111.0 118.0 107.0 66.0 55.0 56.0 4.0 5.0 3.0 1.0 0.0 41.0 36.0 14.0 13.0 16.0 19.0 37.0 96.0 12.0 78.0 72.0 101.0 91.0 95.0 81.0 85.0 84.0 109.0 128.0 106.0 153.0 135.0
80 77.0 88.0 40.0 37.0 24.0 36.0 96.0 66.0 81.0 70.0 75.0 65.0 115.0 108.0 110.0 99.0 68.0 102.0 105.0 108.0 105.0 116.0 145.0 153.0 144.0 146.0 111.0 114.0 122.0 110.0 106.0 94.0 96.0 39.0 39.0 38.0 41.0 40.0 0.0 11.0 30.0 32.0 28.0 22.0 74.0 136.0 51.0 117.0 112.0 141.0 130.0 135.0 121.0 124.0 124.0 149.0 167.0 146.0 193.0 175.0
81 96.0 107.0 59.0 56.0 43.0 55.0 115.0 85.0 84.0 73.0 77.0 67.0 118.0 110.0 112.0 101.0 70.0 105.0 107.0 111.0 107.0 118.0 147.0 155.0 147.0 148.0 113.0 117.0 124.0 113.0 108.0 97.0 98.0 42.0 41.0 40.0 44.0 43.0 19.0 0.0 32.0 35.0 31.0 24.0 76.0 138.0 54.0 120.0 114.0 143.0 133.0 137.0 124.0 127.0 127.0 152.0 170.0 148.0 196.0 177.0
85 110.0 121.0 73.0 70.0 57.0 69.0 129.0 99.0 83.0 72.0 76.0 66.0 117.0 109.0 111.0 100.0 70.0 104.0 106.0 110.0 106.0 117.0 146.0 154.0 146.0 148.0 112.0 116.0 123.0 112.0 76.0 64.0 66.0 10.0 9.0 10.0 14.0 13.0 33.0 27.0 0.0 3.0 7.0 10.0 44.0 106.0 22.0 88.0 82.0 111.0 100.0 105.0 91.0 94.0 94.0 119.0 138.0 116.0 163.0 145.0
86 111.0 121.0 73.0 70.0 57.0 69.0 130.0 99.0 85.0 74.0 78.0 68.0 119.0 112.0 114.0 103.0 72.0 106.0 109.0 112.0 108.0 120.0 148.0 157.0 148.0 150.0 114.0 118.0 125.0 114.0 74.0 62.0 64.0 7.0 7.0 13.0 12.0 12.0 33.0 27.0 2.0 0.0 4.0 12.0 42.0 104.0 20.0 85.0 80.0 109.0 98.0 103.0 89.0 92.0 92.0 117.0 135.0 114.0 161.0 143.0
87 106.0 117.0 69.0 66.0 53.0 65.0 125.0 95.0 85.0 74.0 78.0 68.0 119.0 111.0 113.0 102.0 71.0 106.0 108.0 112.0 108.0 119.0 148.0 156.0 148.0 149.0 114.0 118.0 125.0 114.0 78.0 66.0 68.0 12.0 11.0 17.0 16.0 16.0 29.0 23.0 7.0 4.0 0.0 8.0 46.0 108.0 24.0 90.0 84.0 113.0 102.0 107.0 93.0 96.0 96.0 121.0 140.0 118.0 165.0 147.0
88 100.0 110.0 62.0 60.0 47.0 59.0 119.0 89.0 78.0 67.0 71.0 61.0 112.0 104.0 106.0 95.0 65.0 99.0 101.0 105.0 101.0 112.0 141.0 149.0 141.0 143.0 107.0 111.0 118.0 107.0 84.0 72.0 74.0 18.0 17.0 16.0 19.0 18.0 23.0 17.0 8.0 11.0 8.0 0.0 52.0 114.0 30.0 95.0 90.0 119.0 108.0 113.0 99.0 102.0 102.0 127.0 145.0 124.0 171.0 153.0
89 153.0 163.0 115.0 112.0 99.0 111.0 171.0 141.0 114.0 103.0 107.0 97.0 148.0 141.0 143.0 132.0 101.0 135.0 137.0 141.0 137.0 147.0 177.0 186.0 177.0 179.0 138.0 147.0 154.0 143.0 51.0 40.0 42.0 35.0 35.0 39.0 39.0 37.0 75.0 69.0 44.0 43.0 46.0 53.0 0.0 81.0 28.0 63.0 57.0 87.0 76.0 81.0 67.0 70.0 70.0 95.0 113.0 92.0 139.0 120.0
92 199.0 211.0 163.0 160.0 160.0 160.0 220.0 189.0 156.0 145.0 149.0 139.0 190.0 182.0 184.0 174.0 143.0 177.0 179.0 183.0 179.0 175.0 211.0 220.0 211.0 213.0 166.0 185.0 192.0 185.0 35.0 41.0 42.0 95.0 96.0 97.0 98.0 95.0 136.0 130.0 105.0 104.0 107.0 113.0 84.0 0.0 86.0 32.0 36.0 19.0 7.0 12.0 29.0 26.0 26.0 19.0 36.0 16.0 63.0 45.0
96 127.0 137.0 89.0 87.0 74.0 86.0 146.0 116.0 87.0 76.0 80.0 70.0 121.0 113.0 115.0 104.0 74.0 108.0 110.0 114.0 110.0 121.0 150.0 158.0 150.0 152.0 116.0 120.0 127.0 116.0 59.0 48.0 49.0 9.0 10.0 12.0 13.0 9.0 50.0 44.0 19.0 18.0 21.0 27.0 30.0 89.0 0.0 71.0 65.0 94.0 84.0 88.0 75.0 78.0 78.0 103.0 121.0 99.0 147.0 128.0
100 185.0 198.0 150.0 147.0 141.0 146.0 207.0 176.0 143.0 132.0 136.0 126.0 177.0 169.0 171.0 160.0 129.0 164.0 166.0 170.0 166.0 169.0 206.0 214.0 206.0 208.0 161.0 176.0 183.0 172.0 35.0 28.0 37.0 77.0 78.0 79.0 80.0 77.0 118.0 112.0 87.0 85.0 89.0 95.0 66.0 32.0 68.0 0.0 6.0 45.0 28.0 21.0 4.0 7.0 7.0 37.0 64.0 33.0 81.0 62.0
103 180.0 192.0 144.0 141.0 136.0 141.0 201.0 171.0 137.0 126.0 130.0 120.0 171.0 163.0 165.0 155.0 124.0 158.0 160.0 164.0 160.0 163.0 200.0 208.0 200.0 202.0 155.0 170.0 177.0 166.0 34.0 22.0 31.0 71.0 72.0 73.0 75.0 71.0 112.0 106.0 81.0 80.0 83.0 89.0 60.0 36.0 62.0 6.0 0.0 50.0 33.0 27.0 10.0 13.0 13.0 43.0 68.0 40.0 87.0 69.0
104 205.0 217.0 169.0 166.0 165.0 166.0 226.0 195.0 162.0 151.0 155.0 145.0 196.0 188.0 190.0 179.0 149.0 175.0 185.0 185.0 185.0 172.0 209.0 217.0 209.0 211.0 164.0 182.0 189.0 185.0 40.0 47.0 48.0 101.0 102.0 103.0 104.0 101.0 142.0 136.0 111.0 109.0 113.0 119.0 90.0 18.0 92.0 45.0 48.0 0.0 18.0 24.0 42.0 38.0 39.0 19.0 31.0 24.0 71.0 53.0
105 193.0 206.0 158.0 155.0 154.0 154.0 214.0 184.0 151.0 140.0 144.0 134.0 185.0 177.0 179.0 168.0 137.0 171.0 174.0 177.0 174.0 169.0 206.0 214.0 206.0 208.0 161.0 179.0 186.0 180.0 29.0 36.0 37.0 90.0 91.0 91.0 93.0 90.0 130.0 125.0 100.0 98.0 101.0 107.0 78.0 8.0 81.0 28.0 32.0 18.0 0.0 7.0 24.0 21.0 21.0 22.0 39.0 19.0 66.0 48.0
106 198.0 211.0 163.0 160.0 159.0 159.0 219.0 189.0 156.0 145.0 149.0 139.0 190.0 182.0 184.0 173.0 142.0 177.0 179.0 183.0 179.0 174.0 211.0 219.0 211.0 213.0 166.0 184.0 191.0 185.0 34.0 41.0 42.0 95.0 96.0 96.0 98.0 95.0 135.0 130.0 105.0 103.0 107.0 113.0 84.0 12.0 86.0 21.0 26.0 25.0 7.0 0.0 17.0 14.0 14.0 16.0 43.0 13.0 60.0 42.0
107 189.0 202.0 154.0 151.0 145.0 150.0 210.0 180.0 146.0 135.0 140.0 130.0 180.0 173.0 175.0 164.0 133.0 167.0 170.0 173.0 170.0 173.0 210.0 218.0 209.0 211.0 164.0 180.0 187.0 176.0 36.0 31.0 41.0 81.0 82.0 82.0 84.0 81.0 121.0 116.0 91.0 89.0 92.0 98.0 69.0 29.0 72.0 4.0 9.0 42.0 24.0 17.0 0.0 3.0 3.0 33.0 60.0 30.0 77.0 59.0
108 192.0 205.0 157.0 154.0 148.0 153.0 213.0 183.0 150.0 139.0 143.0 133.0 184.0 176.0 178.0 167.0 136.0 170.0 173.0 177.0 173.0 175.0 211.0 220.0 211.0 213.0 166.0 183.0 190.0 179.0 36.0 35.0 42.0 84.0 85.0 86.0 87.0 84.0 124.0 119.0 94.0 92.0 96.0 102.0 72.0 25.0 75.0 7.0 13.0 39.0 21.0 14.0 3.0 0.0 0.0 30.0 57.0 27.0 74.0 55.0
109 192.0 205.0 157.0 154.0 148.0 153.0 213.0 183.0 149.0 138.0 143.0 133.0 183.0 176.0 178.0 167.0 136.0 170.0 173.0 176.0 173.0 175.0 211.0 220.0 211.0 213.0 166.0 183.0 190.0 179.0 36.0 34.0 42.0 84.0 85.0 85.0 87.0 84.0 124.0 119.0 94.0 92.0 95.0 102.0 72.0 26.0 75.0 7.0 13.0 39.0 21.0 14.0 3.0 0.0 0.0 30.0 57.0 27.0 74.0 56.0
110 212.0 224.0 176.0 173.0 173.0 173.0 233.0 203.0 169.0 158.0 162.0 152.0 203.0 195.0 198.0 187.0 156.0 180.0 192.0 190.0 192.0 178.0 214.0 223.0 214.0 216.0 169.0 187.0 194.0 190.0 48.0 54.0 55.0 108.0 109.0 110.0 111.0 108.0 149.0 143.0 118.0 117.0 120.0 126.0 97.0 19.0 99.0 37.0 43.0 19.0 22.0 17.0 33.0 30.0 30.0 0.0 31.0 5.0 52.0 34.0
111 230.0 241.0 194.0 191.0 191.0 191.0 251.0 220.0 187.0 176.0 180.0 170.0 203.0 196.0 198.0 187.0 174.0 175.0 189.0 185.0 189.0 172.0 209.0 218.0 209.0 211.0 164.0 182.0 189.0 185.0 66.0 72.0 73.0 126.0 127.0 128.0 129.0 126.0 167.0 161.0 136.0 134.0 138.0 144.0 115.0 36.0 117.0 63.0 66.0 27.0 38.0 42.0 59.0 56.0 56.0 31.0 0.0 36.0 83.0 65.0
114 209.0 221.0 173.0 170.0 169.0 170.0 230.0 199.0 166.0 155.0 159.0 149.0 200.0 192.0 194.0 183.0 153.0 185.0 189.0 193.0 189.0 183.0 219.0 228.0 219.0 221.0 174.0 193.0 200.0 195.0 45.0 51.0 52.0 105.0 106.0 107.0 108.0 105.0 146.0 140.0 115.0 113.0 117.0 123.0 94.0 15.0 96.0 34.0 40.0 24.0 19.0 13.0 30.0 27.0 27.0 5.0 36.0 0.0 47.0 29.0
115 256.0 268.0 220.0 218.0 217.0 217.0 277.0 247.0 213.0 202.0 206.0 196.0 247.0 238.0 241.0 230.0 200.0 218.0 231.0 228.0 231.0 215.0 252.0 260.0 252.0 254.0 207.0 225.0 232.0 228.0 92.0 98.0 99.0 152.0 153.0 154.0 156.0 152.0 193.0 187.0 162.0 161.0 164.0 170.0 141.0 63.0 143.0 81.0 87.0 71.0 66.0 61.0 77.0 74.0 74.0 52.0 83.0 47.0 0.0 18.0
119 237.0 250.0 202.0 199.0 198.0 198.0 259.0 228.0 195.0 184.0 188.0 178.0 229.0 221.0 223.0 212.0 181.0 208.0 218.0 218.0 218.0 205.0 242.0 250.0 242.0 244.0 196.0 215.0 222.0 218.0 73.0 80.0 81.0 134.0 135.0 136.0 137.0 134.0 174.0 169.0 144.0 142.0 146.0 152.0 123.0 44.0 125.0 63.0 68.0 53.0 47.0 42.0 59.0 56.0 56.0 34.0 65.0 29.0 18.0 0.0

#distancia viaje entre puentes y alojamientos
: 122 123 124 126 127 128 129 131 137 140 143 147:=
2 53.0 78.0 93.0 54.0 55.0 24.0 43.0 214.0 119.0 123.0 108.0 164.0
3 81.0 106.0 93.0 32.0 31.0 34.0 53.0 226.0 129.0 133.0 118.0 177.0
8 76.0 63.0 132.0 50.0 51.0 17.0 5.0 178.0 81.0 85.0 70.0 128.0
10 73.0 61.0 130.0 49.0 49.0 21.0 3.0 175.0 78.0 82.0 67.0 126.0
14 84.0 72.0 141.0 71.0 72.0 40.0 22.0 174.0 65.0 69.0 55.0 126.0
15 72.0 60.0 129.0 59.0 60.0 28.0 10.0 174.0 78.0 81.0 67.0 125.0
16 99.0 120.0 111.0 12.0 12.0 45.0 62.0 234.0 137.0 141.0 126.0 185.0
17 89.0 89.0 129.0 20.0 20.0 14.0 32.0 204.0 107.0 111.0 96.0 155.0
20 10.0 36.0 73.0 101.0 101.0 70.0 81.0 171.0 83.0 87.0 89.0 122.0
21 2.0 23.0 60.0 110.0 110.0 79.0 70.0 160.0 72.0 76.0 77.0 110.0
22 4.0 29.0 66.0 104.0 105.0 74.0 74.0 164.0 77.0 81.0 82.0 115.0
26 16.0 25.0 71.0 121.0 122.0 90.0 72.0 162.0 74.0 78.0 80.0 113.0
29 44.0 69.0 56.0 71.0 71.0 65.0 84.0 205.0 118.0 122.0 123.0 156.0
32 37.0 61.0 48.0 80.0 80.0 74.0 93.0 198.0 110.0 114.0 115.0 148.0
33 38.0 63.0 50.0 74.0 73.0 67.0 86.0 200.0 112.0 116.0 117.0 150.0
35 28.0 52.0 39.0 84.0 84.0 78.0 97.0 189.0 101.0 105.0 106.0 139.0
36 11.0 19.0 66.0 116.0 116.0 85.0 66.0 156.0 69.0 73.0 74.0 107.0
37 37.0 55.0 30.0 99.0 99.0 93.0 102.0 187.0 105.0 109.0 110.0 141.0
39 39.0 58.0 31.0 98.0 98.0 92.0 105.0 195.0 107.0 111.0 112.0 145.0
44 42.0 61.0 27.0 101.0 101.0 95.0 108.0 197.0 110.0 114.0 115.0 148.0
45 39.0 58.0 31.0 98.0 98.0 92.0 104.0 194.0 107.0 111.0 112.0 145.0
48 50.0 69.0 23.0 113.0 113.0 106.0 116.0 185.0 118.0 122.0 124.0 139.0
49 104.0 123.0 43.0 165.0 165.0 159.0 170.0 247.0 172.0 176.0 178.0 201.0
50 87.0 106.0 26.0 148.0 148.0 142.0 153.0 230.0 155.0 159.0 160.0 184.0
51 79.0 97.0 18.0 140.0 139.0 133.0 144.0 221.0 147.0 151.0 152.0 175.0
52 103.0 121.0 42.0 164.0 163.0 157.0 168.0 245.0 171.0 175.0 176.0 199.0
57 45.0 64.0 29.0 107.0 107.0 101.0 110.0 176.0 113.0 117.0 118.0 130.0
62 48.0 67.0 23.0 109.0 108.0 102.0 114.0 194.0 116.0 120.0 122.0 148.0
63 55.0 74.0 30.0 115.0 115.0 109.0 121.0 201.0 123.0 127.0 129.0 155.0
64 44.0 63.0 27.0 103.0 103.0 97.0 110.0 197.0 112.0 116.0 117.0 151.0
69 115.0 102.0 163.0 177.0 178.0 146.0 128.0 49.0 63.0 60.0 88.0 9.0
70 105.0 92.0 161.0 167.0 168.0 136.0 118.0 55.0 52.0 49.0 76.0 12.0
71 105.0 92.0 161.0 168.0 168.0 136.0 118.0 57.0 53.0 51.0 78.0 7.0
74 72.0 58.0 129.0 125.0 126.0 94.0 76.0 110.0 2.0 6.0 22.0 62.0
75 73.0 59.0 129.0 125.0 125.0 94.0 75.0 111.0 2.0 6.0 21.0 63.0
76 65.0 51.0 121.0 124.0 124.0 93.0 74.0 112.0 8.0 12.0 27.0 64.0
77 69.0 55.0 125.0 127.0 128.0 96.0 78.0 114.0 10.0 14.0 31.0 65.0
78 68.0 54.0 124.0 126.0 127.0 95.0 77.0 110.0 6.0 10.0 26.0 62.0
80 71.0 59.0 128.0 85.0 85.0 54.0 36.0 150.0 41.0 45.0 30.0 101.0
81 74.0 61.0 130.0 104.0 104.0 73.0 54.0 152.0 44.0 48.0 33.0 104.0
85 73.0 59.0 129.0 118.0 118.0 87.0 68.0 120.0 11.0 15.0 17.0 72.0
86 75.0 62.0 132.0 118.0 119.0 87.0 69.0 118.0 9.0 13.0 15.0 69.0
87 75.0 62.0 131.0 114.0 114.0 83.0 64.0 122.0 13.0 17.0 10.0 74.0
88 68.0 55.0 124.0 108.0 108.0 77.0 58.0 128.0 19.0 23.0 11.0 79.0
89 104.0 90.0 160.0 160.0 161.0 129.0 111.0 96.0 34.0 31.0 57.0 47.0
92 146.0 132.0 195.0 208.0 209.0 177.0 159.0 20.0 92.0 90.0 117.0 40.0
96 77.0 63.0 133.0 135.0 135.0 104.0 85.0 103.0 10.0 12.0 31.0 55.0
100 133.0 119.0 189.0 195.0 196.0 164.0 146.0 38.0 74.0 72.0 99.0 39.0
103 127.0 114.0 183.0 189.0 190.0 158.0 140.0 44.0 69.0 66.0 93.0 33.0
104 152.0 138.0 192.0 214.0 215.0 183.0 165.0 28.0 98.0 96.0 123.0 46.0
105 141.0 127.0 189.0 203.0 204.0 172.0 154.0 23.0 87.0 85.0 112.0 35.0
106 146.0 132.0 194.0 208.0 209.0 177.0 159.0 17.0 92.0 90.0 117.0 40.0
107 136.0 123.0 193.0 199.0 199.0 168.0 149.0 34.0 78.0 76.0 103.0 41.0
108 140.0 126.0 195.0 202.0 203.0 171.0 153.0 30.0 81.0 79.0 106.0 40.0
109 139.0 126.0 195.0 202.0 202.0 171.0 152.0 31.0 81.0 79.0 106.0 40.0
110 159.0 146.0 198.0 221.0 222.0 190.0 172.0 9.0 106.0 103.0 130.0 53.0
111 177.0 163.0 192.0 239.0 240.0 208.0 190.0 40.0 123.0 121.0 148.0 71.0
114 156.0 142.0 203.0 218.0 219.0 187.0 169.0 4.0 102.0 100.0 127.0 50.0
115 203.0 190.0 235.0 265.0 266.0 234.0 216.0 48.0 150.0 147.0 174.0 97.0
119 185.0 171.0 225.0 247.0 248.0 216.0 198.0 30.0 131.0 129.0 156.0 79.0

#distancia entre alojamientos y puentes
: 2 3 8 10 14 15 16 17 20 21 22 26 29 32 33 35 36 37 39 44 45 48 49 50 51 52 57 62 63 64 69 70 71 74 75 76 77 78 80 81 85 86 87 88 89 92 96 100 103 104 105 106 107 108 109 110 111 114 115 119:=
122 53.0 81.0 76.0 73.0 84.0 72.0 99.0 89.0 10.0 2.0 3.0 10.0 44.0 37.0 38.0 28.0 10.0 37.0 39.0 43.0 39.0 50.0 79.0 87.0 79.0 81.0 45.0 49.0 56.0 45.0 116.0 106.0 106.0 73.0 73.0 66.0 69.0 68.0 73.0 67.0 74.0 77.0 76.0 69.0 104.0 147.0 79.0 134.0 128.0 153.0 142.0 146.0 138.0 141.0 141.0 161.0 179.0 158.0 205.0 186.0
123 79.0 106.0 63.0 60.0 72.0 60.0 120.0 89.0 36.0 23.0 29.0 18.0 69.0 61.0 63.0 52.0 21.0 55.0 58.0 61.0 58.0 69.0 98.0 106.0 98.0 99.0 64.0 68.0 75.0 64.0 102.0 92.0 92.0 59.0 59.0 52.0 55.0 54.0 60.0 54.0 60.0 63.0 62.0 56.0 90.0 133.0 65.0 120.0 114.0 139.0 128.0 132.0 124.0 127.0 127.0 147.0 165.0 144.0 191.0 172.0
124 93.0 92.0 132.0 129.0 141.0 128.0 111.0 128.0 72.0 60.0 65.0 65.0 55.0 47.0 50.0 39.0 65.0 30.0 31.0 27.0 31.0 23.0 18.0 26.0 18.0 19.0 29.0 23.0 30.0 27.0 161.0 161.0 161.0 129.0 130.0 122.0 125.0 124.0 129.0 123.0 130.0 133.0 132.0 125.0 160.0 192.0 136.0 189.0 183.0 179.0 187.0 191.0 192.0 193.0 193.0 195.0 190.0 201.0 232.0 222.0
126 54.0 32.0 50.0 48.0 71.0 59.0 13.0 19.0 101.0 110.0 104.0 114.0 71.0 81.0 74.0 85.0 117.0 99.0 99.0 102.0 99.0 113.0 140.0 149.0 140.0 142.0 107.0 109.0 116.0 105.0 177.0 167.0 167.0 124.0 123.0 122.0 125.0 124.0 84.0 96.0 114.0 116.0 112.0 106.0 158.0 208.0 136.0 195.0 189.0 214.0 203.0 208.0 199.0 202.0 202.0 222.0 240.0 219.0 266.0 247.0
127 55.0 31.0 51.0 49.0 72.0 59.0 12.0 20.0 101.0 110.0 105.0 115.0 71.0 80.0 73.0 84.0 118.0 99.0 99.0 102.0 98.0 112.0 140.0 148.0 140.0 142.0 107.0 109.0 116.0 104.0 178.0 168.0 168.0 124.0 124.0 123.0 126.0 125.0 85.0 96.0 115.0 117.0 113.0 107.0 159.0 209.0 137.0 196.0 190.0 215.0 204.0 208.0 199.0 203.0 202.0 223.0 241.0 219.0 267.0 248.0
128 24.0 34.0 17.0 21.0 40.0 28.0 45.0 14.0 70.0 79.0 74.0 83.0 65.0 74.0 67.0 78.0 87.0 93.0 92.0 95.0 92.0 106.0 134.0 142.0 134.0 135.0 101.0 102.0 109.0 98.0 147.0 137.0 137.0 93.0 92.0 91.0 95.0 94.0 54.0 65.0 83.0 86.0 82.0 76.0 127.0 178.0 105.0 164.0 159.0 183.0 173.0 177.0 168.0 171.0 171.0 191.0 210.0 188.0 235.0 217.0
129 43.0 53.0 5.0 2.0 22.0 10.0 62.0 31.0 82.0 71.0 75.0 65.0 84.0 93.0 86.0 97.0 68.0 103.0 105.0 109.0 105.0 116.0 145.0 153.0 145.0 147.0 111.0 115.0 122.0 111.0 128.0 118.0 118.0 75.0 74.0 73.0 77.0 76.0 35.0 47.0 65.0 67.0 63.0 57.0 109.0 160.0 87.0 146.0 140.0 165.0 154.0 159.0 150.0 153.0 153.0 173.0 191.0 170.0 217.0 199.0
131 212.0 225.0 177.0 174.0 173.0 173.0 234.0 203.0 170.0 159.0 163.0 153.0 204.0 196.0 198.0 187.0 156.0 189.0 193.0 197.0 193.0 186.0 223.0 232.0 223.0 225.0 178.0 196.0 203.0 199.0 48.0 55.0 56.0 109.0 110.0 111.0 112.0 109.0 149.0 144.0 119.0 117.0 121.0 127.0 98.0 19.0 100.0 38.0 43.0 28.0 22.0 17.0 34.0 31.0 31.0 9.0 40.0 4.0 48.0 30.0
137 120.0 130.0 82.0 79.0 66.0 79.0 139.0 108.0 83.0 72.0 76.0 66.0 117.0 110.0 112.0 101.0 70.0 104.0 107.0 110.0 107.0 118.0 146.0 155.0 146.0 148.0 112.0 116.0 123.0 112.0 63.0 52.0 53.0 2.0 2.0 8.0 6.0 6.0 42.0 37.0 11.0 10.0 13.0 20.0 34.0 93.0 12.0 75.0 69.0 99.0 88.0 92.0 79.0 82.0 82.0 107.0 125.0 103.0 151.0 132.0
140 123.0 134.0 86.0 83.0 70.0 82.0 142.0 112.0 87.0 76.0 80.0 70.0 121.0 113.0 116.0 105.0 74.0 108.0 110.0 114.0 110.0 122.0 150.0 158.0 150.0 152.0 116.0 120.0 127.0 116.0 61.0 50.0 51.0 5.0 6.0 12.0 10.0 9.0 46.0 40.0 15.0 14.0 17.0 24.0 31.0 91.0 13.0 73.0 67.0 96.0 86.0 90.0 77.0 80.0 80.0 104.0 123.0 101.0 148.0 130.0
143 109.0 119.0 71.0 69.0 56.0 68.0 128.0 98.0 88.0 77.0 81.0 71.0 122.0 115.0 117.0 106.0 75.0 109.0 111.0 115.0 111.0 123.0 151.0 160.0 151.0 153.0 117.0 121.0 128.0 117.0 88.0 77.0 79.0 22.0 21.0 27.0 27.0 27.0 32.0 26.0 17.0 15.0 11.0 11.0 56.0 118.0 34.0 100.0 94.0 124.0 113.0 117.0 104.0 107.0 107.0 132.0 150.0 129.0 176.0 157.0
147 163.0 175.0 127.0 125.0 125.0 124.0 184.0 154.0 120.0 109.0 113.0 103.0 154.0 147.0 149.0 138.0 107.0 141.0 143.0 147.0 143.0 142.0 179.0 187.0 179.0 181.0 134.0 152.0 159.0 149.0 9.0 12.0 5.0 61.0 61.0 62.0 64.0 60.0 101.0 95.0 70.0 69.0 72.0 78.0 49.0 41.0 51.0 39.0 33.0 46.0 35.0 40.0 40.0 41.0 41.0 54.0 73.0 51.0 98.0 80.0

#distancia entre depositos y puentes
: 2 3 8 10 14 15 16 17 20 21 22 26 29 32 33 35 36 37 39 44 45 48 49 50 51 52 57 62 63 64 69 70 71 74 75 76 77 78 80 81 85 86 87 88 89 92 96 100 103 104 105 106 107 108 109 110 111 114 115 119:=
0 60.0 59.0 99.0 96.0 108.0 96.0 77.0 95.0 39.0 27.0 33.0 32.0 22.0 14.0 16.0 5.0 33.0 11.0 10.0 14.0 10.0 23.0 51.0 60.0 51.0 53.0 19.0 20.0 27.0 16.0 140.0 129.0 130.0 96.0 97.0 89.0 92.0 92.0 96.0 91.0 97.0 101.0 99.0 92.0 128.0 171.0 103.0 157.0 151.0 170.0 165.0 170.0 161.0 164.0 164.0 184.0 180.0 181.0 222.0 210.0
1 141.0 151.0 103.0 100.0 87.0 100.0 160.0 130.0 102.0 91.0 96.0 86.0 136.0 129.0 131.0 120.0 89.0 123.0 126.0 129.0 126.0 135.0 166.0 174.0 165.0 167.0 127.0 135.0 143.0 131.0 50.0 38.0 40.0 23.0 24.0 27.0 27.0 25.0 63.0 58.0 33.0 31.0 35.0 41.0 12.0 80.0 16.0 61.0 55.0 85.0 74.0 79.0 65.0 68.0 68.0 93.0 111.0 90.0 137.0 119.0

#distancia entre puentes y depositos
: 0 1:=
2 59.0 140.0
3 59.0 150.0
8 99.0 102.0
10 97.0 99.0
14 108.0 86.0
15 96.0 99.0
16 77.0 158.0
17 95.0 128.0
20 40.0 103.0
21 27.0 91.0
22 33.0 96.0
26 38.0 93.0
29 22.0 137.0
32 14.0 129.0
33 16.0 131.0
35 5.0 120.0
36 33.0 88.0
37 11.0 124.0
39 10.0 126.0
44 13.0 129.0
45 10.0 126.0
48 24.0 134.0
49 77.0 191.0
50 59.0 174.0
51 51.0 166.0
52 75.0 190.0
57 19.0 125.0
62 20.0 136.0
63 27.0 143.0
64 15.0 131.0
69 138.0 49.0
70 128.0 38.0
71 129.0 39.0
74 96.0 23.0
75 96.0 24.0
76 89.0 27.0
77 92.0 29.0
78 91.0 25.0
80 95.0 62.0
81 97.0 65.0
85 96.0 32.0
86 99.0 30.0
87 98.0 34.0
88 91.0 40.0
89 127.0 12.0
92 169.0 79.0
96 100.0 18.0
100 156.0 60.0
103 150.0 55.0
104 175.0 85.0
105 164.0 73.0
106 169.0 78.0
107 160.0 64.0
108 163.0 67.0
109 163.0 67.0
110 182.0 92.0
111 183.0 110.0
114 179.0 89.0
115 225.0 136.0
119 208.0 118.0

;