set O:= 0 1;
set N:= 15 21 26 45 69 75 76 80 81 88 93 100 101 109 111;
set M:= 123 127 128 131 137;
set K:= 1 2 3;
param D:= 100;
param Q:= 540;
param v:= 2000000;
param f:= 
123 26037
127 25694
128 39740
131 73862
137 27856
;
param:	xcoord ycoord w q:=
0 -32.75044 -70.72613 0 1 
1 -33.0433 -71.624 0 1 
15 -32.44511 -71.32299 71 1 
21 -32.80094 -70.95847 94 1 
26 -32.84855 -70.98046 116 1 
45 -32.74039 -70.64 42 1 
69 -33.37956 -71.38904 76 1 
75 -32.91508 -71.49869 66 1 
76 -32.93269 -71.43975 112 1 
80 -32.63102 -71.41979 41 1 
81 -32.68399 -71.39191 70 1 
88 -32.80869 -71.44189 36 1 
93 -33.01883 -71.50131 58 1 
100 -33.38903 -71.69158 108 1 
101 -33.34522 -71.64882 59 1 
109 -33.44473 -71.67916 117 1 
111 -33.77523 -71.42462 65 1 
123 -32.88254 -71.09009 0 1 
127 -32.24898 -70.9333 0 1 
128 -32.43019 -71.07467 0 1 
131 -33.65502 -71.62965 0 1 
137 -32.91915 -71.52057 0 1 
;
param d[*,*]
#distancia de viaje entre puentes
: 15 21 26 45 69 75 76 80 81 88 93 100 101 109 111:=
15 0.0 71.0 66.0 106.0 129.0 75.0 74.0 36.0 48.0 58.0 89.0 147.0 140.0 154.0 192.0
21 70.0 0.0 7.0 37.0 114.0 72.0 64.0 71.0 65.0 67.0 79.0 132.0 125.0 139.0 177.0
26 73.0 14.0 0.0 48.0 117.0 74.0 66.0 74.0 68.0 69.0 81.0 134.0 127.0 141.0 180.0
45 105.0 36.0 42.0 0.0 149.0 106.0 99.0 106.0 100.0 102.0 114.0 167.0 160.0 174.0 186.0
69 129.0 114.0 108.0 148.0 0.0 66.0 67.0 106.0 100.0 83.0 53.0 36.0 34.0 37.0 67.0
75 76.0 72.0 66.0 106.0 67.0 0.0 8.0 40.0 34.0 17.0 14.0 79.0 72.0 85.0 129.0
76 75.0 64.0 58.0 98.0 68.0 8.0 0.0 39.0 33.0 16.0 15.0 80.0 73.0 86.0 130.0
80 36.0 70.0 65.0 105.0 106.0 39.0 38.0 0.0 11.0 22.0 53.0 117.0 110.0 124.0 167.0
81 55.0 73.0 67.0 107.0 108.0 41.0 40.0 19.0 0.0 24.0 55.0 120.0 113.0 127.0 170.0
88 59.0 67.0 61.0 101.0 84.0 17.0 16.0 23.0 17.0 0.0 31.0 95.0 88.0 102.0 145.0
93 89.0 79.0 73.0 113.0 53.0 13.0 15.0 53.0 47.0 31.0 0.0 65.0 58.0 72.0 115.0
100 146.0 132.0 126.0 166.0 35.0 78.0 79.0 118.0 112.0 95.0 64.0 0.0 7.0 7.0 64.0
101 140.0 125.0 119.0 159.0 36.0 71.0 72.0 111.0 105.0 88.0 57.0 7.0 0.0 14.0 69.0
109 153.0 138.0 133.0 173.0 36.0 85.0 85.0 124.0 119.0 102.0 71.0 7.0 14.0 0.0 57.0
111 191.0 176.0 170.0 189.0 66.0 127.0 128.0 167.0 161.0 144.0 113.0 63.0 67.0 56.0 0.0

#distancia viaje entre puentes y alojamientos
: 123 127 128 131 137:=
15 60.0 60.0 28.0 174.0 78.0
21 23.0 110.0 79.0 160.0 72.0
26 25.0 122.0 90.0 162.0 74.0
45 58.0 98.0 92.0 194.0 107.0
69 102.0 178.0 146.0 49.0 63.0
75 59.0 125.0 94.0 111.0 2.0
76 51.0 124.0 93.0 112.0 8.0
80 59.0 85.0 54.0 150.0 41.0
81 61.0 104.0 73.0 152.0 44.0
88 55.0 108.0 77.0 128.0 19.0
93 66.0 139.0 107.0 97.0 14.0
100 119.0 196.0 164.0 38.0 74.0
101 112.0 189.0 157.0 45.0 67.0
109 126.0 202.0 171.0 31.0 81.0
111 163.0 240.0 208.0 40.0 123.0

#distancia entre alojamientos y puentes
: 15 21 26 45 69 75 76 80 81 88 93 100 101 109 111:=
123 60.0 23.0 18.0 58.0 102.0 59.0 52.0 60.0 54.0 56.0 67.0 120.0 113.0 127.0 165.0
127 59.0 110.0 115.0 98.0 178.0 124.0 123.0 85.0 96.0 107.0 138.0 196.0 189.0 202.0 241.0
128 28.0 79.0 83.0 92.0 147.0 92.0 91.0 54.0 65.0 76.0 106.0 164.0 157.0 171.0 210.0
131 173.0 159.0 153.0 193.0 48.0 110.0 111.0 149.0 144.0 127.0 96.0 38.0 45.0 31.0 40.0
137 79.0 72.0 66.0 107.0 63.0 2.0 8.0 42.0 37.0 20.0 14.0 75.0 68.0 82.0 125.0

#distancia entre depositos y puentes
: 15 21 26 45 69 75 76 80 81 88 93 100 101 109 111:=
0 96.0 27.0 32.0 10.0 140.0 97.0 89.0 96.0 91.0 92.0 104.0 157.0 150.0 164.0 180.0
1 100.0 91.0 86.0 126.0 50.0 24.0 27.0 63.0 58.0 41.0 15.0 61.0 54.0 68.0 111.0

#distancia entre puentes y depositos
: 0 1:=
15 96.0 99.0
21 27.0 91.0
26 38.0 93.0
45 10.0 126.0
69 138.0 49.0
75 96.0 24.0
76 89.0 27.0
80 95.0 62.0
81 97.0 65.0
88 91.0 40.0
93 103.0 15.0
100 156.0 60.0
101 149.0 54.0
109 163.0 67.0
111 183.0 110.0

;