set O:= 0 1;
set N:= 8 15 21 26 28 35 45 64 69 75 76 80 81 84 88 93 100 101 109 111;
set M:= 129 130 131 137 140;
set K:= 1 2 3;
param D:= 100;
param Q:= 540;
param v:= 2000000;
param f:= 
129 42028
130 45000
131 73862
137 27856
140 48596
;
param:	xcoord ycoord w q:=
0 -32.75044 -70.72613 0 1 
1 -33.0433 -71.624 0 1 
8 -32.44708 -71.19315 110 1 
15 -32.44511 -71.32299 71 1 
21 -32.80094 -70.95847 94 1 
26 -32.84855 -70.98046 116 1 
28 -32.86292 -70.94795 99 1 
35 -32.7126 -70.74393 65 1 
45 -32.74039 -70.64 42 1 
64 -32.75022 -70.59169 119 1 
69 -33.37956 -71.38904 76 1 
75 -32.91508 -71.49869 66 1 
76 -32.93269 -71.43975 112 1 
80 -32.63102 -71.41979 41 1 
81 -32.68399 -71.39191 70 1 
84 -32.86028 -71.45447 70 1 
88 -32.80869 -71.44189 36 1 
93 -33.01883 -71.50131 58 1 
100 -33.38903 -71.69158 108 1 
101 -33.34522 -71.64882 59 1 
109 -33.44473 -71.67916 117 1 
111 -33.77523 -71.42462 65 1 
129 -32.44456 -71.22894 0 1 
130 -33.65802 -71.56785 0 1 
131 -33.65502 -71.62965 0 1 
137 -32.91915 -71.52057 0 1 
140 -32.93024 -71.55027 0 1 
;
param d[*,*]
#distancia de viaje entre puentes
: 8 15 21 26 28 35 45 64 69 75 76 80 81 84 88 93 100 101 109 111:=
8 0.0 14.0 75.0 69.0 73.0 95.0 109.0 115.0 132.0 78.0 77.0 40.0 51.0 68.0 61.0 92.0 150.0 143.0 157.0 196.0
15 14.0 0.0 71.0 66.0 70.0 100.0 106.0 111.0 129.0 75.0 74.0 36.0 48.0 65.0 58.0 89.0 147.0 140.0 154.0 192.0
21 74.0 70.0 0.0 7.0 11.0 30.0 37.0 42.0 114.0 72.0 64.0 71.0 65.0 71.0 67.0 79.0 132.0 125.0 139.0 177.0
26 76.0 73.0 14.0 0.0 5.0 42.0 48.0 54.0 117.0 74.0 66.0 74.0 68.0 73.0 69.0 81.0 134.0 127.0 141.0 180.0
28 73.0 70.0 11.0 5.0 0.0 39.0 45.0 51.0 114.0 71.0 63.0 71.0 65.0 70.0 67.0 78.0 132.0 125.0 138.0 177.0
35 95.0 99.0 30.0 36.0 40.0 0.0 14.0 20.0 143.0 101.0 93.0 100.0 94.0 100.0 96.0 108.0 161.0 154.0 168.0 184.0
45 109.0 105.0 36.0 42.0 45.0 14.0 0.0 6.0 149.0 106.0 99.0 106.0 100.0 106.0 102.0 114.0 167.0 160.0 174.0 186.0
64 114.0 110.0 42.0 47.0 51.0 19.0 6.0 0.0 153.0 112.0 104.0 111.0 106.0 111.0 107.0 119.0 172.0 165.0 179.0 183.0
69 132.0 129.0 114.0 108.0 113.0 143.0 148.0 154.0 0.0 66.0 67.0 106.0 100.0 77.0 83.0 53.0 36.0 34.0 37.0 67.0
75 79.0 76.0 72.0 66.0 71.0 101.0 106.0 112.0 67.0 0.0 8.0 40.0 34.0 11.0 17.0 14.0 79.0 72.0 85.0 129.0
76 78.0 75.0 64.0 58.0 63.0 93.0 98.0 104.0 68.0 8.0 0.0 39.0 33.0 10.0 16.0 15.0 80.0 73.0 86.0 130.0
80 40.0 36.0 70.0 65.0 69.0 99.0 105.0 110.0 106.0 39.0 38.0 0.0 11.0 28.0 22.0 53.0 117.0 110.0 124.0 167.0
81 59.0 55.0 73.0 67.0 71.0 101.0 107.0 113.0 108.0 41.0 40.0 19.0 0.0 31.0 24.0 55.0 120.0 113.0 127.0 170.0
84 69.0 65.0 71.0 65.0 70.0 100.0 105.0 111.0 77.0 10.0 10.0 29.0 23.0 0.0 6.0 25.0 89.0 82.0 96.0 139.0
88 62.0 59.0 67.0 61.0 65.0 95.0 101.0 107.0 84.0 17.0 16.0 23.0 17.0 6.0 0.0 31.0 95.0 88.0 102.0 145.0
93 93.0 89.0 79.0 73.0 77.0 107.0 113.0 119.0 53.0 13.0 15.0 53.0 47.0 24.0 31.0 0.0 65.0 58.0 72.0 115.0
100 150.0 146.0 132.0 126.0 130.0 160.0 166.0 172.0 35.0 78.0 79.0 118.0 112.0 88.0 95.0 64.0 0.0 7.0 7.0 64.0
101 143.0 140.0 125.0 119.0 123.0 153.0 159.0 165.0 36.0 71.0 72.0 111.0 105.0 82.0 88.0 57.0 7.0 0.0 14.0 69.0
109 157.0 153.0 138.0 133.0 137.0 167.0 173.0 179.0 36.0 85.0 85.0 124.0 119.0 95.0 102.0 71.0 7.0 14.0 0.0 57.0
111 194.0 191.0 176.0 170.0 174.0 187.0 189.0 185.0 66.0 127.0 128.0 167.0 161.0 138.0 144.0 113.0 63.0 67.0 56.0 0.0

#distancia viaje entre puentes y alojamientos
: 129 130 131 137 140:=
8 5.0 180.0 178.0 81.0 85.0
15 10.0 176.0 174.0 78.0 81.0
21 70.0 162.0 160.0 72.0 76.0
26 72.0 164.0 162.0 74.0 78.0
28 69.0 161.0 159.0 72.0 75.0
35 97.0 191.0 189.0 101.0 105.0
45 104.0 194.0 194.0 107.0 111.0
64 110.0 191.0 197.0 112.0 116.0
69 128.0 51.0 49.0 63.0 60.0
75 75.0 113.0 111.0 2.0 6.0
76 74.0 114.0 112.0 8.0 12.0
80 36.0 152.0 150.0 41.0 45.0
81 54.0 154.0 152.0 44.0 48.0
84 65.0 123.0 121.0 13.0 17.0
88 58.0 130.0 128.0 19.0 23.0
93 89.0 99.0 97.0 14.0 15.0
100 146.0 39.0 38.0 74.0 72.0
101 139.0 47.0 45.0 67.0 65.0
109 152.0 33.0 31.0 81.0 79.0
111 190.0 33.0 40.0 123.0 121.0

#distancia entre alojamientos y puentes
: 8 15 21 26 28 35 45 64 69 75 76 80 81 84 88 93 100 101 109 111:=
129 5.0 10.0 71.0 65.0 69.0 97.0 105.0 111.0 128.0 74.0 73.0 35.0 47.0 64.0 57.0 88.0 146.0 139.0 153.0 191.0
130 179.0 175.0 161.0 155.0 159.0 189.0 195.0 193.0 50.0 112.0 113.0 151.0 146.0 122.0 129.0 98.0 40.0 47.0 33.0 33.0
131 177.0 173.0 159.0 153.0 157.0 187.0 193.0 199.0 48.0 110.0 111.0 149.0 144.0 120.0 127.0 96.0 38.0 45.0 31.0 40.0
137 82.0 79.0 72.0 66.0 71.0 101.0 107.0 112.0 63.0 2.0 8.0 42.0 37.0 14.0 20.0 14.0 75.0 68.0 82.0 125.0
140 86.0 82.0 76.0 70.0 75.0 105.0 110.0 116.0 61.0 6.0 12.0 46.0 40.0 17.0 24.0 14.0 73.0 66.0 80.0 123.0

#distancia entre depositos y puentes
: 8 15 21 26 28 35 45 64 69 75 76 80 81 84 88 93 100 101 109 111:=
0 99.0 96.0 27.0 32.0 36.0 5.0 10.0 16.0 140.0 97.0 89.0 96.0 91.0 96.0 92.0 104.0 157.0 150.0 164.0 180.0
1 103.0 100.0 91.0 86.0 90.0 120.0 126.0 131.0 50.0 24.0 27.0 63.0 58.0 35.0 41.0 15.0 61.0 54.0 68.0 111.0

#distancia entre puentes y depositos
: 0 1:=
8 99.0 102.0
15 96.0 99.0
21 27.0 91.0
26 38.0 93.0
28 35.0 91.0
35 5.0 120.0
45 10.0 126.0
64 15.0 131.0
69 138.0 49.0
75 96.0 24.0
76 89.0 27.0
80 95.0 62.0
81 97.0 65.0
84 95.0 34.0
88 91.0 40.0
93 103.0 15.0
100 156.0 60.0
101 149.0 54.0
109 163.0 67.0
111 183.0 110.0

;