set O:= 0 1;
set N:= 8 44 50 51 76 78 81 87 108 115;
set M:= 124 126 129 143;
set K:= 1 2 3;
param D:= 100;
param Q:= 540;
param v:= 2000000;
param f:= 
124 63000
126 68517
129 42028
143 48720
;
param:	xcoord ycoord w q:=
0 -32.75044 -70.72613 0 1 
1 -33.0433 -71.624 0 1 
8 -32.44708 -71.19315 110 1 
44 -32.76742 -70.61154 38 1 
50 -32.87857 -70.20821 39 1 
51 -32.90645 -70.28716 50 1 
76 -32.93269 -71.43975 112 1 
78 -32.93288 -71.46643 63 1 
81 -32.68399 -71.39191 70 1 
87 -32.83144 -71.47526 89 1 
108 -33.44564 -71.67852 41 1 
115 -33.93803 -71.7365 56 1 
124 -32.85659 -70.41855 0 1 
126 -32.25311 -70.93619 0 1 
129 -32.44456 -71.22894 0 1 
143 -32.78349 -71.53032 0 1 
;
param d[*,*]
#distancia de viaje entre puentes
: 8 44 50 51 76 78 81 87 108 115:=
8 0.0 112.0 157.0 149.0 77.0 80.0 51.0 67.0 157.0 221.0
44 112.0 0.0 53.0 44.0 102.0 104.0 103.0 112.0 177.0 225.0
50 157.0 52.0 0.0 8.0 147.0 150.0 149.0 157.0 218.0 257.0
51 148.0 44.0 8.0 0.0 139.0 141.0 140.0 149.0 209.0 249.0
76 78.0 102.0 147.0 138.0 0.0 3.0 33.0 18.0 87.0 155.0
78 81.0 105.0 149.0 141.0 3.0 0.0 36.0 16.0 85.0 153.0
81 59.0 111.0 155.0 147.0 40.0 43.0 0.0 31.0 127.0 196.0
87 69.0 112.0 156.0 148.0 17.0 16.0 23.0 0.0 96.0 165.0
108 157.0 177.0 220.0 211.0 86.0 84.0 119.0 96.0 0.0 74.0
115 220.0 228.0 260.0 252.0 154.0 152.0 187.0 164.0 74.0 0.0

#distancia viaje entre puentes y alojamientos
: 124 126 129 143:=
8 132.0 50.0 5.0 70.0
44 27.0 101.0 108.0 115.0
50 26.0 148.0 153.0 160.0
51 18.0 140.0 144.0 152.0
76 121.0 124.0 74.0 27.0
78 124.0 126.0 77.0 26.0
81 130.0 104.0 54.0 33.0
87 131.0 114.0 64.0 10.0
108 195.0 202.0 153.0 106.0
115 235.0 265.0 216.0 174.0

#distancia entre alojamientos y puentes
: 8 44 50 51 76 78 81 87 108 115:=
124 132.0 27.0 26.0 18.0 122.0 124.0 123.0 132.0 193.0 232.0
126 50.0 102.0 149.0 140.0 122.0 124.0 96.0 112.0 202.0 266.0
129 5.0 109.0 153.0 145.0 73.0 76.0 47.0 63.0 153.0 217.0
143 71.0 115.0 160.0 151.0 27.0 27.0 26.0 11.0 107.0 176.0

#distancia entre depositos y puentes
: 8 44 50 51 76 78 81 87 108 115:=
0 99.0 14.0 60.0 51.0 89.0 92.0 91.0 99.0 164.0 222.0
1 103.0 129.0 174.0 165.0 27.0 25.0 58.0 35.0 68.0 137.0

#distancia entre puentes y depositos
: 0 1:=
8 99.0 102.0
44 13.0 129.0
50 59.0 174.0
51 51.0 166.0
76 89.0 27.0
78 91.0 25.0
81 97.0 65.0
87 98.0 34.0
108 163.0 67.0
115 225.0 136.0

;