set O:= 0 1;
set N:= 3 4 14 15 16 20 21 28 29 32 33 36 39 44 48 49 51 62 63 64 71 74 75 77 78 85 86 87 89 92 93 98 100 103 105 106 108 111 115 116;
set M:= 122 124 127 129 131 137 143 144 146 147;
set K:= 1 2 3 4 5;
param D:= 100;
param Q:= 540;
param v:= 2000000;
param f:= 
122 24000
124 63000
127 25694
129 42028
131 73862
137 27856
143 48720
144 52000
146 78000
147 45000
;
param:	xcoord ycoord w q:=
0 -32.75044 -70.72613 0 1 
1 -33.0433 -71.624 0 1 
3 -32.35092 -70.79153 105 1 
4 -32.44056 -71.00665 106 1 
14 -32.51115 -71.42049 30 1 
15 -32.44511 -71.32299 71 1 
16 -32.21823 -70.82151 78 1 
20 -32.69998 -70.93128 51 1 
21 -32.80094 -70.95847 94 1 
28 -32.86292 -70.94795 99 1 
29 -32.58297 -70.73334 108 1 
32 -32.66447 -70.697 94 1 
33 -32.62252 -70.72251 72 1 
36 -32.83944 -71.00021 66 1 
39 -32.74002 -70.64044 105 1 
44 -32.76742 -70.61154 38 1 
48 -32.88608 -70.59211 103 1 
49 -32.90731 -70.28602 104 1 
51 -32.90645 -70.28716 50 1 
62 -32.76924 -70.56035 84 1 
63 -32.76227 -70.50125 44 1 
64 -32.75022 -70.59169 119 1 
71 -33.29475 -71.41066 32 1 
74 -32.91961 -71.50488 57 1 
75 -32.91508 -71.49869 66 1 
77 -32.9314 -71.47561 30 1 
78 -32.93288 -71.46643 63 1 
85 -32.8625 -71.46772 106 1 
86 -32.86452 -71.49062 87 1 
87 -32.83144 -71.47526 89 1 
89 -33.10385 -71.66487 64 1 
92 -33.58655 -71.52943 57 1 
93 -33.01883 -71.50131 58 1 
98 -32.98749 -71.50073 83 1 
100 -33.38903 -71.69158 108 1 
103 -33.35491 -71.65289 40 1 
105 -33.53115 -71.54035 119 1 
106 -33.53398 -71.59339 54 1 
108 -33.44564 -71.67852 41 1 
111 -33.77523 -71.42462 65 1 
115 -33.93803 -71.7365 56 1 
116 -33.88859 -71.64141 97 1 
122 -32.77961 -70.95976 0 1 
124 -32.85659 -70.41855 0 1 
127 -32.24898 -70.9333 0 1 
129 -32.44456 -71.22894 0 1 
131 -33.65502 -71.62965 0 1 
137 -32.91915 -71.52057 0 1 
143 -32.78349 -71.53032 0 1 
144 -32.77144 -71.53401 0 1 
146 -33.38843 -71.53636 0 1 
147 -33.32534 -71.38598 0 1 
;
param d[*,*]
#distancia de viaje entre puentes
: 3 4 14 15 16 20 21 28 29 32 33 36 39 44 48 49 51 62 63 64 71 74 75 77 78 85 86 87 89 92 93 98 100 103 105 106 108 111 115 116:=
3 0.0 26.0 74.0 62.0 19.0 75.0 83.0 94.0 41.0 50.0 43.0 90.0 68.0 71.0 82.0 110.0 110.0 78.0 85.0 74.0 171.0 127.0 126.0 129.0 128.0 117.0 120.0 115.0 161.0 212.0 140.0 136.0 198.0 192.0 207.0 211.0 205.0 238.0 269.0 261.0
4 26.0 0.0 49.0 36.0 45.0 62.0 71.0 82.0 57.0 66.0 59.0 79.0 84.0 87.0 98.0 126.0 126.0 94.0 101.0 90.0 145.0 101.0 101.0 103.0 102.0 92.0 94.0 90.0 136.0 186.0 115.0 110.0 173.0 167.0 181.0 185.0 180.0 218.0 244.0 236.0
14 74.0 49.0 0.0 12.0 83.0 94.0 83.0 82.0 105.0 114.0 108.0 81.0 118.0 121.0 129.0 158.0 157.0 127.0 134.0 123.0 120.0 64.0 63.0 65.0 64.0 54.0 56.0 52.0 98.0 160.0 77.0 72.0 142.0 136.0 154.0 159.0 148.0 192.0 217.0 209.0
15 62.0 37.0 12.0 0.0 71.0 82.0 71.0 70.0 93.0 102.0 96.0 69.0 106.0 109.0 117.0 146.0 145.0 115.0 123.0 111.0 119.0 76.0 75.0 78.0 77.0 66.0 68.0 64.0 110.0 160.0 89.0 84.0 147.0 141.0 155.0 159.0 154.0 192.0 218.0 210.0
16 19.0 45.0 83.0 70.0 0.0 94.0 101.0 112.0 59.0 68.0 61.0 109.0 86.0 89.0 100.0 128.0 128.0 96.0 103.0 92.0 179.0 135.0 135.0 137.0 136.0 126.0 128.0 124.0 170.0 220.0 149.0 144.0 207.0 201.0 215.0 219.0 213.0 252.0 278.0 270.0
20 75.0 62.0 94.0 82.0 94.0 0.0 13.0 24.0 54.0 48.0 49.0 20.0 50.0 53.0 61.0 89.0 89.0 59.0 66.0 55.0 116.0 82.0 83.0 79.0 78.0 84.0 87.0 85.0 114.0 157.0 90.0 86.0 143.0 138.0 152.0 156.0 150.0 189.0 214.0 207.0
21 83.0 71.0 83.0 70.0 101.0 13.0 0.0 11.0 46.0 39.0 40.0 7.0 37.0 40.0 48.0 77.0 76.0 46.0 53.0 42.0 104.0 71.0 72.0 67.0 66.0 72.0 75.0 74.0 103.0 146.0 79.0 74.0 132.0 126.0 140.0 145.0 139.0 177.0 203.0 195.0
28 93.0 82.0 82.0 70.0 111.0 23.0 11.0 0.0 56.0 48.0 50.0 9.0 45.0 49.0 55.0 85.0 85.0 55.0 62.0 51.0 104.0 70.0 71.0 67.0 66.0 72.0 75.0 73.0 102.0 145.0 78.0 74.0 132.0 126.0 140.0 144.0 138.0 177.0 203.0 195.0
29 41.0 57.0 105.0 93.0 59.0 54.0 46.0 57.0 0.0 13.0 6.0 54.0 31.0 34.0 45.0 73.0 73.0 41.0 48.0 37.0 150.0 117.0 117.0 113.0 112.0 118.0 121.0 120.0 148.0 191.0 125.0 120.0 178.0 172.0 186.0 190.0 185.0 201.0 243.0 229.0
32 50.0 66.0 114.0 102.0 68.0 47.0 39.0 49.0 13.0 0.0 7.0 45.0 23.0 26.0 37.0 65.0 65.0 33.0 40.0 29.0 142.0 109.0 110.0 105.0 104.0 110.0 113.0 112.0 140.0 184.0 117.0 112.0 170.0 164.0 178.0 183.0 177.0 193.0 235.0 221.0
33 43.0 59.0 107.0 95.0 61.0 49.0 40.0 51.0 6.0 7.0 0.0 47.0 25.0 28.0 39.0 67.0 67.0 35.0 42.0 31.0 144.0 111.0 112.0 107.0 106.0 112.0 115.0 114.0 143.0 186.0 119.0 114.0 172.0 166.0 180.0 185.0 179.0 195.0 237.0 223.0
36 91.0 79.0 79.0 67.0 109.0 21.0 8.0 8.0 54.0 46.0 48.0 0.0 43.0 46.0 54.0 83.0 82.0 52.0 60.0 48.0 101.0 67.0 68.0 64.0 63.0 69.0 72.0 71.0 99.0 142.0 76.0 71.0 129.0 123.0 137.0 141.0 135.0 174.0 200.0 192.0
39 67.0 83.0 117.0 105.0 86.0 49.0 36.0 46.0 30.0 23.0 25.0 42.0 0.0 6.0 22.0 48.0 48.0 11.0 18.0 6.0 139.0 106.0 106.0 102.0 101.0 107.0 110.0 109.0 137.0 180.0 114.0 109.0 167.0 161.0 175.0 180.0 174.0 186.0 228.0 214.0
44 71.0 87.0 121.0 108.0 89.0 52.0 40.0 49.0 34.0 26.0 28.0 45.0 6.0 0.0 18.0 44.0 44.0 8.0 15.0 3.0 142.0 109.0 110.0 105.0 104.0 110.0 113.0 112.0 140.0 183.0 117.0 112.0 170.0 164.0 178.0 183.0 177.0 183.0 225.0 211.0
48 82.0 98.0 129.0 117.0 100.0 61.0 48.0 54.0 45.0 37.0 39.0 54.0 21.0 18.0 0.0 40.0 40.0 15.0 22.0 18.0 141.0 117.0 118.0 114.0 113.0 118.0 122.0 120.0 146.0 172.0 121.0 120.0 169.0 163.0 167.0 172.0 173.0 170.0 212.0 198.0
49 135.0 151.0 183.0 171.0 153.0 115.0 102.0 111.0 98.0 90.0 92.0 108.0 73.0 69.0 66.0 0.0 1.0 65.0 72.0 69.0 203.0 171.0 172.0 168.0 167.0 172.0 176.0 174.0 203.0 235.0 179.0 174.0 231.0 225.0 229.0 234.0 235.0 232.0 274.0 260.0
51 109.0 125.0 157.0 145.0 127.0 89.0 76.0 85.0 72.0 64.0 66.0 82.0 47.0 44.0 40.0 4.0 0.0 39.0 46.0 43.0 178.0 146.0 146.0 142.0 141.0 147.0 150.0 149.0 177.0 209.0 154.0 149.0 205.0 199.0 204.0 208.0 209.0 207.0 249.0 235.0
62 78.0 94.0 127.0 115.0 96.0 59.0 46.0 55.0 41.0 33.0 35.0 52.0 11.0 8.0 15.0 40.0 40.0 0.0 7.0 5.0 149.0 115.0 116.0 112.0 111.0 117.0 120.0 118.0 147.0 182.0 123.0 119.0 176.0 171.0 177.0 181.0 183.0 180.0 222.0 208.0
63 85.0 101.0 134.0 122.0 103.0 66.0 53.0 62.0 48.0 40.0 42.0 59.0 18.0 15.0 22.0 47.0 47.0 7.0 0.0 12.0 156.0 122.0 123.0 119.0 118.0 124.0 127.0 125.0 154.0 189.0 130.0 126.0 183.0 178.0 184.0 188.0 190.0 187.0 229.0 215.0
64 73.0 89.0 123.0 110.0 91.0 54.0 42.0 51.0 36.0 28.0 30.0 48.0 6.0 3.0 18.0 44.0 44.0 5.0 12.0 0.0 144.0 111.0 112.0 107.0 107.0 112.0 116.0 114.0 143.0 185.0 119.0 114.0 172.0 166.0 180.0 184.0 179.0 183.0 225.0 211.0
71 170.0 145.0 120.0 119.0 179.0 115.0 104.0 103.0 149.0 142.0 144.0 102.0 138.0 142.0 142.0 178.0 178.0 148.0 155.0 144.0 0.0 56.0 56.0 59.0 55.0 65.0 64.0 67.0 44.0 42.0 43.0 47.0 37.0 31.0 37.0 42.0 43.0 74.0 100.0 92.0
74 128.0 103.0 64.0 77.0 137.0 82.0 71.0 70.0 116.0 109.0 111.0 69.0 106.0 109.0 117.0 145.0 145.0 115.0 122.0 111.0 56.0 0.0 1.0 5.0 5.0 10.0 8.0 12.0 34.0 96.0 13.0 9.0 78.0 72.0 91.0 95.0 85.0 128.0 154.0 146.0
75 127.0 102.0 64.0 76.0 136.0 83.0 72.0 71.0 117.0 109.0 112.0 70.0 106.0 110.0 118.0 146.0 146.0 116.0 123.0 112.0 57.0 1.0 0.0 6.0 5.0 9.0 8.0 11.0 35.0 97.0 14.0 10.0 79.0 73.0 92.0 96.0 86.0 129.0 154.0 146.0
77 130.0 104.0 66.0 79.0 139.0 79.0 68.0 66.0 113.0 105.0 107.0 65.0 102.0 106.0 113.0 142.0 142.0 112.0 119.0 108.0 60.0 9.0 9.0 0.0 1.0 15.0 17.0 20.0 40.0 100.0 17.0 12.0 81.0 76.0 94.0 99.0 88.0 131.0 157.0 149.0
78 129.0 103.0 65.0 78.0 138.0 78.0 67.0 65.0 112.0 104.0 106.0 64.0 101.0 105.0 112.0 141.0 141.0 111.0 118.0 107.0 56.0 4.0 5.0 1.0 0.0 14.0 13.0 16.0 37.0 96.0 13.0 9.0 78.0 72.0 91.0 95.0 85.0 128.0 153.0 145.0
85 121.0 95.0 57.0 69.0 129.0 83.0 72.0 70.0 117.0 109.0 111.0 70.0 106.0 110.0 117.0 146.0 146.0 116.0 123.0 112.0 66.0 10.0 9.0 14.0 13.0 0.0 3.0 7.0 44.0 106.0 23.0 19.0 88.0 82.0 100.0 105.0 94.0 138.0 163.0 155.0
86 121.0 95.0 57.0 69.0 130.0 85.0 74.0 73.0 119.0 112.0 114.0 72.0 109.0 112.0 120.0 148.0 148.0 118.0 125.0 114.0 64.0 7.0 7.0 12.0 12.0 2.0 0.0 4.0 42.0 104.0 21.0 17.0 85.0 80.0 98.0 103.0 92.0 135.0 161.0 153.0
87 117.0 91.0 53.0 65.0 125.0 85.0 74.0 72.0 119.0 111.0 113.0 71.0 108.0 112.0 119.0 148.0 148.0 118.0 125.0 114.0 68.0 12.0 11.0 16.0 16.0 7.0 4.0 0.0 46.0 108.0 25.0 21.0 90.0 84.0 102.0 107.0 96.0 140.0 165.0 157.0
89 163.0 137.0 99.0 111.0 171.0 114.0 103.0 102.0 148.0 141.0 143.0 101.0 137.0 141.0 147.0 177.0 177.0 147.0 154.0 143.0 42.0 35.0 35.0 39.0 37.0 44.0 43.0 46.0 0.0 81.0 27.0 29.0 63.0 57.0 76.0 81.0 70.0 113.0 139.0 131.0
92 211.0 185.0 160.0 160.0 220.0 156.0 145.0 143.0 190.0 182.0 184.0 143.0 179.0 183.0 175.0 211.0 211.0 185.0 192.0 185.0 42.0 95.0 96.0 98.0 95.0 105.0 104.0 107.0 84.0 0.0 82.0 87.0 32.0 36.0 7.0 12.0 26.0 36.0 63.0 56.0
93 141.0 115.0 77.0 89.0 150.0 90.0 79.0 77.0 124.0 116.0 118.0 77.0 113.0 117.0 123.0 153.0 153.0 123.0 130.0 119.0 43.0 13.0 13.0 16.0 12.0 22.0 21.0 24.0 27.0 83.0 0.0 4.0 65.0 59.0 78.0 82.0 72.0 115.0 141.0 133.0
98 137.0 111.0 73.0 85.0 145.0 85.0 74.0 73.0 119.0 112.0 114.0 72.0 109.0 112.0 120.0 149.0 148.0 118.0 126.0 115.0 48.0 8.0 9.0 12.0 8.0 18.0 17.0 20.0 28.0 88.0 5.0 0.0 69.0 64.0 82.0 87.0 76.0 119.0 145.0 137.0
100 198.0 172.0 141.0 146.0 207.0 143.0 132.0 130.0 177.0 169.0 171.0 129.0 166.0 170.0 169.0 206.0 206.0 176.0 183.0 172.0 37.0 77.0 78.0 80.0 77.0 87.0 85.0 89.0 66.0 32.0 64.0 68.0 0.0 6.0 28.0 21.0 7.0 64.0 81.0 73.0
103 192.0 166.0 136.0 141.0 201.0 137.0 126.0 125.0 171.0 163.0 165.0 124.0 160.0 164.0 163.0 200.0 200.0 170.0 177.0 166.0 31.0 71.0 72.0 75.0 71.0 81.0 80.0 83.0 60.0 36.0 58.0 63.0 6.0 0.0 33.0 27.0 13.0 68.0 87.0 79.0
105 206.0 180.0 154.0 154.0 214.0 151.0 140.0 138.0 185.0 177.0 179.0 137.0 174.0 177.0 169.0 206.0 206.0 179.0 186.0 180.0 37.0 90.0 91.0 93.0 90.0 100.0 98.0 101.0 78.0 8.0 77.0 81.0 28.0 32.0 0.0 7.0 21.0 39.0 66.0 58.0
106 211.0 185.0 159.0 159.0 219.0 156.0 145.0 143.0 190.0 182.0 184.0 142.0 179.0 183.0 174.0 211.0 211.0 184.0 191.0 185.0 42.0 95.0 96.0 98.0 95.0 105.0 103.0 107.0 84.0 12.0 82.0 86.0 21.0 26.0 7.0 0.0 14.0 43.0 60.0 52.0
108 205.0 179.0 148.0 153.0 213.0 150.0 139.0 137.0 184.0 176.0 178.0 136.0 173.0 177.0 175.0 211.0 211.0 183.0 190.0 179.0 42.0 84.0 85.0 87.0 84.0 94.0 92.0 96.0 72.0 25.0 71.0 75.0 7.0 13.0 21.0 14.0 0.0 57.0 74.0 66.0
111 241.0 216.0 191.0 191.0 251.0 187.0 176.0 174.0 203.0 196.0 198.0 174.0 189.0 185.0 172.0 209.0 209.0 182.0 189.0 185.0 73.0 126.0 127.0 129.0 126.0 136.0 134.0 138.0 115.0 36.0 113.0 118.0 63.0 66.0 38.0 42.0 56.0 0.0 83.0 75.0
115 268.0 243.0 217.0 217.0 277.0 213.0 202.0 201.0 247.0 238.0 241.0 200.0 231.0 228.0 215.0 252.0 252.0 225.0 232.0 228.0 99.0 152.0 153.0 156.0 152.0 162.0 161.0 164.0 141.0 63.0 139.0 144.0 81.0 87.0 66.0 61.0 74.0 83.0 0.0 14.0
116 260.0 234.0 208.0 208.0 268.0 204.0 193.0 192.0 233.0 225.0 227.0 191.0 218.0 214.0 201.0 238.0 238.0 211.0 218.0 214.0 90.0 144.0 145.0 147.0 144.0 153.0 152.0 155.0 132.0 54.0 131.0 135.0 73.0 78.0 57.0 52.0 66.0 74.0 14.0 0.0

#distancia viaje entre puentes y alojamientos
: 122 124 127 129 131 137 143 144 146 147:=
3 81.0 93.0 31.0 53.0 226.0 129.0 118.0 120.0 192.0 177.0
4 69.0 109.0 40.0 28.0 200.0 103.0 92.0 94.0 166.0 151.0
14 84.0 141.0 72.0 22.0 174.0 65.0 55.0 56.0 140.0 126.0
15 72.0 129.0 60.0 10.0 174.0 78.0 67.0 68.0 140.0 125.0
16 99.0 111.0 12.0 62.0 234.0 137.0 126.0 128.0 200.0 185.0
20 10.0 73.0 101.0 81.0 171.0 83.0 89.0 90.0 137.0 122.0
21 2.0 60.0 110.0 70.0 160.0 72.0 77.0 79.0 126.0 110.0
28 13.0 68.0 119.0 69.0 159.0 72.0 77.0 78.0 125.0 110.0
29 44.0 56.0 71.0 84.0 205.0 118.0 123.0 125.0 171.0 156.0
32 37.0 48.0 80.0 93.0 198.0 110.0 115.0 117.0 163.0 148.0
33 38.0 50.0 73.0 86.0 200.0 112.0 117.0 119.0 165.0 150.0
36 11.0 66.0 116.0 66.0 156.0 69.0 74.0 75.0 122.0 107.0
39 39.0 31.0 98.0 105.0 195.0 107.0 112.0 114.0 160.0 145.0
44 42.0 27.0 101.0 108.0 197.0 110.0 115.0 117.0 163.0 148.0
48 50.0 23.0 113.0 116.0 185.0 118.0 124.0 125.0 154.0 139.0
49 104.0 43.0 165.0 170.0 247.0 172.0 178.0 179.0 216.0 201.0
51 79.0 18.0 139.0 144.0 221.0 147.0 152.0 153.0 191.0 175.0
62 48.0 23.0 108.0 114.0 194.0 116.0 122.0 123.0 164.0 148.0
63 55.0 30.0 115.0 121.0 201.0 123.0 129.0 130.0 171.0 155.0
64 44.0 27.0 103.0 110.0 197.0 112.0 117.0 119.0 166.0 151.0
71 105.0 161.0 168.0 118.0 57.0 53.0 78.0 79.0 24.0 7.0
74 72.0 129.0 126.0 76.0 110.0 2.0 22.0 23.0 76.0 62.0
75 73.0 129.0 125.0 75.0 111.0 2.0 21.0 23.0 77.0 63.0
77 69.0 125.0 128.0 78.0 114.0 10.0 31.0 32.0 79.0 65.0
78 68.0 124.0 127.0 77.0 110.0 6.0 26.0 28.0 76.0 62.0
85 73.0 129.0 118.0 68.0 120.0 11.0 17.0 18.0 86.0 72.0
86 75.0 132.0 119.0 69.0 118.0 9.0 15.0 16.0 83.0 69.0
87 75.0 131.0 114.0 64.0 122.0 13.0 10.0 12.0 88.0 74.0
89 104.0 160.0 161.0 111.0 96.0 34.0 57.0 58.0 61.0 47.0
92 146.0 195.0 209.0 159.0 20.0 92.0 117.0 119.0 36.0 40.0
93 80.0 136.0 139.0 89.0 97.0 14.0 35.0 36.0 63.0 49.0
98 75.0 132.0 134.0 84.0 102.0 9.0 30.0 32.0 67.0 53.0
100 133.0 189.0 196.0 146.0 38.0 74.0 99.0 101.0 17.0 39.0
103 127.0 183.0 190.0 140.0 44.0 69.0 93.0 95.0 16.0 33.0
105 141.0 189.0 204.0 154.0 23.0 87.0 112.0 113.0 33.0 35.0
106 146.0 194.0 209.0 159.0 17.0 92.0 117.0 118.0 27.0 40.0
108 140.0 195.0 203.0 153.0 30.0 81.0 106.0 107.0 17.0 40.0
111 177.0 192.0 240.0 190.0 40.0 123.0 148.0 150.0 67.0 71.0
115 203.0 235.0 266.0 216.0 48.0 150.0 174.0 176.0 87.0 97.0
116 194.0 222.0 257.0 207.0 39.0 141.0 166.0 167.0 79.0 89.0

#distancia entre alojamientos y puentes
: 3 4 14 15 16 20 21 28 29 32 33 36 39 44 48 49 51 62 63 64 71 74 75 77 78 85 86 87 89 92 93 98 100 103 105 106 108 111 115 116:=
122 81.0 69.0 84.0 72.0 99.0 10.0 2.0 13.0 44.0 37.0 38.0 10.0 39.0 43.0 50.0 79.0 79.0 49.0 56.0 45.0 106.0 73.0 73.0 69.0 68.0 74.0 77.0 76.0 104.0 147.0 81.0 76.0 134.0 128.0 142.0 146.0 141.0 179.0 205.0 197.0
124 92.0 108.0 141.0 128.0 111.0 72.0 60.0 69.0 55.0 47.0 50.0 65.0 31.0 27.0 23.0 18.0 18.0 23.0 30.0 27.0 161.0 129.0 130.0 125.0 124.0 130.0 133.0 132.0 160.0 192.0 137.0 132.0 189.0 183.0 187.0 191.0 193.0 190.0 232.0 218.0
127 31.0 40.0 72.0 59.0 12.0 101.0 110.0 119.0 71.0 80.0 73.0 118.0 99.0 102.0 112.0 140.0 140.0 109.0 116.0 104.0 168.0 124.0 124.0 126.0 125.0 115.0 117.0 113.0 159.0 209.0 138.0 133.0 196.0 190.0 204.0 208.0 203.0 241.0 267.0 259.0
129 53.0 28.0 22.0 10.0 62.0 82.0 71.0 69.0 84.0 93.0 86.0 68.0 105.0 109.0 116.0 145.0 145.0 115.0 122.0 111.0 118.0 75.0 74.0 77.0 76.0 65.0 67.0 63.0 109.0 160.0 88.0 83.0 146.0 140.0 154.0 159.0 153.0 191.0 217.0 209.0
131 225.0 199.0 173.0 173.0 234.0 170.0 159.0 157.0 204.0 196.0 198.0 156.0 193.0 197.0 186.0 223.0 223.0 196.0 203.0 199.0 56.0 109.0 110.0 112.0 109.0 119.0 117.0 121.0 98.0 19.0 96.0 100.0 38.0 43.0 22.0 17.0 31.0 40.0 48.0 40.0
137 130.0 104.0 66.0 79.0 139.0 83.0 72.0 71.0 117.0 110.0 112.0 70.0 107.0 110.0 118.0 146.0 146.0 116.0 123.0 112.0 53.0 2.0 2.0 6.0 6.0 11.0 10.0 13.0 34.0 93.0 14.0 10.0 75.0 69.0 88.0 92.0 82.0 125.0 151.0 143.0
143 119.0 94.0 56.0 68.0 128.0 88.0 77.0 76.0 122.0 115.0 117.0 75.0 111.0 115.0 123.0 151.0 151.0 121.0 128.0 117.0 79.0 22.0 21.0 27.0 27.0 17.0 15.0 11.0 56.0 118.0 36.0 31.0 100.0 94.0 113.0 117.0 107.0 150.0 176.0 168.0
144 121.0 95.0 57.0 69.0 129.0 89.0 78.0 77.0 123.0 116.0 118.0 76.0 113.0 116.0 124.0 153.0 152.0 122.0 129.0 118.0 80.0 23.0 23.0 28.0 28.0 18.0 16.0 12.0 58.0 120.0 37.0 33.0 101.0 96.0 114.0 119.0 108.0 151.0 177.0 169.0
146 192.0 167.0 141.0 141.0 201.0 137.0 126.0 125.0 171.0 164.0 166.0 124.0 160.0 164.0 157.0 194.0 194.0 167.0 174.0 166.0 24.0 76.0 77.0 80.0 76.0 86.0 85.0 88.0 65.0 36.0 63.0 68.0 18.0 15.0 33.0 27.0 19.0 68.0 87.0 80.0
147 175.0 150.0 125.0 124.0 184.0 120.0 109.0 108.0 154.0 147.0 149.0 107.0 143.0 147.0 142.0 179.0 179.0 152.0 159.0 149.0 5.0 61.0 61.0 64.0 60.0 70.0 69.0 72.0 49.0 41.0 48.0 52.0 39.0 33.0 35.0 40.0 41.0 73.0 98.0 90.0

#distancia entre depositos y puentes
: 3 4 14 15 16 20 21 28 29 32 33 36 39 44 48 49 51 62 63 64 71 74 75 77 78 85 86 87 89 92 93 98 100 103 105 106 108 111 115 116:=
0 59.0 75.0 108.0 96.0 77.0 39.0 27.0 36.0 22.0 14.0 16.0 33.0 10.0 14.0 23.0 51.0 51.0 20.0 27.0 16.0 130.0 96.0 97.0 92.0 92.0 97.0 101.0 99.0 128.0 171.0 104.0 99.0 157.0 151.0 165.0 170.0 164.0 180.0 222.0 208.0
1 151.0 125.0 87.0 100.0 160.0 102.0 91.0 90.0 136.0 129.0 131.0 89.0 126.0 129.0 135.0 166.0 165.0 135.0 143.0 131.0 40.0 23.0 24.0 27.0 25.0 33.0 31.0 35.0 12.0 80.0 15.0 17.0 61.0 55.0 74.0 79.0 68.0 111.0 137.0 129.0

#distancia entre puentes y depositos
: 0 1:=
3 59.0 150.0
4 75.0 124.0
14 108.0 86.0
15 96.0 99.0
16 77.0 158.0
20 40.0 103.0
21 27.0 91.0
28 35.0 91.0
29 22.0 137.0
32 14.0 129.0
33 16.0 131.0
36 33.0 88.0
39 10.0 126.0
44 13.0 129.0
48 24.0 134.0
49 77.0 191.0
51 51.0 166.0
62 20.0 136.0
63 27.0 143.0
64 15.0 131.0
71 129.0 39.0
74 96.0 23.0
75 96.0 24.0
77 92.0 29.0
78 91.0 25.0
85 96.0 32.0
86 99.0 30.0
87 98.0 34.0
89 127.0 12.0
92 169.0 79.0
93 103.0 15.0
98 99.0 17.0
100 156.0 60.0
103 150.0 55.0
105 164.0 73.0
106 169.0 78.0
108 163.0 67.0
111 183.0 110.0
115 225.0 136.0
116 212.0 127.0

;