set O:= 0 1;
set N:= 13 14 15 20 33 36 39 44 51 52 63 70 71 73 74 77 78 84 86 87 98 100 101 103 105 106 108 110 114 116;
set M:= 122 123 126 127 129 130 137 140 143 146;
set K:= 1 2 3 4 5;
param D:= 100;
param Q:= 540;
param v:= 2000000;
param f:= 
122 24000
123 26037
126 68517
127 25694
129 42028
130 45000
137 27856
140 48596
143 48720
146 78000
;
param:	xcoord ycoord w q:=
0 -32.75044 -70.72613 0 1 
1 -33.0433 -71.624 0 1 
13 -32.34055 -71.17481 99 1 
14 -32.51115 -71.42049 30 1 
15 -32.44511 -71.32299 71 1 
20 -32.69998 -70.93128 51 1 
33 -32.62252 -70.72251 72 1 
36 -32.83944 -71.00021 66 1 
39 -32.74002 -70.64044 105 1 
44 -32.76742 -70.61154 38 1 
51 -32.90645 -70.28716 50 1 
52 -32.90338 -70.26912 86 1 
63 -32.76227 -70.50125 44 1 
70 -33.29115 -71.47716 94 1 
71 -33.29475 -71.41066 32 1 
73 -33.20765 -71.57225 80 1 
74 -32.91961 -71.50488 57 1 
77 -32.9314 -71.47561 30 1 
78 -32.93288 -71.46643 63 1 
84 -32.86028 -71.45447 70 1 
86 -32.86452 -71.49062 87 1 
87 -32.83144 -71.47526 89 1 
98 -32.98749 -71.50073 83 1 
100 -33.38903 -71.69158 108 1 
101 -33.34522 -71.64882 59 1 
103 -33.35491 -71.65289 40 1 
105 -33.53115 -71.54035 119 1 
106 -33.53398 -71.59339 54 1 
108 -33.44564 -71.67852 41 1 
110 -33.63989 -71.57131 49 1 
114 -33.63163 -71.61037 97 1 
116 -33.88859 -71.64141 97 1 
122 -32.77961 -70.95976 0 1 
123 -32.88254 -71.09009 0 1 
126 -32.25311 -70.93619 0 1 
127 -32.24898 -70.9333 0 1 
129 -32.44456 -71.22894 0 1 
130 -33.65802 -71.56785 0 1 
137 -32.91915 -71.52057 0 1 
140 -32.93024 -71.55027 0 1 
143 -32.78349 -71.53032 0 1 
146 -33.38843 -71.53636 0 1 
;
param d[*,*]
#distancia de viaje entre puentes
: 13 14 15 20 33 36 39 44 51 52 63 70 71 73 74 77 78 84 86 87 98 100 101 103 105 106 108 110 114 116:=
13 0.0 41.0 29.0 88.0 85.0 88.0 110.0 113.0 152.0 154.0 127.0 138.0 138.0 137.0 94.0 96.0 95.0 83.0 87.0 83.0 103.0 166.0 159.0 160.0 174.0 178.0 172.0 193.0 189.0 229.0
14 42.0 0.0 12.0 94.0 108.0 81.0 118.0 121.0 157.0 159.0 134.0 118.0 120.0 106.0 64.0 65.0 64.0 52.0 56.0 52.0 72.0 142.0 135.0 136.0 154.0 159.0 148.0 173.0 170.0 209.0
15 30.0 12.0 0.0 82.0 96.0 69.0 106.0 109.0 145.0 147.0 123.0 119.0 119.0 118.0 76.0 78.0 77.0 65.0 68.0 64.0 84.0 147.0 140.0 141.0 155.0 159.0 154.0 174.0 171.0 210.0
20 88.0 94.0 82.0 0.0 49.0 20.0 50.0 53.0 89.0 91.0 66.0 116.0 116.0 120.0 82.0 79.0 78.0 82.0 87.0 85.0 86.0 143.0 136.0 138.0 152.0 156.0 150.0 170.0 167.0 207.0
33 85.0 107.0 95.0 49.0 0.0 47.0 25.0 28.0 67.0 68.0 42.0 144.0 144.0 148.0 111.0 107.0 106.0 111.0 115.0 114.0 114.0 172.0 165.0 166.0 180.0 185.0 179.0 199.0 196.0 223.0
36 86.0 79.0 67.0 21.0 48.0 0.0 43.0 46.0 82.0 84.0 60.0 101.0 101.0 105.0 67.0 64.0 63.0 67.0 72.0 71.0 71.0 129.0 122.0 123.0 137.0 141.0 135.0 156.0 152.0 192.0
39 110.0 117.0 105.0 49.0 25.0 42.0 0.0 6.0 48.0 50.0 18.0 139.0 139.0 143.0 106.0 102.0 101.0 106.0 110.0 109.0 109.0 167.0 160.0 161.0 175.0 180.0 174.0 191.0 191.0 214.0
44 113.0 121.0 108.0 52.0 28.0 45.0 6.0 0.0 44.0 46.0 15.0 142.0 142.0 146.0 109.0 105.0 104.0 109.0 113.0 112.0 112.0 170.0 163.0 164.0 178.0 183.0 177.0 188.0 193.0 211.0
51 151.0 157.0 145.0 89.0 66.0 82.0 47.0 44.0 0.0 2.0 46.0 177.0 178.0 183.0 146.0 142.0 141.0 145.0 150.0 149.0 149.0 205.0 198.0 199.0 204.0 208.0 209.0 212.0 217.0 235.0
52 175.0 181.0 169.0 113.0 90.0 106.0 71.0 68.0 3.0 0.0 70.0 201.0 202.0 207.0 169.0 166.0 165.0 169.0 174.0 173.0 173.0 229.0 222.0 223.0 228.0 232.0 233.0 236.0 241.0 259.0
63 127.0 134.0 122.0 66.0 42.0 59.0 18.0 15.0 47.0 49.0 0.0 156.0 156.0 160.0 122.0 119.0 118.0 122.0 127.0 125.0 126.0 183.0 176.0 178.0 184.0 188.0 190.0 192.0 198.0 215.0
70 138.0 119.0 119.0 115.0 144.0 102.0 138.0 142.0 178.0 180.0 155.0 0.0 10.0 25.0 54.0 58.0 54.0 66.0 63.0 66.0 46.0 28.0 21.0 22.0 36.0 40.0 35.0 55.0 52.0 91.0
71 138.0 120.0 119.0 115.0 144.0 102.0 138.0 142.0 178.0 180.0 155.0 10.0 0.0 27.0 56.0 59.0 55.0 67.0 64.0 67.0 47.0 37.0 30.0 31.0 37.0 42.0 43.0 56.0 53.0 92.0
73 138.0 107.0 119.0 119.0 147.0 106.0 142.0 146.0 182.0 184.0 159.0 25.0 27.0 0.0 42.0 45.0 42.0 54.0 51.0 54.0 34.0 36.0 29.0 30.0 61.0 57.0 43.0 73.0 70.0 109.0
74 96.0 64.0 77.0 82.0 111.0 69.0 106.0 109.0 145.0 147.0 122.0 55.0 56.0 43.0 0.0 5.0 5.0 12.0 8.0 12.0 9.0 78.0 71.0 72.0 91.0 95.0 85.0 110.0 106.0 146.0
77 97.0 66.0 79.0 79.0 107.0 65.0 102.0 106.0 142.0 143.0 119.0 58.0 60.0 46.0 9.0 0.0 1.0 13.0 17.0 20.0 12.0 81.0 74.0 76.0 94.0 99.0 88.0 113.0 110.0 149.0
78 96.0 65.0 78.0 78.0 106.0 64.0 101.0 105.0 141.0 143.0 118.0 55.0 56.0 42.0 4.0 1.0 0.0 12.0 13.0 16.0 9.0 78.0 71.0 72.0 91.0 95.0 85.0 109.0 106.0 145.0
84 84.0 53.0 65.0 82.0 111.0 69.0 105.0 109.0 145.0 147.0 122.0 66.0 68.0 54.0 11.0 13.0 12.0 0.0 5.0 8.0 20.0 89.0 82.0 83.0 102.0 106.0 96.0 121.0 118.0 157.0
86 88.0 57.0 69.0 85.0 114.0 72.0 109.0 112.0 148.0 150.0 125.0 62.0 64.0 50.0 7.0 12.0 12.0 6.0 0.0 4.0 17.0 85.0 78.0 80.0 98.0 103.0 92.0 117.0 114.0 153.0
87 84.0 53.0 65.0 85.0 113.0 71.0 108.0 112.0 148.0 149.0 125.0 66.0 68.0 54.0 12.0 16.0 16.0 10.0 4.0 0.0 21.0 90.0 83.0 84.0 102.0 107.0 96.0 121.0 118.0 157.0
98 104.0 73.0 85.0 85.0 114.0 72.0 109.0 112.0 148.0 150.0 126.0 46.0 48.0 34.0 8.0 12.0 8.0 20.0 17.0 20.0 0.0 69.0 62.0 64.0 82.0 87.0 76.0 101.0 98.0 137.0
100 165.0 141.0 146.0 143.0 171.0 129.0 166.0 170.0 206.0 208.0 183.0 28.0 37.0 36.0 77.0 80.0 77.0 88.0 85.0 89.0 68.0 0.0 7.0 6.0 28.0 21.0 7.0 37.0 33.0 73.0
101 158.0 135.0 140.0 136.0 164.0 123.0 159.0 163.0 199.0 201.0 176.0 21.0 30.0 29.0 70.0 73.0 70.0 82.0 79.0 82.0 62.0 7.0 0.0 1.0 34.0 28.0 14.0 44.0 41.0 80.0
103 159.0 136.0 141.0 137.0 165.0 124.0 160.0 164.0 200.0 202.0 177.0 22.0 31.0 30.0 71.0 75.0 71.0 83.0 80.0 83.0 63.0 6.0 1.0 0.0 33.0 27.0 13.0 43.0 40.0 79.0
105 173.0 154.0 154.0 151.0 179.0 137.0 174.0 177.0 206.0 208.0 186.0 36.0 37.0 61.0 90.0 93.0 90.0 101.0 98.0 101.0 81.0 28.0 33.0 32.0 0.0 7.0 21.0 22.0 19.0 58.0
106 178.0 159.0 159.0 156.0 184.0 142.0 179.0 183.0 211.0 213.0 191.0 41.0 42.0 56.0 95.0 98.0 95.0 106.0 103.0 107.0 86.0 21.0 27.0 26.0 7.0 0.0 14.0 16.0 13.0 52.0
108 172.0 148.0 153.0 150.0 178.0 136.0 173.0 177.0 211.0 213.0 190.0 35.0 42.0 43.0 84.0 87.0 84.0 95.0 92.0 96.0 75.0 7.0 14.0 13.0 21.0 14.0 0.0 30.0 27.0 66.0
110 191.0 173.0 173.0 169.0 198.0 156.0 192.0 190.0 214.0 216.0 194.0 54.0 55.0 73.0 108.0 111.0 108.0 120.0 117.0 120.0 100.0 37.0 44.0 43.0 22.0 17.0 30.0 0.0 5.0 45.0
114 188.0 169.0 170.0 166.0 194.0 153.0 189.0 193.0 219.0 221.0 200.0 51.0 52.0 70.0 105.0 108.0 105.0 117.0 113.0 117.0 96.0 34.0 41.0 40.0 19.0 13.0 27.0 5.0 0.0 39.0
116 227.0 208.0 208.0 204.0 227.0 191.0 218.0 214.0 238.0 240.0 218.0 89.0 90.0 109.0 144.0 147.0 144.0 155.0 152.0 155.0 135.0 73.0 79.0 78.0 57.0 52.0 66.0 44.0 39.0 0.0

#distancia viaje entre puentes y alojamientos
: 122 123 126 127 129 130 137 140 143 146:=
13 91.0 79.0 38.0 39.0 21.0 195.0 96.0 100.0 85.0 159.0
14 84.0 72.0 71.0 72.0 22.0 176.0 65.0 69.0 55.0 140.0
15 72.0 60.0 59.0 60.0 10.0 176.0 78.0 81.0 67.0 140.0
20 10.0 36.0 101.0 101.0 81.0 173.0 83.0 87.0 89.0 137.0
33 38.0 63.0 74.0 73.0 86.0 202.0 112.0 116.0 117.0 165.0
36 11.0 19.0 116.0 116.0 66.0 158.0 69.0 73.0 74.0 122.0
39 39.0 58.0 98.0 98.0 105.0 194.0 107.0 111.0 112.0 160.0
44 42.0 61.0 101.0 101.0 108.0 191.0 110.0 114.0 115.0 163.0
51 79.0 97.0 140.0 139.0 144.0 215.0 147.0 151.0 152.0 191.0
52 103.0 121.0 164.0 163.0 168.0 239.0 171.0 175.0 176.0 215.0
63 55.0 74.0 115.0 115.0 121.0 195.0 123.0 127.0 129.0 171.0
70 105.0 92.0 167.0 168.0 118.0 57.0 52.0 49.0 76.0 21.0
71 105.0 92.0 168.0 168.0 118.0 59.0 53.0 51.0 78.0 24.0
73 109.0 95.0 168.0 168.0 118.0 76.0 39.0 37.0 64.0 46.0
74 72.0 58.0 125.0 126.0 76.0 112.0 2.0 6.0 22.0 76.0
77 69.0 55.0 127.0 128.0 78.0 116.0 10.0 14.0 31.0 79.0
78 68.0 54.0 126.0 127.0 77.0 112.0 6.0 10.0 26.0 76.0
84 72.0 58.0 114.0 115.0 65.0 123.0 13.0 17.0 17.0 87.0
86 75.0 62.0 118.0 119.0 69.0 120.0 9.0 13.0 15.0 83.0
87 75.0 62.0 114.0 114.0 64.0 124.0 13.0 17.0 10.0 88.0
98 75.0 61.0 134.0 134.0 84.0 104.0 9.0 11.0 30.0 67.0
100 133.0 119.0 195.0 196.0 146.0 39.0 74.0 72.0 99.0 17.0
101 126.0 112.0 188.0 189.0 139.0 47.0 67.0 65.0 92.0 17.0
103 127.0 114.0 189.0 190.0 140.0 46.0 69.0 66.0 93.0 16.0
105 141.0 127.0 203.0 204.0 154.0 25.0 87.0 85.0 112.0 33.0
106 146.0 132.0 208.0 209.0 159.0 19.0 92.0 90.0 117.0 27.0
108 140.0 126.0 202.0 203.0 153.0 32.0 81.0 79.0 106.0 17.0
110 159.0 146.0 221.0 222.0 172.0 3.0 106.0 103.0 130.0 43.0
114 156.0 142.0 218.0 219.0 169.0 8.0 102.0 100.0 127.0 40.0
116 194.0 181.0 257.0 257.0 207.0 47.0 141.0 139.0 166.0 79.0

#distancia entre alojamientos y puentes
: 13 14 15 20 33 36 39 44 51 52 63 70 71 73 74 77 78 84 86 87 98 100 101 103 105 106 108 110 114 116:=
122 91.0 84.0 72.0 10.0 38.0 10.0 39.0 43.0 79.0 81.0 56.0 106.0 106.0 110.0 73.0 69.0 68.0 73.0 77.0 76.0 76.0 134.0 127.0 128.0 142.0 146.0 141.0 161.0 158.0 197.0
123 78.0 72.0 60.0 36.0 63.0 21.0 58.0 61.0 98.0 99.0 75.0 92.0 92.0 96.0 59.0 55.0 54.0 59.0 63.0 62.0 62.0 120.0 113.0 114.0 128.0 132.0 127.0 147.0 144.0 183.0
126 38.0 71.0 59.0 101.0 74.0 117.0 99.0 102.0 140.0 142.0 116.0 167.0 167.0 166.0 124.0 125.0 124.0 112.0 116.0 112.0 132.0 195.0 188.0 189.0 203.0 208.0 202.0 222.0 219.0 258.0
127 38.0 72.0 59.0 101.0 73.0 118.0 99.0 102.0 140.0 142.0 116.0 168.0 168.0 167.0 124.0 126.0 125.0 113.0 117.0 113.0 133.0 196.0 189.0 190.0 204.0 208.0 203.0 223.0 219.0 259.0
129 20.0 22.0 10.0 82.0 86.0 68.0 105.0 109.0 145.0 147.0 122.0 118.0 118.0 118.0 75.0 77.0 76.0 64.0 67.0 63.0 83.0 146.0 139.0 140.0 154.0 159.0 153.0 173.0 170.0 209.0
130 194.0 175.0 175.0 172.0 200.0 158.0 195.0 193.0 217.0 219.0 197.0 57.0 58.0 76.0 111.0 114.0 111.0 122.0 119.0 123.0 102.0 40.0 47.0 45.0 24.0 19.0 33.0 3.0 8.0 47.0
137 97.0 66.0 79.0 83.0 112.0 70.0 107.0 110.0 146.0 148.0 123.0 52.0 53.0 40.0 2.0 6.0 6.0 14.0 10.0 13.0 10.0 75.0 68.0 69.0 88.0 92.0 82.0 107.0 103.0 143.0
140 101.0 70.0 82.0 87.0 116.0 74.0 110.0 114.0 150.0 152.0 127.0 50.0 51.0 37.0 5.0 10.0 9.0 17.0 14.0 17.0 10.0 73.0 66.0 67.0 86.0 90.0 80.0 104.0 101.0 141.0
143 87.0 56.0 68.0 88.0 117.0 75.0 111.0 115.0 151.0 153.0 128.0 77.0 79.0 65.0 22.0 27.0 27.0 17.0 15.0 11.0 31.0 100.0 93.0 94.0 113.0 117.0 107.0 132.0 129.0 168.0
146 160.0 141.0 141.0 137.0 166.0 124.0 160.0 164.0 194.0 196.0 174.0 22.0 24.0 45.0 76.0 80.0 76.0 88.0 85.0 88.0 68.0 18.0 16.0 15.0 33.0 27.0 19.0 43.0 40.0 80.0

#distancia entre depositos y puentes
: 13 14 15 20 33 36 39 44 51 52 63 70 71 73 74 77 78 84 86 87 98 100 101 103 105 106 108 110 114 116:=
0 101.0 108.0 96.0 39.0 16.0 33.0 10.0 14.0 51.0 53.0 27.0 129.0 130.0 133.0 96.0 92.0 92.0 96.0 101.0 99.0 99.0 157.0 150.0 151.0 165.0 170.0 164.0 184.0 181.0 208.0
1 118.0 87.0 100.0 102.0 131.0 89.0 126.0 129.0 165.0 167.0 143.0 38.0 40.0 26.0 23.0 27.0 25.0 35.0 31.0 35.0 17.0 61.0 54.0 55.0 74.0 79.0 68.0 93.0 90.0 129.0

#distancia entre puentes y depositos
: 0 1:=
13 101.0 117.0
14 108.0 86.0
15 96.0 99.0
20 40.0 103.0
33 16.0 131.0
36 33.0 88.0
39 10.0 126.0
44 13.0 129.0
51 51.0 166.0
52 75.0 190.0
63 27.0 143.0
70 128.0 38.0
71 129.0 39.0
73 132.0 26.0
74 96.0 23.0
77 92.0 29.0
78 91.0 25.0
84 95.0 34.0
86 99.0 30.0
87 98.0 34.0
98 99.0 17.0
100 156.0 60.0
101 149.0 54.0
103 150.0 55.0
105 164.0 73.0
106 169.0 78.0
108 163.0 67.0
110 182.0 92.0
114 179.0 89.0
116 212.0 127.0

;