set O:= 0 1;
set N:= 2 3 10 13 14 15 20 26 32 33 35 36 37 39 44 45 48 49 50 51 52 57 63 70 71 73 74 76 77 78 81 84 85 86 87 88 93 98 100 101 103 104 105 106 107 108 110 114 116 119;
set M:= 122 123 126 127 128 130 137 140 143 144 146 147;
set K:= 1 2 3 4 5 6 7;
param D:= 100;
param Q:= 540;
param v:= 2000000;
param f:= 
122 24000
123 26037
126 68517
127 25694
128 39740
130 45000
137 27856
140 48596
143 48720
144 52000
146 78000
147 45000
;
param:	xcoord ycoord w q:=
0 -32.75044 -70.72613 0 1 
1 -33.0433 -71.624 0 1 
2 -32.5191 -70.92373 38 1 
3 -32.35092 -70.79153 105 1 
10 -32.43335 -71.23322 48 1 
13 -32.34055 -71.17481 99 1 
14 -32.51115 -71.42049 30 1 
15 -32.44511 -71.32299 71 1 
20 -32.69998 -70.93128 51 1 
26 -32.84855 -70.98046 116 1 
32 -32.66447 -70.697 94 1 
33 -32.62252 -70.72251 72 1 
35 -32.7126 -70.74393 65 1 
36 -32.83944 -71.00021 66 1 
37 -32.81691 -70.71195 53 1 
39 -32.74002 -70.64044 105 1 
44 -32.76742 -70.61154 38 1 
45 -32.74039 -70.64 42 1 
48 -32.88608 -70.59211 103 1 
49 -32.90731 -70.28602 104 1 
50 -32.87857 -70.20821 39 1 
51 -32.90645 -70.28716 50 1 
52 -32.90338 -70.26912 86 1 
57 -32.89552 -70.6746 98 1 
63 -32.76227 -70.50125 44 1 
70 -33.29115 -71.47716 94 1 
71 -33.29475 -71.41066 32 1 
73 -33.20765 -71.57225 80 1 
74 -32.91961 -71.50488 57 1 
76 -32.93269 -71.43975 112 1 
77 -32.9314 -71.47561 30 1 
78 -32.93288 -71.46643 63 1 
81 -32.68399 -71.39191 70 1 
84 -32.86028 -71.45447 70 1 
85 -32.8625 -71.46772 106 1 
86 -32.86452 -71.49062 87 1 
87 -32.83144 -71.47526 89 1 
88 -32.80869 -71.44189 36 1 
93 -33.01883 -71.50131 58 1 
98 -32.98749 -71.50073 83 1 
100 -33.38903 -71.69158 108 1 
101 -33.34522 -71.64882 59 1 
103 -33.35491 -71.65289 40 1 
104 -33.61332 -71.40226 39 1 
105 -33.53115 -71.54035 119 1 
106 -33.53398 -71.59339 54 1 
107 -33.42116 -71.69462 116 1 
108 -33.44564 -71.67852 41 1 
110 -33.63989 -71.57131 49 1 
114 -33.63163 -71.61037 97 1 
116 -33.88859 -71.64141 97 1 
119 -33.8283 -71.64323 81 1 
122 -32.77961 -70.95976 0 1 
123 -32.88254 -71.09009 0 1 
126 -32.25311 -70.93619 0 1 
127 -32.24898 -70.9333 0 1 
128 -32.43019 -71.07467 0 1 
130 -33.65802 -71.56785 0 1 
137 -32.91915 -71.52057 0 1 
140 -32.93024 -71.55027 0 1 
143 -32.78349 -71.53032 0 1 
144 -32.77144 -71.53401 0 1 
146 -33.38843 -71.53636 0 1 
147 -33.32534 -71.38598 0 1 
;
param d[*,*]
#distancia de viaje entre puentes
: 2 3 10 13 14 15 20 26 32 33 35 36 37 39 44 45 48 49 50 51 52 57 63 70 71 73 74 76 77 78 81 84 85 86 87 88 93 98 100 101 103 104 105 106 107 108 110 114 116 119:=
2 0.0 29.0 45.0 42.0 64.0 52.0 46.0 63.0 50.0 43.0 54.0 63.0 69.0 69.0 72.0 68.0 82.0 110.0 118.0 110.0 112.0 77.0 86.0 158.0 159.0 160.0 117.0 115.0 119.0 118.0 89.0 106.0 107.0 109.0 105.0 99.0 130.0 126.0 186.0 179.0 180.0 205.0 194.0 199.0 190.0 193.0 213.0 210.0 249.0 239.0
3 29.0 0.0 55.0 52.0 74.0 62.0 75.0 90.0 50.0 43.0 54.0 90.0 68.0 68.0 71.0 68.0 82.0 110.0 118.0 110.0 111.0 77.0 85.0 171.0 171.0 170.0 127.0 125.0 129.0 128.0 99.0 116.0 117.0 120.0 115.0 110.0 140.0 136.0 198.0 191.0 192.0 217.0 207.0 211.0 202.0 205.0 225.0 222.0 261.0 251.0
10 45.0 55.0 0.0 19.0 23.0 11.0 83.0 66.0 95.0 89.0 100.0 70.0 104.0 106.0 110.0 106.0 118.0 146.0 155.0 146.0 148.0 112.0 123.0 120.0 120.0 119.0 76.0 75.0 78.0 77.0 48.0 65.0 67.0 69.0 65.0 59.0 90.0 85.0 148.0 141.0 142.0 166.0 156.0 160.0 151.0 154.0 175.0 171.0 211.0 200.0
13 42.0 52.0 19.0 0.0 41.0 29.0 88.0 84.0 92.0 85.0 96.0 88.0 111.0 110.0 113.0 110.0 124.0 152.0 160.0 152.0 154.0 119.0 127.0 138.0 138.0 137.0 94.0 93.0 96.0 95.0 66.0 83.0 85.0 87.0 83.0 77.0 108.0 103.0 166.0 159.0 160.0 184.0 174.0 178.0 169.0 172.0 193.0 189.0 229.0 218.0
14 64.0 74.0 23.0 42.0 0.0 12.0 94.0 78.0 114.0 108.0 112.0 81.0 115.0 118.0 121.0 118.0 129.0 158.0 166.0 157.0 159.0 123.0 134.0 118.0 120.0 106.0 64.0 62.0 65.0 64.0 35.0 52.0 54.0 56.0 52.0 46.0 77.0 72.0 142.0 135.0 136.0 165.0 154.0 159.0 145.0 148.0 173.0 170.0 209.0 199.0
15 52.0 62.0 11.0 30.0 12.0 0.0 82.0 66.0 102.0 96.0 100.0 69.0 103.0 106.0 109.0 106.0 117.0 146.0 154.0 145.0 147.0 112.0 123.0 119.0 119.0 118.0 76.0 74.0 78.0 77.0 48.0 65.0 66.0 68.0 64.0 58.0 89.0 84.0 147.0 140.0 141.0 166.0 155.0 159.0 151.0 154.0 174.0 171.0 210.0 199.0
20 46.0 75.0 83.0 88.0 94.0 82.0 0.0 20.0 48.0 49.0 39.0 20.0 47.0 50.0 53.0 49.0 61.0 89.0 98.0 89.0 91.0 55.0 66.0 116.0 116.0 120.0 82.0 75.0 79.0 78.0 77.0 82.0 84.0 87.0 85.0 79.0 90.0 86.0 143.0 136.0 138.0 162.0 152.0 156.0 147.0 150.0 170.0 167.0 207.0 196.0
26 69.0 96.0 73.0 92.0 85.0 73.0 26.0 0.0 51.0 53.0 42.0 12.0 46.0 48.0 52.0 48.0 58.0 88.0 96.0 88.0 90.0 49.0 65.0 107.0 107.0 111.0 73.0 66.0 70.0 69.0 68.0 73.0 75.0 78.0 76.0 69.0 81.0 77.0 134.0 127.0 129.0 153.0 143.0 147.0 138.0 141.0 161.0 158.0 198.0 187.0
32 50.0 50.0 95.0 92.0 114.0 102.0 47.0 45.0 0.0 7.0 9.0 45.0 24.0 23.0 26.0 23.0 37.0 65.0 73.0 65.0 66.0 32.0 40.0 142.0 142.0 146.0 109.0 102.0 105.0 104.0 103.0 109.0 110.0 113.0 112.0 105.0 117.0 112.0 170.0 163.0 164.0 182.0 178.0 183.0 174.0 177.0 197.0 194.0 221.0 223.0
33 43.0 43.0 88.0 85.0 107.0 95.0 49.0 47.0 7.0 0.0 11.0 47.0 26.0 25.0 28.0 25.0 39.0 67.0 75.0 67.0 68.0 34.0 42.0 144.0 144.0 148.0 111.0 104.0 107.0 106.0 105.0 111.0 112.0 115.0 114.0 107.0 119.0 114.0 172.0 165.0 166.0 184.0 180.0 185.0 176.0 179.0 199.0 196.0 223.0 225.0
35 54.0 54.0 99.0 96.0 112.0 99.0 38.0 36.0 9.0 11.0 0.0 37.0 15.0 14.0 17.0 14.0 28.0 56.0 64.0 56.0 58.0 23.0 31.0 133.0 133.0 137.0 100.0 93.0 96.0 95.0 94.0 100.0 101.0 104.0 103.0 96.0 108.0 103.0 161.0 154.0 155.0 173.0 169.0 174.0 165.0 168.0 188.0 185.0 212.0 214.0
36 64.0 91.0 68.0 86.0 79.0 67.0 21.0 4.0 46.0 48.0 37.0 0.0 40.0 43.0 46.0 43.0 54.0 83.0 91.0 82.0 84.0 49.0 60.0 101.0 101.0 105.0 67.0 60.0 64.0 63.0 62.0 67.0 69.0 72.0 71.0 64.0 76.0 71.0 129.0 122.0 123.0 148.0 137.0 141.0 132.0 135.0 156.0 152.0 192.0 181.0
37 69.0 69.0 104.0 111.0 115.0 103.0 47.0 40.0 24.0 26.0 15.0 40.0 0.0 17.0 21.0 17.0 17.0 47.0 55.0 47.0 49.0 11.0 27.0 137.0 137.0 141.0 103.0 96.0 100.0 99.0 98.0 103.0 105.0 108.0 107.0 100.0 111.0 107.0 165.0 158.0 159.0 162.0 169.0 174.0 168.0 171.0 178.0 183.0 200.0 204.0
39 68.0 67.0 106.0 110.0 117.0 105.0 49.0 42.0 23.0 25.0 14.0 42.0 17.0 0.0 6.0 0.0 22.0 48.0 56.0 48.0 50.0 25.0 18.0 139.0 139.0 143.0 106.0 99.0 102.0 101.0 100.0 106.0 107.0 110.0 109.0 102.0 114.0 109.0 167.0 160.0 161.0 176.0 175.0 180.0 171.0 174.0 191.0 191.0 214.0 219.0
44 71.0 71.0 109.0 113.0 121.0 108.0 52.0 45.0 26.0 28.0 17.0 45.0 20.0 6.0 0.0 6.0 18.0 44.0 53.0 44.0 46.0 22.0 15.0 142.0 142.0 146.0 109.0 102.0 105.0 104.0 103.0 109.0 110.0 113.0 112.0 105.0 117.0 112.0 170.0 163.0 164.0 172.0 178.0 183.0 174.0 177.0 188.0 193.0 211.0 215.0
45 68.0 67.0 106.0 110.0 117.0 105.0 49.0 42.0 22.0 25.0 14.0 42.0 17.0 0.0 6.0 0.0 21.0 48.0 56.0 48.0 49.0 25.0 18.0 139.0 139.0 143.0 106.0 99.0 102.0 101.0 100.0 106.0 107.0 110.0 109.0 102.0 114.0 109.0 167.0 160.0 161.0 175.0 175.0 179.0 171.0 174.0 191.0 191.0 214.0 219.0
48 83.0 82.0 117.0 124.0 129.0 117.0 61.0 53.0 37.0 39.0 28.0 54.0 17.0 21.0 18.0 21.0 0.0 40.0 48.0 40.0 42.0 9.0 22.0 141.0 141.0 146.0 117.0 110.0 114.0 113.0 112.0 117.0 118.0 122.0 120.0 113.0 121.0 120.0 169.0 162.0 163.0 160.0 167.0 172.0 172.0 173.0 176.0 181.0 198.0 202.0
49 135.0 135.0 171.0 177.0 183.0 171.0 115.0 107.0 90.0 92.0 81.0 108.0 73.0 73.0 69.0 73.0 66.0 0.0 8.0 1.0 2.0 71.0 72.0 203.0 203.0 209.0 171.0 164.0 168.0 167.0 166.0 171.0 172.0 176.0 174.0 167.0 179.0 174.0 231.0 224.0 225.0 222.0 229.0 234.0 234.0 235.0 238.0 243.0 260.0 264.0
50 118.0 117.0 154.0 160.0 166.0 153.0 97.0 90.0 73.0 75.0 64.0 91.0 55.0 56.0 52.0 56.0 48.0 12.0 0.0 8.0 14.0 54.0 55.0 186.0 186.0 191.0 154.0 147.0 150.0 150.0 149.0 154.0 155.0 159.0 157.0 150.0 162.0 157.0 214.0 207.0 208.0 205.0 212.0 217.0 217.0 218.0 221.0 226.0 243.0 247.0
51 109.0 109.0 146.0 151.0 157.0 145.0 89.0 82.0 64.0 66.0 55.0 82.0 47.0 47.0 44.0 47.0 40.0 4.0 8.0 0.0 2.0 46.0 46.0 177.0 178.0 183.0 146.0 139.0 142.0 141.0 140.0 145.0 147.0 150.0 149.0 142.0 154.0 149.0 205.0 198.0 199.0 196.0 204.0 208.0 208.0 209.0 212.0 217.0 235.0 239.0
52 133.0 133.0 170.0 175.0 181.0 169.0 113.0 106.0 88.0 90.0 79.0 106.0 71.0 71.0 68.0 71.0 64.0 2.0 7.0 3.0 0.0 70.0 70.0 201.0 202.0 207.0 169.0 162.0 166.0 165.0 164.0 169.0 171.0 174.0 173.0 166.0 177.0 173.0 229.0 222.0 223.0 220.0 228.0 232.0 232.0 233.0 236.0 241.0 259.0 263.0
57 77.0 77.0 112.0 119.0 123.0 111.0 55.0 48.0 32.0 34.0 23.0 48.0 11.0 25.0 22.0 25.0 9.0 46.0 55.0 46.0 48.0 0.0 26.0 132.0 132.0 138.0 112.0 105.0 108.0 107.0 106.0 112.0 113.0 116.0 115.0 108.0 112.0 115.0 160.0 153.0 154.0 151.0 158.0 163.0 163.0 164.0 167.0 172.0 189.0 193.0
63 85.0 85.0 123.0 127.0 134.0 122.0 66.0 59.0 40.0 42.0 31.0 59.0 27.0 18.0 15.0 18.0 22.0 47.0 55.0 47.0 49.0 26.0 0.0 156.0 156.0 160.0 122.0 115.0 119.0 118.0 117.0 122.0 124.0 127.0 125.0 119.0 130.0 126.0 183.0 176.0 178.0 176.0 184.0 188.0 187.0 190.0 192.0 198.0 215.0 219.0
70 158.0 170.0 119.0 138.0 119.0 119.0 115.0 98.0 141.0 144.0 133.0 102.0 136.0 138.0 142.0 138.0 142.0 178.0 186.0 178.0 180.0 133.0 155.0 0.0 10.0 25.0 54.0 56.0 58.0 54.0 89.0 66.0 64.0 63.0 66.0 72.0 41.0 46.0 28.0 21.0 22.0 47.0 36.0 40.0 32.0 35.0 55.0 52.0 91.0 80.0
71 158.0 170.0 120.0 138.0 120.0 119.0 115.0 98.0 142.0 144.0 133.0 102.0 136.0 138.0 142.0 138.0 142.0 178.0 187.0 178.0 180.0 133.0 155.0 10.0 0.0 27.0 56.0 57.0 59.0 55.0 90.0 67.0 65.0 64.0 67.0 73.0 43.0 47.0 37.0 30.0 31.0 48.0 37.0 42.0 41.0 43.0 56.0 53.0 92.0 81.0
73 160.0 170.0 120.0 138.0 107.0 119.0 119.0 102.0 145.0 147.0 137.0 106.0 140.0 142.0 146.0 142.0 147.0 182.0 190.0 182.0 184.0 138.0 159.0 25.0 27.0 0.0 42.0 44.0 45.0 42.0 77.0 54.0 52.0 51.0 54.0 60.0 29.0 34.0 36.0 29.0 30.0 72.0 61.0 57.0 40.0 43.0 73.0 70.0 109.0 99.0
74 118.0 128.0 77.0 96.0 64.0 77.0 82.0 65.0 109.0 111.0 100.0 69.0 103.0 106.0 109.0 105.0 117.0 145.0 154.0 145.0 147.0 111.0 122.0 55.0 56.0 43.0 0.0 7.0 5.0 5.0 35.0 12.0 10.0 8.0 12.0 18.0 13.0 9.0 78.0 71.0 72.0 101.0 91.0 95.0 82.0 85.0 110.0 106.0 146.0 135.0
76 116.0 126.0 76.0 94.0 63.0 75.0 75.0 58.0 102.0 104.0 93.0 62.0 96.0 98.0 102.0 98.0 110.0 138.0 147.0 138.0 140.0 104.0 115.0 57.0 58.0 44.0 7.0 0.0 3.0 3.0 33.0 10.0 11.0 14.0 18.0 16.0 15.0 10.0 80.0 73.0 74.0 103.0 93.0 97.0 83.0 87.0 111.0 108.0 147.0 137.0
77 120.0 130.0 79.0 97.0 66.0 79.0 79.0 62.0 105.0 107.0 96.0 65.0 100.0 102.0 106.0 102.0 113.0 142.0 150.0 142.0 143.0 108.0 119.0 58.0 60.0 46.0 9.0 4.0 0.0 1.0 37.0 13.0 15.0 17.0 20.0 20.0 17.0 12.0 81.0 74.0 76.0 105.0 94.0 99.0 85.0 88.0 113.0 110.0 149.0 139.0
78 119.0 129.0 78.0 96.0 65.0 78.0 78.0 61.0 104.0 106.0 95.0 64.0 99.0 101.0 105.0 101.0 112.0 141.0 149.0 141.0 143.0 107.0 118.0 55.0 56.0 42.0 4.0 3.0 1.0 0.0 36.0 12.0 14.0 13.0 16.0 19.0 13.0 9.0 78.0 71.0 72.0 101.0 91.0 95.0 81.0 85.0 109.0 106.0 145.0 135.0
81 96.0 107.0 56.0 74.0 43.0 55.0 84.0 67.0 110.0 112.0 101.0 70.0 105.0 107.0 111.0 107.0 118.0 147.0 155.0 147.0 148.0 113.0 124.0 97.0 98.0 85.0 42.0 40.0 44.0 43.0 0.0 31.0 32.0 35.0 31.0 24.0 55.0 51.0 120.0 113.0 114.0 143.0 133.0 137.0 124.0 127.0 152.0 148.0 188.0 177.0
84 107.0 117.0 66.0 84.0 53.0 65.0 82.0 65.0 108.0 111.0 100.0 69.0 103.0 105.0 109.0 105.0 117.0 145.0 153.0 145.0 147.0 111.0 122.0 66.0 68.0 54.0 11.0 10.0 13.0 12.0 23.0 0.0 2.0 5.0 8.0 6.0 25.0 20.0 89.0 82.0 83.0 113.0 102.0 106.0 93.0 96.0 121.0 118.0 157.0 146.0
85 110.0 121.0 70.0 88.0 57.0 69.0 83.0 66.0 109.0 111.0 100.0 70.0 104.0 106.0 110.0 106.0 117.0 146.0 154.0 146.0 148.0 112.0 123.0 64.0 66.0 52.0 10.0 10.0 14.0 13.0 27.0 4.0 0.0 3.0 7.0 10.0 23.0 19.0 88.0 81.0 82.0 111.0 100.0 105.0 91.0 94.0 119.0 116.0 155.0 145.0
86 111.0 121.0 70.0 88.0 57.0 69.0 85.0 68.0 112.0 114.0 103.0 72.0 106.0 109.0 112.0 108.0 120.0 148.0 157.0 148.0 150.0 114.0 125.0 62.0 64.0 50.0 7.0 13.0 12.0 12.0 27.0 6.0 2.0 0.0 4.0 12.0 21.0 17.0 85.0 78.0 80.0 109.0 98.0 103.0 89.0 92.0 117.0 114.0 153.0 143.0
87 106.0 117.0 66.0 84.0 53.0 65.0 85.0 68.0 111.0 113.0 102.0 71.0 106.0 108.0 112.0 108.0 119.0 148.0 156.0 148.0 149.0 114.0 125.0 66.0 68.0 54.0 12.0 17.0 16.0 16.0 23.0 10.0 7.0 4.0 0.0 8.0 25.0 21.0 90.0 83.0 84.0 113.0 102.0 107.0 93.0 96.0 121.0 118.0 157.0 147.0
88 100.0 110.0 60.0 78.0 47.0 59.0 78.0 61.0 104.0 106.0 95.0 65.0 99.0 101.0 105.0 101.0 112.0 141.0 149.0 141.0 143.0 107.0 118.0 72.0 74.0 60.0 18.0 16.0 19.0 18.0 17.0 6.0 8.0 11.0 8.0 0.0 31.0 26.0 95.0 88.0 90.0 119.0 108.0 113.0 99.0 102.0 127.0 124.0 163.0 153.0
93 131.0 141.0 90.0 108.0 77.0 89.0 90.0 73.0 116.0 118.0 107.0 77.0 111.0 113.0 117.0 113.0 123.0 153.0 161.0 153.0 155.0 114.0 130.0 42.0 43.0 30.0 13.0 15.0 16.0 12.0 47.0 24.0 22.0 21.0 24.0 31.0 0.0 4.0 65.0 58.0 59.0 88.0 78.0 82.0 69.0 72.0 97.0 93.0 133.0 122.0
98 126.0 137.0 86.0 104.0 73.0 85.0 85.0 69.0 112.0 114.0 103.0 72.0 106.0 109.0 112.0 109.0 120.0 149.0 157.0 148.0 150.0 115.0 126.0 46.0 48.0 34.0 8.0 10.0 12.0 8.0 43.0 20.0 18.0 17.0 20.0 26.0 5.0 0.0 69.0 62.0 64.0 93.0 82.0 87.0 73.0 76.0 101.0 98.0 137.0 127.0
100 185.0 198.0 147.0 165.0 141.0 146.0 143.0 126.0 169.0 171.0 160.0 129.0 164.0 166.0 170.0 166.0 169.0 206.0 214.0 206.0 208.0 161.0 183.0 28.0 37.0 36.0 77.0 79.0 80.0 77.0 112.0 88.0 87.0 85.0 89.0 95.0 64.0 68.0 0.0 7.0 6.0 45.0 28.0 21.0 4.0 7.0 37.0 33.0 73.0 62.0
101 179.0 191.0 140.0 158.0 135.0 140.0 136.0 119.0 162.0 164.0 153.0 123.0 157.0 159.0 163.0 159.0 162.0 199.0 207.0 199.0 201.0 154.0 176.0 21.0 30.0 29.0 70.0 72.0 73.0 70.0 105.0 82.0 80.0 79.0 82.0 88.0 57.0 62.0 7.0 0.0 1.0 51.0 34.0 28.0 11.0 14.0 44.0 41.0 80.0 70.0
103 180.0 192.0 141.0 159.0 136.0 141.0 137.0 120.0 163.0 165.0 155.0 124.0 158.0 160.0 164.0 160.0 163.0 200.0 208.0 200.0 202.0 155.0 177.0 22.0 31.0 30.0 71.0 73.0 75.0 71.0 106.0 83.0 81.0 80.0 83.0 89.0 58.0 63.0 6.0 1.0 0.0 50.0 33.0 27.0 10.0 13.0 43.0 40.0 79.0 69.0
104 205.0 217.0 166.0 184.0 165.0 166.0 162.0 145.0 188.0 190.0 179.0 149.0 175.0 185.0 185.0 185.0 172.0 209.0 217.0 209.0 211.0 164.0 189.0 47.0 48.0 72.0 101.0 103.0 104.0 101.0 136.0 112.0 111.0 109.0 113.0 119.0 88.0 92.0 45.0 49.0 48.0 0.0 18.0 24.0 42.0 38.0 19.0 24.0 63.0 53.0
105 193.0 206.0 155.0 173.0 154.0 154.0 151.0 134.0 177.0 179.0 168.0 137.0 171.0 174.0 177.0 174.0 169.0 206.0 214.0 206.0 208.0 161.0 186.0 36.0 37.0 61.0 90.0 91.0 93.0 90.0 125.0 101.0 100.0 98.0 101.0 107.0 77.0 81.0 28.0 33.0 32.0 18.0 0.0 7.0 24.0 21.0 22.0 19.0 58.0 48.0
106 198.0 211.0 160.0 178.0 159.0 159.0 156.0 139.0 182.0 184.0 173.0 142.0 177.0 179.0 183.0 179.0 174.0 211.0 219.0 211.0 213.0 166.0 191.0 41.0 42.0 56.0 95.0 96.0 98.0 95.0 130.0 106.0 105.0 103.0 107.0 113.0 82.0 86.0 21.0 27.0 26.0 25.0 7.0 0.0 17.0 14.0 16.0 13.0 52.0 42.0
107 189.0 202.0 151.0 169.0 145.0 150.0 146.0 130.0 173.0 175.0 164.0 133.0 167.0 170.0 173.0 170.0 173.0 210.0 218.0 209.0 211.0 164.0 187.0 31.0 41.0 40.0 81.0 82.0 84.0 81.0 116.0 92.0 91.0 89.0 92.0 98.0 68.0 72.0 4.0 11.0 9.0 42.0 24.0 17.0 0.0 3.0 33.0 30.0 69.0 59.0
108 192.0 205.0 154.0 172.0 148.0 153.0 150.0 133.0 176.0 178.0 167.0 136.0 170.0 173.0 177.0 173.0 175.0 211.0 220.0 211.0 213.0 166.0 190.0 35.0 42.0 43.0 84.0 86.0 87.0 84.0 119.0 95.0 94.0 92.0 96.0 102.0 71.0 75.0 7.0 14.0 13.0 39.0 21.0 14.0 3.0 0.0 30.0 27.0 66.0 55.0
110 212.0 224.0 173.0 191.0 173.0 173.0 169.0 152.0 195.0 198.0 187.0 156.0 180.0 192.0 190.0 192.0 178.0 214.0 223.0 214.0 216.0 169.0 194.0 54.0 55.0 73.0 108.0 110.0 111.0 108.0 143.0 120.0 118.0 117.0 120.0 126.0 95.0 100.0 37.0 44.0 43.0 19.0 22.0 17.0 33.0 30.0 0.0 5.0 45.0 34.0
114 209.0 221.0 170.0 188.0 169.0 170.0 166.0 149.0 192.0 194.0 183.0 153.0 185.0 189.0 193.0 189.0 183.0 219.0 228.0 219.0 221.0 174.0 200.0 51.0 52.0 70.0 105.0 107.0 108.0 105.0 140.0 117.0 115.0 113.0 117.0 123.0 92.0 96.0 34.0 41.0 40.0 24.0 19.0 13.0 30.0 27.0 5.0 0.0 39.0 29.0
116 247.0 260.0 209.0 227.0 208.0 208.0 204.0 188.0 225.0 227.0 216.0 191.0 204.0 218.0 214.0 218.0 201.0 238.0 247.0 238.0 240.0 193.0 218.0 89.0 90.0 109.0 144.0 145.0 147.0 144.0 179.0 155.0 153.0 152.0 155.0 161.0 131.0 135.0 73.0 79.0 78.0 62.0 57.0 52.0 69.0 66.0 44.0 39.0 0.0 10.0
119 237.0 250.0 199.0 217.0 198.0 198.0 195.0 178.0 221.0 223.0 212.0 181.0 208.0 218.0 218.0 218.0 205.0 242.0 250.0 242.0 244.0 196.0 222.0 80.0 81.0 99.0 134.0 136.0 137.0 134.0 169.0 145.0 144.0 142.0 146.0 152.0 121.0 125.0 63.0 70.0 68.0 53.0 47.0 42.0 59.0 56.0 34.0 29.0 11.0 0.0

#distancia viaje entre puentes y alojamientos
: 122 123 126 127 128 130 137 140 143 144 146 147:=
2 53.0 78.0 54.0 55.0 24.0 216.0 119.0 123.0 108.0 109.0 180.0 164.0
3 81.0 106.0 32.0 31.0 34.0 228.0 129.0 133.0 118.0 120.0 192.0 177.0
10 73.0 61.0 49.0 49.0 21.0 177.0 78.0 82.0 67.0 69.0 141.0 126.0
13 91.0 79.0 38.0 39.0 21.0 195.0 96.0 100.0 85.0 87.0 159.0 144.0
14 84.0 72.0 71.0 72.0 40.0 176.0 65.0 69.0 55.0 56.0 140.0 126.0
15 72.0 60.0 59.0 60.0 28.0 176.0 78.0 81.0 67.0 68.0 140.0 125.0
20 10.0 36.0 101.0 101.0 70.0 173.0 83.0 87.0 89.0 90.0 137.0 122.0
26 16.0 25.0 121.0 122.0 90.0 164.0 74.0 78.0 80.0 81.0 128.0 113.0
32 37.0 61.0 80.0 80.0 74.0 200.0 110.0 114.0 115.0 117.0 163.0 148.0
33 38.0 63.0 74.0 73.0 67.0 202.0 112.0 116.0 117.0 119.0 165.0 150.0
35 28.0 52.0 84.0 84.0 78.0 191.0 101.0 105.0 106.0 108.0 155.0 139.0
36 11.0 19.0 116.0 116.0 85.0 158.0 69.0 73.0 74.0 75.0 122.0 107.0
37 37.0 55.0 99.0 99.0 93.0 180.0 105.0 109.0 110.0 111.0 156.0 141.0
39 39.0 58.0 98.0 98.0 92.0 194.0 107.0 111.0 112.0 114.0 160.0 145.0
44 42.0 61.0 101.0 101.0 95.0 191.0 110.0 114.0 115.0 117.0 163.0 148.0
45 39.0 58.0 98.0 98.0 92.0 194.0 107.0 111.0 112.0 114.0 160.0 145.0
48 50.0 69.0 113.0 113.0 106.0 178.0 118.0 122.0 124.0 125.0 154.0 139.0
49 104.0 123.0 165.0 165.0 159.0 240.0 172.0 176.0 178.0 179.0 216.0 201.0
50 87.0 106.0 148.0 148.0 142.0 223.0 155.0 159.0 160.0 162.0 199.0 184.0
51 79.0 97.0 140.0 139.0 133.0 215.0 147.0 151.0 152.0 153.0 191.0 175.0
52 103.0 121.0 164.0 163.0 157.0 239.0 171.0 175.0 176.0 177.0 215.0 199.0
57 45.0 64.0 107.0 107.0 101.0 169.0 113.0 117.0 118.0 120.0 145.0 130.0
63 55.0 74.0 115.0 115.0 109.0 195.0 123.0 127.0 129.0 130.0 171.0 155.0
70 105.0 92.0 167.0 168.0 136.0 57.0 52.0 49.0 76.0 78.0 21.0 12.0
71 105.0 92.0 168.0 168.0 136.0 59.0 53.0 51.0 78.0 79.0 24.0 7.0
73 109.0 95.0 168.0 168.0 137.0 76.0 39.0 37.0 64.0 66.0 46.0 32.0
74 72.0 58.0 125.0 126.0 94.0 112.0 2.0 6.0 22.0 23.0 76.0 62.0
76 65.0 51.0 124.0 124.0 93.0 114.0 8.0 12.0 27.0 28.0 78.0 64.0
77 69.0 55.0 127.0 128.0 96.0 116.0 10.0 14.0 31.0 32.0 79.0 65.0
78 68.0 54.0 126.0 127.0 95.0 112.0 6.0 10.0 26.0 28.0 76.0 62.0
81 74.0 61.0 104.0 104.0 73.0 154.0 44.0 48.0 33.0 35.0 118.0 104.0
84 72.0 58.0 114.0 115.0 83.0 123.0 13.0 17.0 17.0 19.0 87.0 73.0
85 73.0 59.0 118.0 118.0 87.0 122.0 11.0 15.0 17.0 18.0 86.0 72.0
86 75.0 62.0 118.0 119.0 87.0 120.0 9.0 13.0 15.0 16.0 83.0 69.0
87 75.0 62.0 114.0 114.0 83.0 124.0 13.0 17.0 10.0 12.0 88.0 74.0
88 68.0 55.0 108.0 108.0 77.0 130.0 19.0 23.0 11.0 12.0 94.0 79.0
93 80.0 66.0 138.0 139.0 107.0 99.0 14.0 15.0 35.0 36.0 63.0 49.0
98 75.0 61.0 134.0 134.0 103.0 104.0 9.0 11.0 30.0 32.0 67.0 53.0
100 133.0 119.0 195.0 196.0 164.0 39.0 74.0 72.0 99.0 101.0 17.0 39.0
101 126.0 112.0 188.0 189.0 157.0 47.0 67.0 65.0 92.0 94.0 17.0 32.0
103 127.0 114.0 189.0 190.0 158.0 46.0 69.0 66.0 93.0 95.0 16.0 33.0
104 152.0 138.0 214.0 215.0 183.0 21.0 98.0 96.0 123.0 125.0 44.0 46.0
105 141.0 127.0 203.0 204.0 172.0 25.0 87.0 85.0 112.0 113.0 33.0 35.0
106 146.0 132.0 208.0 209.0 177.0 19.0 92.0 90.0 117.0 118.0 27.0 40.0
107 136.0 123.0 199.0 199.0 168.0 36.0 78.0 76.0 103.0 104.0 18.0 41.0
108 140.0 126.0 202.0 203.0 171.0 32.0 81.0 79.0 106.0 107.0 17.0 40.0
110 159.0 146.0 221.0 222.0 190.0 3.0 106.0 103.0 130.0 132.0 43.0 53.0
114 156.0 142.0 218.0 219.0 187.0 8.0 102.0 100.0 127.0 129.0 40.0 50.0
116 194.0 181.0 257.0 257.0 226.0 47.0 141.0 139.0 166.0 167.0 79.0 89.0
119 185.0 171.0 247.0 248.0 216.0 37.0 131.0 129.0 156.0 157.0 69.0 79.0

#distancia entre alojamientos y puentes
: 2 3 10 13 14 15 20 26 32 33 35 36 37 39 44 45 48 49 50 51 52 57 63 70 71 73 74 76 77 78 81 84 85 86 87 88 93 98 100 101 103 104 105 106 107 108 110 114 116 119:=
122 53.0 81.0 73.0 91.0 84.0 72.0 10.0 10.0 37.0 38.0 28.0 10.0 37.0 39.0 43.0 39.0 50.0 79.0 87.0 79.0 81.0 45.0 56.0 106.0 106.0 110.0 73.0 66.0 69.0 68.0 67.0 73.0 74.0 77.0 76.0 69.0 81.0 76.0 134.0 127.0 128.0 153.0 142.0 146.0 138.0 141.0 161.0 158.0 197.0 186.0
123 79.0 106.0 60.0 78.0 72.0 60.0 36.0 18.0 61.0 63.0 52.0 21.0 55.0 58.0 61.0 58.0 69.0 98.0 106.0 98.0 99.0 64.0 75.0 92.0 92.0 96.0 59.0 52.0 55.0 54.0 54.0 59.0 60.0 63.0 62.0 56.0 67.0 62.0 120.0 113.0 114.0 139.0 128.0 132.0 124.0 127.0 147.0 144.0 183.0 172.0
126 54.0 32.0 48.0 38.0 71.0 59.0 101.0 114.0 81.0 74.0 85.0 117.0 99.0 99.0 102.0 99.0 113.0 140.0 149.0 140.0 142.0 107.0 116.0 167.0 167.0 166.0 124.0 122.0 125.0 124.0 96.0 112.0 114.0 116.0 112.0 106.0 137.0 132.0 195.0 188.0 189.0 214.0 203.0 208.0 199.0 202.0 222.0 219.0 258.0 247.0
127 55.0 31.0 49.0 38.0 72.0 59.0 101.0 115.0 80.0 73.0 84.0 118.0 99.0 99.0 102.0 98.0 112.0 140.0 148.0 140.0 142.0 107.0 116.0 168.0 168.0 167.0 124.0 123.0 126.0 125.0 96.0 113.0 115.0 117.0 113.0 107.0 138.0 133.0 196.0 189.0 190.0 215.0 204.0 208.0 199.0 203.0 223.0 219.0 259.0 248.0
128 24.0 34.0 21.0 21.0 40.0 28.0 70.0 83.0 74.0 67.0 78.0 87.0 93.0 92.0 95.0 92.0 106.0 134.0 142.0 134.0 135.0 101.0 109.0 137.0 137.0 136.0 93.0 91.0 95.0 94.0 65.0 82.0 83.0 86.0 82.0 76.0 106.0 102.0 164.0 157.0 159.0 183.0 173.0 177.0 168.0 171.0 191.0 188.0 228.0 217.0
130 214.0 227.0 176.0 194.0 175.0 175.0 172.0 155.0 198.0 200.0 189.0 158.0 183.0 195.0 193.0 195.0 180.0 217.0 225.0 217.0 219.0 172.0 197.0 57.0 58.0 76.0 111.0 113.0 114.0 111.0 146.0 122.0 121.0 119.0 123.0 129.0 98.0 102.0 40.0 47.0 45.0 21.0 24.0 19.0 36.0 33.0 3.0 8.0 47.0 37.0
137 120.0 130.0 79.0 97.0 66.0 79.0 83.0 66.0 110.0 112.0 101.0 70.0 104.0 107.0 110.0 107.0 118.0 146.0 155.0 146.0 148.0 112.0 123.0 52.0 53.0 40.0 2.0 8.0 6.0 6.0 37.0 14.0 11.0 10.0 13.0 20.0 14.0 10.0 75.0 68.0 69.0 99.0 88.0 92.0 79.0 82.0 107.0 103.0 143.0 132.0
140 123.0 134.0 83.0 101.0 70.0 82.0 87.0 70.0 113.0 116.0 105.0 74.0 108.0 110.0 114.0 110.0 122.0 150.0 158.0 150.0 152.0 116.0 127.0 50.0 51.0 37.0 5.0 12.0 10.0 9.0 40.0 17.0 15.0 14.0 17.0 24.0 14.0 10.0 73.0 66.0 67.0 96.0 86.0 90.0 77.0 80.0 104.0 101.0 141.0 130.0
143 109.0 119.0 69.0 87.0 56.0 68.0 88.0 71.0 115.0 117.0 106.0 75.0 109.0 111.0 115.0 111.0 123.0 151.0 160.0 151.0 153.0 117.0 128.0 77.0 79.0 65.0 22.0 27.0 27.0 27.0 26.0 17.0 17.0 15.0 11.0 11.0 36.0 31.0 100.0 93.0 94.0 124.0 113.0 117.0 104.0 107.0 132.0 129.0 168.0 157.0
144 110.0 121.0 70.0 88.0 57.0 69.0 89.0 73.0 116.0 118.0 107.0 76.0 110.0 113.0 116.0 113.0 124.0 153.0 161.0 152.0 154.0 119.0 129.0 78.0 80.0 66.0 23.0 28.0 28.0 28.0 27.0 19.0 18.0 16.0 12.0 12.0 37.0 33.0 101.0 94.0 96.0 125.0 114.0 119.0 105.0 108.0 133.0 130.0 169.0 159.0
146 180.0 192.0 142.0 160.0 141.0 141.0 137.0 120.0 164.0 166.0 155.0 124.0 158.0 160.0 164.0 160.0 157.0 194.0 202.0 194.0 196.0 149.0 174.0 22.0 24.0 45.0 76.0 78.0 80.0 76.0 111.0 88.0 86.0 85.0 88.0 94.0 63.0 68.0 18.0 16.0 15.0 43.0 33.0 27.0 18.0 19.0 43.0 40.0 80.0 69.0
147 163.0 175.0 125.0 143.0 125.0 124.0 120.0 103.0 147.0 149.0 138.0 107.0 141.0 143.0 147.0 143.0 142.0 179.0 187.0 179.0 181.0 134.0 159.0 12.0 5.0 32.0 61.0 62.0 64.0 60.0 95.0 72.0 70.0 69.0 72.0 78.0 48.0 52.0 39.0 32.0 33.0 46.0 35.0 40.0 40.0 41.0 54.0 51.0 90.0 80.0

#distancia entre depositos y puentes
: 2 3 10 13 14 15 20 26 32 33 35 36 37 39 44 45 48 49 50 51 52 57 63 70 71 73 74 76 77 78 81 84 85 86 87 88 93 98 100 101 103 104 105 106 107 108 110 114 116 119:=
0 60.0 59.0 96.0 101.0 108.0 96.0 39.0 32.0 14.0 16.0 5.0 33.0 11.0 10.0 14.0 10.0 23.0 51.0 60.0 51.0 53.0 19.0 27.0 129.0 130.0 133.0 96.0 89.0 92.0 92.0 91.0 96.0 97.0 101.0 99.0 92.0 104.0 99.0 157.0 150.0 151.0 170.0 165.0 170.0 161.0 164.0 184.0 181.0 208.0 210.0
1 141.0 151.0 100.0 118.0 87.0 100.0 102.0 86.0 129.0 131.0 120.0 89.0 123.0 126.0 129.0 126.0 135.0 166.0 174.0 165.0 167.0 127.0 143.0 38.0 40.0 26.0 23.0 27.0 27.0 25.0 58.0 35.0 33.0 31.0 35.0 41.0 15.0 17.0 61.0 54.0 55.0 85.0 74.0 79.0 65.0 68.0 93.0 90.0 129.0 119.0

#distancia entre puentes y depositos
: 0 1:=
2 59.0 140.0
3 59.0 150.0
10 97.0 99.0
13 101.0 117.0
14 108.0 86.0
15 96.0 99.0
20 40.0 103.0
26 38.0 93.0
32 14.0 129.0
33 16.0 131.0
35 5.0 120.0
36 33.0 88.0
37 11.0 124.0
39 10.0 126.0
44 13.0 129.0
45 10.0 126.0
48 24.0 134.0
49 77.0 191.0
50 59.0 174.0
51 51.0 166.0
52 75.0 190.0
57 19.0 125.0
63 27.0 143.0
70 128.0 38.0
71 129.0 39.0
73 132.0 26.0
74 96.0 23.0
76 89.0 27.0
77 92.0 29.0
78 91.0 25.0
81 97.0 65.0
84 95.0 34.0
85 96.0 32.0
86 99.0 30.0
87 98.0 34.0
88 91.0 40.0
93 103.0 15.0
98 99.0 17.0
100 156.0 60.0
101 149.0 54.0
103 150.0 55.0
104 175.0 85.0
105 164.0 73.0
106 169.0 78.0
107 160.0 64.0
108 163.0 67.0
110 182.0 92.0
114 179.0 89.0
116 212.0 127.0
119 208.0 118.0

;