set O:= 0 1;
set N:= 3 4 16 21 32 33 37 59 63 74 76 78 92 104 105;
set M:= 124 130 131 140 144;
set K:= 1 2 3;
param D:= 100;
param Q:= 540;
param v:= 2000000;
param f:= 
124 63000
130 45000
131 73862
140 48596
144 52000
;
param:	xcoord ycoord w q:=
0 -32.75044 -70.72613 0 1 
1 -33.0433 -71.624 0 1 
3 -32.35092 -70.79153 105 1 
4 -32.44056 -71.00665 106 1 
16 -32.21823 -70.82151 78 1 
21 -32.80094 -70.95847 94 1 
32 -32.66447 -70.697 94 1 
33 -32.62252 -70.72251 72 1 
37 -32.81691 -70.71195 53 1 
59 -32.83316 -70.70835 85 1 
63 -32.76227 -70.50125 44 1 
74 -32.91961 -71.50488 57 1 
76 -32.93269 -71.43975 112 1 
78 -32.93288 -71.46643 63 1 
92 -33.58655 -71.52943 57 1 
104 -33.61332 -71.40226 39 1 
105 -33.53115 -71.54035 119 1 
124 -32.85659 -70.41855 0 1 
130 -33.65802 -71.56785 0 1 
131 -33.65502 -71.62965 0 1 
140 -32.93024 -71.55027 0 1 
144 -32.77144 -71.53401 0 1 
;
param d[*,*]
#distancia de viaje entre puentes
: 3 4 16 21 32 33 37 59 63 74 76 78 92 104 105:=
3 0.0 26.0 19.0 83.0 50.0 43.0 68.0 70.0 85.0 127.0 125.0 128.0 212.0 217.0 207.0
4 26.0 0.0 45.0 71.0 66.0 59.0 84.0 86.0 101.0 101.0 100.0 102.0 186.0 192.0 181.0
16 19.0 45.0 0.0 101.0 68.0 61.0 87.0 89.0 103.0 135.0 134.0 136.0 220.0 226.0 215.0
21 83.0 71.0 101.0 0.0 39.0 40.0 34.0 36.0 53.0 71.0 64.0 66.0 146.0 151.0 140.0
32 50.0 66.0 68.0 39.0 0.0 7.0 24.0 25.0 40.0 109.0 102.0 104.0 184.0 182.0 178.0
33 43.0 59.0 61.0 40.0 7.0 0.0 26.0 27.0 42.0 111.0 104.0 106.0 186.0 184.0 180.0
37 69.0 84.0 87.0 34.0 24.0 26.0 0.0 3.0 27.0 103.0 96.0 99.0 175.0 162.0 169.0
59 70.0 86.0 89.0 36.0 26.0 28.0 3.0 0.0 27.0 105.0 98.0 101.0 173.0 160.0 167.0
63 85.0 101.0 103.0 53.0 40.0 42.0 27.0 27.0 0.0 122.0 115.0 118.0 189.0 176.0 184.0
74 128.0 103.0 137.0 71.0 109.0 111.0 103.0 105.0 122.0 0.0 7.0 5.0 96.0 101.0 91.0
76 126.0 101.0 135.0 64.0 102.0 104.0 96.0 98.0 115.0 7.0 0.0 3.0 98.0 103.0 93.0
78 129.0 103.0 138.0 67.0 104.0 106.0 99.0 101.0 118.0 4.0 3.0 0.0 96.0 101.0 91.0
92 211.0 185.0 220.0 145.0 182.0 184.0 177.0 175.0 192.0 95.0 97.0 95.0 0.0 19.0 7.0
104 217.0 191.0 226.0 151.0 188.0 190.0 175.0 173.0 189.0 101.0 103.0 101.0 18.0 0.0 18.0
105 206.0 180.0 214.0 140.0 177.0 179.0 171.0 170.0 186.0 90.0 91.0 90.0 8.0 18.0 0.0

#distancia viaje entre puentes y alojamientos
: 124 130 131 140 144:=
3 93.0 228.0 226.0 133.0 120.0
4 109.0 202.0 200.0 107.0 94.0
16 111.0 236.0 234.0 141.0 128.0
21 60.0 162.0 160.0 76.0 79.0
32 48.0 200.0 198.0 114.0 117.0
33 50.0 202.0 200.0 116.0 119.0
37 30.0 180.0 187.0 109.0 111.0
59 31.0 178.0 185.0 110.0 113.0
63 30.0 195.0 201.0 127.0 130.0
74 129.0 112.0 110.0 6.0 23.0
76 121.0 114.0 112.0 12.0 28.0
78 124.0 112.0 110.0 10.0 28.0
92 195.0 22.0 20.0 90.0 119.0
104 192.0 21.0 28.0 96.0 125.0
105 189.0 25.0 23.0 85.0 113.0

#distancia entre alojamientos y puentes
: 3 4 16 21 32 33 37 59 63 74 76 78 92 104 105:=
124 92.0 108.0 111.0 60.0 47.0 50.0 30.0 31.0 30.0 129.0 122.0 124.0 192.0 179.0 187.0
130 227.0 201.0 236.0 161.0 198.0 200.0 183.0 181.0 197.0 111.0 113.0 111.0 21.0 21.0 24.0
131 225.0 199.0 234.0 159.0 196.0 198.0 189.0 187.0 203.0 109.0 111.0 109.0 19.0 28.0 22.0
140 134.0 108.0 142.0 76.0 113.0 116.0 108.0 110.0 127.0 5.0 12.0 9.0 91.0 96.0 86.0
144 121.0 95.0 129.0 78.0 116.0 118.0 110.0 112.0 129.0 23.0 28.0 28.0 120.0 125.0 114.0

#distancia entre depositos y puentes
: 3 4 16 21 32 33 37 59 63 74 76 78 92 104 105:=
0 59.0 75.0 77.0 27.0 14.0 16.0 11.0 13.0 27.0 96.0 89.0 92.0 171.0 170.0 165.0
1 151.0 125.0 160.0 91.0 129.0 131.0 123.0 125.0 143.0 23.0 27.0 25.0 80.0 85.0 74.0

#distancia entre puentes y depositos
: 0 1:=
3 59.0 150.0
4 75.0 124.0
16 77.0 158.0
21 27.0 91.0
32 14.0 129.0
33 16.0 131.0
37 11.0 124.0
59 12.0 126.0
63 27.0 143.0
74 96.0 23.0
76 89.0 27.0
78 91.0 25.0
92 169.0 79.0
104 175.0 85.0
105 164.0 73.0

;